0
0
0
0
0
81
118
118
118
196
219
273
308
373
373
460
481
526
532
583
657
664
664
668
735
736
740
779
780
780
780
780
780
780
807
807
814
814
814
814
814
814
825
845
856
858
890
953
1006
1006
1006
1018
1037
1081
1181
1236
1236
1236
1236
1249
1264
1288
1305
1305
1305
1371
1371
1399
1399
1399
1399
1399
1402
1486
1528
1582
1582
1582
1591
1613
1613
1647
1692
1692
1706
1735
1772
1772
1832
1842
1842
1842
1866
1866
1866
1897
1912
1986
1986
1986
1986
2014
2073
2073
2073
2137
2159
2159
2169
2187
2254
2276
2309
2331
2395
2453
2456
2500
2500
2562
2568
2585
2585
2585
2701
2794
2877
2907
3005
3059
3059
3087
3100
3197
3253
3256
3305
3352
3352
3352
3400
3458
3498
3498
3498
3498
3523
3597
3700
3796
3796
3796
3796
3836
3836
3866
3958
3979
3986
3986
3987
4086
4133
4133
4133
4145
4145
4145
4197
4220
4242
4262
4324
4377
4377
4411
4450
4452
4452
4462
4462
4547
4647
4664
4686
4745
4838
4838
4847
4847
4847
4864
4864
4908
4956
4956
4956
5027
5052
5065
5066
5099
5099
5099
5099
5159
5208
5208
5216
5220
5220
5220
5277
5344
5364
5392
5392
5402
5402
5404
5419
5419
5443
5448
5448
5448
5508
5587
5587
5589
5595
5640
5652
5669
5753
5854
5897
5897
5897
5906
5993
5996
6037
6064
6064
6064
6064
6086
6162
6162
6162
6167
6167
6235
6235
6235
6235
6235
6265
6285
6326
6360
6509
6517
6517
6517
6562
6587
6587
6587
6621
6683
6764
6770
6792
6814
6848
6939
6971
6971
6971
6977
6977
6994
6995
6995
6995
7040
7040
7106
7106
7106
7106
7110
7141
7144
7172
7190
7259
7259
7259
7272
7292
7317
7365
7419
7470
7522
7648
7735
7830
7860
7938
7982
8032
8045
8067
8165
8192
8209
8218
8263
8286
8291
8345
8369
8390
8393
8462
8462
8462
8468
8468
8476
8505
8570
8595
8701
8702
8715
8736
8809
8817
8903
8903
8939
8939
8943
8958
9038
9041
9041
9046
9105
9129
9138
9138
9138
9153
9218
9328
9328
9371
9444
9476
9476
9476
9487
9503
9552
9569
9569
9588
9661
9725
9733
9802
9837
9837
9837
9837
9837
9842
9857
9857
9857
9904
9909
9923
9925
9980
9987
10019
10129
10131
10131
10165
10165
10165
10165
10246
10266
10301
10329
10352
10352
10352
10352
10385
10385
10390
10390
10405
10405
10474
10548
10598
10598
10609
10609
10654
10654
10720
10801
10853
10853
10853
10889
10889
10898
10961
10990
10990
10990
10990
11008
11008
11042
11042
11042
11042
11092
11092
11092
11127
11149
11181
11230
11230
11240
11305
11322
11322
11322
11337
11390
11390
11442
11548
11633
11718
11788
11793
11851
11892
11904
11958
11958
11980
11999
12014
12050
12051
12083
12152
12194
12218
12288
12288
12288
12288
12297
12401
12476
12513
12636
12710
12712
12712
12725
12768
12792
12826
12844
12888
12934
13029
13073
13118
13118
13124
