0
6
10
14
41
54
55
72
97
97
100
116
117
137
137
137
143
143
166
174
183
183
183
183
183
199
199
199
199
200
233
258
286
286
305
309
310
310
317
368
405
407
418
426
432
482
495
500
500
562
588
588
621
624
624
624
638
687
687
687
687
687
699
747
774
821
870
896
896
907
911
919
967
984
984
1011
1038
1058
1082
1131
1187
1202
1241
1276
1276
1276
1312
1318
1321
1354
1407
1429
1458
1461
1461
1461
1481
1507
1523
1538
1560
1577
1588
1606
1606
1628
1628
1644
1644
1697
1741
1763
1811
1825
1830
1868
1884
1907
1942
1947
1956
2027
2060
2094
2112
2112
2120
2158
2167
2186
2199
2212
2212
2268
2318
2323
2353
2360
2374
2384
2412
2412
2432
2440
2440
2454
2454
2480
2531
2531
2566
2573
2582
2598
2640
2657
2669
2684
2684
2688
2692
2722
2725
2725
2748
2748
2760
2767
2767
2767
2785
2813
2823
2823
2823
2842
2860
2884
2897
2900
2936
2938
2938
2938
2951
2960
2960
2995
3016
3016
3025
3051
3101
3108
3108
3127
3149
3156
3156
3156
3188
3201
3201
3202
3213
3213
3244
3272
3294
3294
3311
3311
3319
3348
3378
3378
3400
3410
3438
3438
3438
3438
3478
3495
3498
3500
3500
3517
3548
3548
3548
3588
3599
3635
3642
3671
3671
3685
3696
3698
3700
3738
3738
3753
3805
3830
3830
3830
3830
3879
3960
3970
3978
4034
4067
4087
4087
4087
4100
4117
4127
4147
4147
4150
4150
4150
4191
4196
4289
4300
4339
4339
4358
4360
4401
4401
4401
4430
4451
4455
4455
4466
4481
4485
4499
4516
4516
4539
4618
4632
4634
4639
4651
4688
4724
4802
4808
4863
4878
4941
4948
4948
4951
4965
4979
4981
4987
4987
5021
5043
5046
5113
5171
5171
5171
5208
5208
5231
5246
5246
5246
5274
5320
5320
5320
5328
5333
5333
5333
5333
5333
5356
5374
5380
5388
5417
5429
5433
5481
5524
5538
5549
5563
5576
5584
5584
5584
5584
5584
5591
5592
5592
5596
5659
5676
5687
5687
5691
5691
5702
5702
5702
5718
5733
5740
5773
5773
5797
5813
5813
5813
5813
5813
5813
5826
5878
5878
5878
5878
5889
5926
5926
5926
5953
5966
5991
5992
5992
6011
6029
6029
6029
6032
6033
6092
6150
6163
6163
6187
6192
6192
6225
6248
6248
6272
6272
6299
6299
6299
6305
6305
6315
6342
6367
6392
6455
6490
6490
6525
6563
6565
6605
6623
6639
6659
6720
6721
6723
6753
6768
6791
6797
6834
6843
6843
6861
6861
6905
6947
6990
7052
7074
7108
7108
7109
7143
7151
7156
7160
7182
7194
7237
7245
7256
7292
7301
7321
7321
7391
7417
7444
7456
7504
7504
7540
7547
7569
7626
7626
7654
7674
7696
7734
7765
7765
7789
7808
7816
7862
7862
7862
7862
7913
8002
8014
8073
8124
8170
8209
8218
8229
8254
8265
8293
8308
8311
8319
8339
8339
8358
8404
