0
0
78
78
78
138
167
204
236
289
289
294
328
328
328
396
396
414
458
549
549
549
549
596
745
795
806
875
970
1008
1008
1008
1014
1058
1058
1104
1104
1104
1105
1105
1176
1176
1310
1369
1444
1444
1444
1471
1544
1544
1544
1555
1629
1629
1629
1641
1663
1663
1667
1721
1721
1755
1902
1907
1922
1922
1938
1998
2044
2209
2209
2254
2342
2442
2471
2471
2471
2478
2509
2509
2519
2519
2571
2612
2612
2719
2842
2843
2843
2902
2902
2931
2961
2961
2961
3000
3090
3090
3090
3090
3103
3103
3103
3103
3103
3140
3167
3170
3178
3218
3250
3250
3265
3417
3430
3447
3481
3481
3515
3515
3515
3515
3515
3519
3519
3519
3519
3576
3652
3680
3680
3680
3680
3687
3687
3687
3709
3726
3726
3795
3795
3825
3863
3863
3863
3863
3863
3863
3876
3966
3966
3966
3966
3977
4044
4044
4044
4061
4114
4151
4151
4151
4153
4207
4207
4207
4207
4207
4291
4414
4442
4442
4467
4490
4490
4534
4586
4586
4621
4621
4667
4667
4667
4667
4667
4667
4721
4749
4815
4904
4998
4998
5033
5088
5108
5168
5188
5243
5243
5329
5386
5386
5418
5457
5504
5510
5575
5585
5585
5605
5605
5678
5743
5835
5851
5981
6034
6034
6034
6034
6101
6106
6106
6148
6169
6216
6266
6266
6346
6346
6390
6390
6471
6562
6590
6607
6712
6712
6753
6786
6822
6903
6928
6971
6998
7038
7086
7160
7160
7190
7230
7230
7322
7322
7322
7322
7354
7577
7583
7660
7739
7850
7950
7959
7965
8019
8028
8072
8102
8105
8112
8153
8153
8182
8260
8260
8260
8352
8376
8430
8514
8542
8542
8549
8549
8549
8549
8549
8549
8549
8565
8576
8576
8576
8590
8593
8604
8675
8787
8787
8787
8823
8826
8848
8918
8918
8947
8951
8951
8953
9007
9130
9164
9164
9172
9213
9225
9229
9235
9297
9297
9297
9324
9324
9354
9354
9354
9357
9357
9391
9401
9420
9420
9420
9420
9420
9444
9444
9444
9444
9444
9493
9544
9593
9595
9610
9628
9628
9628
9635
9707
9798
9803
9809
9832
9837
9925
9952
9958
9958
10070
10114
10114
10173
10176
10176
10176
10179
10280
10280
10280
10280
10280
10292
10382
10422
10481
10587
10650
10650
10658
10666
10666
10745
10790
10790
10803
10868
10918
10959
11007
11144
11179
11241
11309
11309
11309
11368
11380
11382
11432
11534
11534
11616
11626
11626
11626
11626
11706
11734
11744
11795
11823
11829
11875
11875
11909
11909
11934
11934
12011
12105
12129
12204
12255
12255
12315
12352
12386
12438
12449
12460
12596
12624
12718
12742
12742
12748
12826
12839
12867
12895
12914
12914
12999
13103
13103
13145
13157
13193
13203
13256
13256
13281
13298
13298
13313
13313
13356
13451
13451
13510
13512
13540
13561
13639
13665
13686
13714
13714
13714
13714
13766
13766
13766
13802
13802
13802
13828
13828
13828
13854
13901
13920
13920
13920
13950
13973
14023
14041
14041
14102
14102
14102
14102
14117
14127
14127
14174
14220
14220
