0
0
0
54
54
78
78
78
78
78
82
129
159
229
229
229
229
257
257
265
320
320
333
347
385
385
418
442
442
444
465
465
465
482
501
563
563
563
563
563
632
632
632
683
701
701
714
726
779
793
798
829
890
934
934
973
973
1023
1030
1043
1043
1043
1116
1199
1250
1296
1356
1412
1412
1429
1442
1508
1547
1564
1596
1640
1640
1640
1675
1728
1760
1760
1760
1760
1784
1819
1920
1968
1993
1993
1993
2026
2026
2052
2121
2138
2145
2145
2147
2181
2264
2264
2264
2276
2276
2276
2298
2338
2359
2374
2414
2464
2464
2491
2524
2524
2524
2534
2537
2603
2678
2693
2713
2758
2816
2831
2843
2843
2843
2860
2860
2893
2933
2935
2935
2990
2990
3020
3020
3048
3048
3048
3048
3097
3098
3139
3139
3153
3153
3153
3169
3249
3249
3293
3293
3293
3302
3302
3321
3321
3340
3346
3346
3346
3391
3455
3455
3455
3465
3493
3514
3528
3595
3637
3707
3707
3707
3715
3764
3787
3804
3841
3841
3841
3841
3857
3919
3919
3919
3926
3926
3980
3980
3980
3980
3980
3990
4019
4051
4069
4145
4201
4201
4201
4238
4261
4261
4261
4287
4337
4398
4398
4421
4421
4467
4512
4562
4562
4562
4562
4568
4584
4588
4588
4588
4601
4623
4662
4672
4672
4672
4680
4705
4710
4726
4748
4803
4803
4803
4815
4825
4851
4885
4933
4964
5010
5085
5178
5223
5274
5337
5367
5393
5421
5440
5512
5527
5550
5557
5595
5617
5625
5634
5687
5687
5704
5746
5761
5761
5768
5768
5768
5800
5851
5872
5952
5952
5964
5981
6035
6041
6110
6110
6116
6140
6140
6159
6173
6219
6219
6224
6273
6293
6301
6301
6301
6314
6359
6449
6452
6489
6526
6571
6571
6571
6575
6600
6641
6654
6654
6675
6732
6777
6777
6839
6859
6859
6859
6859
6859
6866
6870
6879
6879
6901
6924
6937
6938
6961
6989
7000
7100
7100
7103
7118
7132
7132
7132
7168
7213
7213
7260
7283
7283
7283
7283
7283
7309
7318
7318
7330
7330
7373
7432
7480
7480
7490
7491
7526
7526
7557
7637
7678
7684
7684
7684
7714
7723
7749
7796
7796
7796
7796
7812
7812
7830
7838
7838
7838
7878
7878
7878
7900
7924
7952
7960
7991
7997
8028
8062
8062
8062
8075
8117
8117
8138
8234
8304
8370
8390
8429
8461
8508
8508
8560
8562
8582
8597
8611
8637
8642
8664
8696
8753
8774
8823
8828
8828
8828
8840
8906
8977
8998
9065
9157
9160
9160
9160
9184
9222
9252
9263
9293
9334
9411
9443
9464
9477
9485
9485
9489
9513
9564
9600
9600
9600
9624
9654
9686
9753
9754
9754
9760
9776
9831
9831
9855
9855
9855
9867
9900
9928
9982
10090
10090
10092
10096
10169
10222
10298
10298
10323
10349
10383
10416
10454
10472
10472
10472
10472
10537
10567
10567
10567
10629
10651
10692
10719
10767
10767
10835
10853
10889
10896
10935
10993
10998
10998
11004
11055
11059
