0
59
66
81
128
191
251
277
304
333
392
402
413
428
428
464
598
724
754
826
911
955
955
984
1087
1117
1172
1172
1272
1278
1278
1325
1397
1439
1439
1439
1439
1439
1508
1646
1667
1774
1774
1774
1816
1816
1849
1953
1965
1986
1986
1986
1986
2138
2147
2147
2163
2163
2163
2171
2231
2250
2295
2312
2425
2425
2425
2507
2509
2509
2517
2517
2542
2717
2741
2741
2828
2846
2931
2934
2945
2945
2945
2966
2967
3071
3071
3071
3150
3150
3191
3191
3219
3229
3229
3229
3295
3296
3353
3353
3368
3368
3368
3368
3506
3506
3563
3563
3563
3571
3571
3591
3591
3591
3619
3621
3621
3681
3721
3776
3776
3785
3785
3843
3873
3910
4018
4126
4126
4126
4126
4165
4239
4242
4316
4316
4316
4316
4316
4366
4427
4427
4433
4433
4482
4510
4510
4510
4510
4516
4552
4612
4614
4706
4820
4820
4820
4844
4878
4895
4895
4918
5000
5051
5093
5124
5124
5150
5224
5323
5329
5329
5329
5336
5336
5359
5359
5359
5360
5407
5407
5477
5477
5477
5483
5505
5526
5526
5576
5651
5651
5651
5660
5670
5713
5713
5802
5860
5917
5955
6132
6230
6320
6347
6449
6459
6514
6541
6649
6657
6707
6718
6768
6768
6796
6802
6889
6889
6914
6968
6991
6991
6991
6997
6997
7040
7080
7141
7194
7258
7269
7297
7381
7386
7483
7483
7483
7523
7523
7545
7569
7636
7636
7642
7642
7732
7743
7743
7743
7747
7808
7894
7954
7954
8038
8123
8123
8123
8124
8156
8182
8234
8234
8253
8326
8395
8405
8476
8523
8523
8523
8523
8523
8529
8529
8543
8543
8543
8602
8618
8618
8619
8687
8689
8769
8846
8849
8859
8887
8887
8887
8934
9000
9000
9037
9081
9094
9094
9094
9094
9130
9137
9137
9152
9152
9189
9257
9358
9366
9378
9378
9427
9427
9468
9537
9637
9648
9648
9648
9688
9688
9721
9794
9800
9800
9800
9800
9826
9826
9862
9862
9862
9869
9921
9921
9921
9984
10014
10022
10077
10088
10112
10179
10179
10179
10190
10236
10255
10284
10389
10524
10589
10617
10699
10699
10782
10811
10883
10883
10906
10906
10930
10971
10990
10990
11024
11121
11161
11175
11254
11254
11254
11265
11332
11409
11474
11562
11720
11728
11728
11728
11761
11817
11821
11861
11906
11948
12007
12123
12123
12171
12179
12179
12179
12218
12262
12334
12334
12334
12334
12404
12404
12524
12545
12545
12546
12569
12608
12642
12672
12672
12672
12672
12734
12773
12843
12980
13001
13001
13005
13114
13131
13283
13299
13299
13366
13369
13467
13485
13545
13545
13545
13545
13562
13681
13681
13681
13770
13793
13829
13893
13937
13967
14017
14087
14117
14132
14195
14217
14285
14285
14288
14358
14368
14368
14416
14417
14417
14417
14417
14417
14417
14422
14445
14453
14453
14453
14453
14453
14453
14472
14472
14507
14507
14519
14596
14674
14674
14674
14678
14711
14711
14764
14905
14936
14936
14936
14936
14965
14993
15009
15009
15009
15079
15079
15109
15109
15109
15109
15109
15109
