0
0
12
63
102
114
172
249
373
387
398
398
483
496
507
550
568
568
600
744
758
795
814
849
854
912
912
912
937
954
954
969
991
1107
1107
1166
1166
1198
1219
1275
1306
1345
1371
1372
1372
1372
1424
1424
1424
1459
1459
1459
1487
1487
1487
1497
1522
1558
1577
1577
1577
1630
1680
1680
1698
1729
1759
1759
1759
1759
1778
1786
1813
1874
1880
1880
1914
2005
2041
2041
2041
2082
2107
2120
2120
2173
2196
2196
2196
2209
2209
2209
2262
2339
2356
2363
2376
2376
2437
2490
2490
2502
2523
2587
2587
2587
2587
2587
2681
2692
2692
2692
2692
2774
2774
2774
2835
2864
2864
2933
2987
2987
2992
3027
3027
3027
3093
3093
3112
3131
3244
3247
3247
3247
3289
3426
3479
3497
3534
3629
3706
3706
3706
3706
3755
3755
3799
3799
3799
3799
3799
3799
3869
3950
4062
4121
4137
4138
4164
4238
4238
4238
4239
4305
4324
4324
4324
4337
4358
4359
4403
4414
4414
4552
4600
4615
4615
4631
4681
4703
4842
4902
4947
5034
5119
5165
5165
5165
5172
5177
5200
5210
5210
5215
5287
5303
5374
5516
5534
5534
5593
5594
5605
5654
5654
5654
5694
5774
5783
5783
5783
5797
5797
5797
5797
5797
5815
5849
5861
5870
5901
5936
5943
5954
6091
6124
6141
6174
6174
6206
6206
6206
6206
6206
6209
6209
6209
6209
6250
6340
6368
6368
6368
6368
6375
6375
6375
6397
6415
6415
6484
6484
6484
6533
6554
6554
6554
6554
6554
6560
6655
6655
6655
6655
6655
6721
6734
6734
6741
6803
6840
6840
6840
6840
6896
6896
6896
6896
6896
6896
7075
7131
7131
7151
7179
7179
7213
7274
7274
7308
7309
7352
7354
7354
7354
7354
7354
7366
7413
7484
7585
7685
7685
7719
7773
7794
7808
7871
7929
7929
7989
8073
8073
8102
8133
8192
8192
8254
8273
8273
8293
8293
8360
8420
8474
8530
8662
8700
8725
8725
8725
8791
8796
8796
8836
8859
8891
8956
8956
8998
9036
9057
9080
9147
9250
9252
9295
9401
9401
9437
9477
9495
9572
9618
9662
9670
9724
9771
9840
9852
9858
9922
9922
9960
10013
10013
10013
10029
10258
10274
10322
10405
10522
10643
10647
10654
10683
10712
10763
10779
10794
10798
10844
10844
10874
10926
10952
10952
11027
11051
11124
11191
11235
11235
11242
11242
11242
11242
11242
11242
11242
11256
11257
11267
11267
11281
11281
11295
11344
11470
11479
11479
11514
11519
11540
11610
11610
11640
11642
11642
11642
11643
11819
11843
11851
11861
11861
11908
11918
11925
11987
11987
11987
12015
12015
12044
12044
12044
12048
12048
12048
12082
12111
12111
12111
12111
12111
12135
12135
12135
12135
12135
12184
12229
12268
12285
12285
12319
12319
12319
12325
12390
12480
12494
12494
12523
12526
12595
12622
12650
12650
12759
12807
12807
12840
12869
12869
12869
12869
12973
12973
12973
12973
12973
12986
13021
13076
13149
13236
13343
13343
13344
13359
13359
13413
13485
13485
13485
13539
13613
13614
