0
0
0
0
13
37
37
74
134
160
187
222
222
258
270
291
303
312
321
336
343
365
365
384
419
432
446
478
478
478
478
501
536
567
587
656
669
672
672
691
715
715
736
741
775
787
835
844
869
869
877
877
899
907
934
959
959
959
991
991
1028
1049
1049
1055
1069
1069
1101
1117
1119
1120
1120
1146
1159
1193
1208
1256
1256
1263
1299
1307
1355
1381
1381
1403
1413
1450
1454
1486
1486
1486
1489
1491
1543
1543
1543
1554
1589
1600
1631
1631
1660
1666
1706
1715
1727
1756
1763
1793
1793
1800
1808
1828
1828
1851
1851
1852
1852
1855
1855
1856
1856
1872
1872
1881
1881
1886
1886
1886
1898
1898
1916
1916
1926
1954
1990
1992
1992
1992
2010
2010
2035
2094
2107
2108
2108
2108
2122
2140
2149
2150
2152
2152
2186
2186
2202
2202
2202
2207
2207
2214
2254
2300
2305
2305
2305
2316
2327
2327
2366
2368
2372
2394
2411
2416
2421
2451
2451
2452
2468
2468
2468
2468
2494
2510
2532
2535
2535
2535
2577
2577
2577
2594
2614
2620
2621
2632
2663
2669
2681
2705
2728
2757
2769
2780
2796
2821
2829
2837
2845
2848
2869
2917
2965
2978
3004
3039
3059
3059
3075
3114
3125
3150
3150
3195
3197
3197
3221
3251
3271
3273
3273
3273
3276
3305
3357
3365
3405
3405
3405
3417
3425
3442
3479
3486
3494
3494
3498
3503
3551
3565
3565
3577
3577
3580
3580
3611
3618
3632
3648
3696
3696
3699
3735
3735
3735
3735
3746
3750
3811
3841
3841
3879
3879
3924
3930
3937
3937
3939
3951
3955
3990
3995
3998
4017
4034
4055
4055
4071
4074
4074
4074
4090
4107
4134
4134
4144
4149
4149
4149
4206
4206
4235
4235
4240
4248
4252
4262
4263
4263
4278
4278
4279
4302
4323
4345
4345
4355
4355
4388
4401
4416
4456
4498
4498
4498
4498
4512
4546
4547
4581
4581
4581
4581
4581
4599
4628
4628
4636
4636
4636
4671
4671
4671
4674
4674
4696
4718
4726
4753
4810
4810
4810
4811
4836
4851
4851
4864
4890
4905
4931
4947
4947
4962
4978
5029
5030
5030
5031
5038
5038
5051
5051
5054
5056
5076
5076
5107
5107
5107
5113
5124
5135
5135
5159
5193
5197
5197
5201
5209
5225
5225
5263
5273
5313
5326
5380
5413
5466
5474
5524
5532
5554
5558
5588
5608
5627
5638
5662
5662
5677
5684
5723
5725
5738
5764
5774
5777
5777
5783
5783
5804
5806
5847
5852
5893
5899
5915
5946
5951
5980
5993
5993
6012
6012
6027
6035
6061
6061
6064
6064
6104
6113
6113
6113
6113
6145
6171
6205
6207
6233
6273
6273
6273
6285
6302
6307
6341
6341
6354
6376
6402
6412
6446
6449
6464
6464
6464
6464
6471
6471
6483
6483
6483
6511
6522
6522
6526
6556
6562
6584
6622
6627
6633
6648
6648
6648
6661
6696
6696
6715
6737
6742
6742
6742
6742
6761
6769
6769
6780
6780
6785
