0
29
40
59
111
176
177
177
177
191
234
235
275
275
275
275
275
290
331
331
335
338
338
381
381
381
381
382
403
421
439
467
547
547
547
547
575
593
593
597
616
648
691
710
710
726
744
810
811
811
811
818
818
831
831
831
831
858
858
897
897
897
897
907
930
930
959
982
1002
1002
1002
1015
1038
1038
1079
1097
1145
1165
1225
1273
1335
1349
1407
1416
1444
1450
1462
1513
1533
1548
1574
1576
1593
1603
1647
1649
1664
1686
1707
1707
1707
1715
1715
1734
1739
1784
1792
1847
1848
1871
1871
1913
1919
1963
1963
1986
1986
1999
2007
2044
2044
2047
2047
2094
2102
2102
2102
2102
2112
2166
2210
2210
2243
2297
2297
2297
2301
2320
2324
2366
2366
2366
2388
2419
2454
2476
2501
2518
2518
2518
2518
2524
2524
2535
2535
2535
2570
2582
2582
2586
2623
2624
2646
2704
2709
2716
2733
2733
2733
2733
2794
2794
2816
2840
2849
2849
2849
2849
2869
2869
2876
2880
2890
2890
2932
2976
2999
2999
3008
3012
3035
3053
3097
3142
3154
3154
3154
3177
3178
3187
3224
3241
3241
3241
3241
3257
3258
3279
3279
3279
3279
3311
3311
3311
3340
3345
3368
3398
3405
3412
3452
3452
3452
3452
3465
3495
3495
3540
3602
3628
3677
3719
3719
3756
3777
3800
3816
3825
3837
3853
3861
3884
3884
3904
3947
3964
3979
4017
4017
4017
4017
4028
4089
4128
4149
4237
4254
4257
4257
4278
4307
4307
4332
4341
4379
4396
4453
4469
4498
4498
4505
4505
4528
4528
4565
4592
4592
4592
4631
4631
4672
4703
4703
4703
4716
4725
4762
4777
4782
4783
4783
4816
4826
4874
4893
4952
4952
4960
5000
5014
5070
5107
5107
5134
5145
5193
5194
5233
5233
5233
5234
5235
5302
5302
5302
5304
5355
5370
5407
5409
5444
5450
5503
5511
5528
5563
5567
5606
5606
5611
5619
5649
5649
5671
5676
5676
5676
5676
5676
5677
5677
5696
5696
5703
5703
5707
5707
5707
5717
5717
5738
5738
5749
5774
5827
5829
5829
5829
5850
5850
5880
5948
5967
5967
5967
5967
5984
6000
6012
6015
6015
6015
6053
6053
6073
6073
6073
6076
6076
6083
6131
6187
6191
6191
6191
6202
6215
6215
6251
6261
6262
6274
6304
6311
6316
6355
6355
6355
6360
6372
6372
6372
6400
6403
6449
6450
6450
6450
6502
6502
6502
6508
6540
6552
6552
6565
6598
6611
6622
6650
6673
6713
6727
6733
6756
6784
6794
6801
6810
6812
6834
6891
6960
6977
6999
7053
7081
7081
7098
7133
7158
7190
7190
7243
7248
7248
7275
7310
7318
7335
7335
7335
7335
7372
7426
7452
7500
7500
7500
7510
7525
7533
7586
7601
7610
7610
7613
7617
7670
7694
7694
7704
7704
7705
7705
7741
7754
7770
7784
7837
7848
7850
7892
7894
7894
7894
7904
7907
7979
8019
8019
8052
8064
8120
8123
8131
8131
8131
8146
8149
8194
