0
8
8
27
30
43
47
50
56
59
67
85
100
124
125
125
127
143
148
158
178
183
195
205
217
217
232
242
244
249
261
262
265
277
281
303
304
309
311
317
337
339
345
364
370
374
386
394
412
420
431
443
461
473
480
493
499
517
529
536
539
546
571
594
614
633
650
666
671
680
686
704
720
724
737
752
754
758
772
791
804
808
811
818
826
836
865
882
891
896
896
910
913
928
947
954
956
956
962
978
998
999
1007
1014
1021
1026
1038
1053
1065
1074
1090
1102
1108
1121
1130
1134
1137
1146
1153
1176
1194
1200
1211
1227
1248
1256
1267
1267
1274
1287
1287
1304
1314
1321
1321
1340
1351
1359
1368
1380
1380
1384
1385
1403
1407
1421
1429
1440
1440
1442
1452
1474
1475
1491
1499
1504
1508
1518
1526
1530
1545
1547
1551
1553
1571
1588
1594
1599
1606
1622
1632
1645
1668
1681
1704
1704
1705
1714
1728
1740
1751
1764
1765
1768
1768
1779
1796
1799
1803
1810
1811
1832
1836
1836
1838
1844
1854
1866
1874
1891
1914
1928
1928
1928
1943
1954
1957
1959
1972
1985
2004
2012
2019
2026
2040
2053
2071
2072
2077
2077
2085
2096
2096
2101
2107
2116
2121
2141
2146
2146
2149
2159
2172
2181
2192
2203
2223
2226
2231
2247
2251
2258
2272
2286
2300
2319
2340
2365
2380
2394
2419
2429
2446
2456
2464
2485
2496
2505
2511
2526
2541
2548
2560
2574
2580
2587
2607
2616
2623
2635
2640
2644
2653
2674
2683
2706
2712
2722
2731
2750
2759
2779
2784
2793
2799
2799
2810
2818
2831
2832
2837
2858
2864
2876
2879
2883
2892
2910
2935
2938
2952
2967
2981
2982
2988
2994
3013
3029
3034
3034
3045
3063
3076
3080
3097
3108
3108
3113
3115
3122
3127
3135
3138
3141
3152
3158
3169
3176
3188
3198
3210
3238
3241
3250
3258
3263
3270
3271
3287
3298
3306
3326
3331
3333
3335
3335
3341
3350
3357
3361
3375
3377
3395
3413
3425
3428
3435
3441
3455
3465
3480
3504
3519
3520
3520
3525
3539
3551
3563
3581
3581
3582
3582
3594
3598
3612
3616
3620
3620
3637
3641
3641
3652
3658
3673
3682
3692
3702
3713
3724
3725
3725
3735
3751
3755
3771
3795
3814
3839
3853
3864
3877
3897
3904
3921
3928
3942
3951
3960
3972
3974
3986
4000
4018
4030
4047
4052
4053
4053
4063
4086
4105
4117
4139
4163
4172
4175
4182
4196
4207
4221
4226
4241
4252
4271
4281
4296
4300
4308
4315
4325
4331
4351
4367
4371
4376
4388
4398
4416
4433
4433
4433
4444
4453
4474
4479
4488
4492
4496
4506
4517
4530
4552
4579
4581
4590
4599
4619
4638
4661
4666
4678
4688
4701
4710
4725
4729
4732
4737
4744
4766
4774
4774
4775
4796
4809
4820
4831
4847
4850
4876
4884
4898
4909
4923
4944
4945
4945
4952
4967
4974
