0
0
0
120
120
120
127
209
236
306
309
374
385
482
491
526
583
590
664
664
668
684
734
735
777
777
779
779
779
779
779
779
806
806
814
814
814
814
814
826
826
856
856
870
913
1006
1006
1006
1006
1036
1036
1081
1199
1235
1235
1235
1235
1255
1286
1302
1302
1302
1302
1368
1368
1396
1396
1396
1396
1396
1402
1483
1579
1579
1579
1579
1591
1611
1611
1684
1689
1689
1717
1755
1769
1769
1838
1838
1838
1861
1862
1862
1862
1908
1913
1982
1982
1982
1982
2069
2069
2069
2086
2134
2154
2154
2165
2232
2249
2270
2314
2349
2424
2448
2456
2495
2541
2557
2564
2579
2579
2611
2720
2844
2871
2903
3002
3052
3052
3080
3158
3190
3249
3249
3337
3345
3345
3385
3452
3475
3492
3492
3492
3492
3551
3673
3694
3790
3790
3790
3809
3831
3856
3944
3964
3981
3981
3981
3982
4087
4125
4125
4137
4137
4137
4137
4193
4211
4233
4254
4365
4368
4368
4441
4443
4443
4443
4453
4453
4585
4656
4656
4735
4735
4827
4827
4838
4838
4838
4856
4856
4940
4948
4948
4961
5018
5055
5055
5082
5088
5088
5088
5109
5148
5197
5197
5209
5209
5209
5209
5332
5332
5381
5381
5381
5392
5392
5409
5409
5409
5440
5440
5440
5478
5531
5579
5579
5588
5588
5636
5661
5697
5793
5890
5890
5890
5890
5909
5990
5991
6058
6058
6058
6058
6058
6086
6156
6156
6162
6162
6162
6230
6230
6230
6230
6230
6267
6318
6326
6374
6510
6510
6510
6510
6556
6581
6581
6597
6660
6693
6758
6786
6786
6810
6850
6965
6966
6966
6966
6971
6971
6990
6990
6990
6990
7036
7036
7101
7101
7101
7101
7112
7140
7140
7183
7241
7254
7254
7254
7274
7312
7312
7390
7414
7495
7529
7647
7731
7856
7864
7970
7976
8028
8039
8104
8160
8195
8215
8258
8258
8282
8287
8361
8366
8387
8433
8458
8458
8458
8463
8463
8499
8500
8589
8599
8695
8697
8733
8790
8811
8861
8896
8896
8933
8933
8953
8972
9034
9034
9040
9040
9121
9131
9131
9131
9131
9171
9239
9322
9322
9379
9469
9469
9469
9469
9495
9495
9562
9562
9581
9630
9698
9716
9781
9793
9827
9827
9827
9827
9832
9832
9847
9847
9847
9899
9915
9915
9917
9977
9979
10026
10119
10121
10125
10156
10156
10156
10175
10257
10257
10293
10331
10344
10344
10344
10344
10377
10383
10383
10399
10399
10399
10470
10551
10592
10603
10603
10631
10648
10687
10744
10837
10848
10848
10848
10883
10883
10892
10979
10984
10984
10984
10984
11003
11003
11038
11038
11038
11038
11086
11086
11086
11133
11142
11175
11223
11233
11255
11315
11315
11315
11315
11341
11383
11402
11476
11625
11662
11708
11783
11783
11857
11882
11947
11947
11953
11969
11989
12004
12041
12041
12073
12161
12184
12207
12277
12277
12277
12285
12318
12413
12464
12509
12688
12698
12700
12700
12731
12781
12781
12819
12837
12903
12928
13062
13062
13107
13107
13114
13114
13148
