0
0
0
17
136
231
231
300
414
414
414
414
444
444
523
524
524
569
641
715
752
809
847
847
847
847
854
854
871
871
871
937
957
957
957
1031
1031
1071
1206
1206
1209
1248
1248
1248
1248
1374
1374
1415
1461
1477
1477
1477
1477
1515
1515
1521
1521
1541
1541
1625
1726
1781
1781
1791
1794
1847
1885
1967
2073
2094
2094
2094
2137
2137
2151
2233
2258
2258
2258
2258
2279
2279
2325
2325
2325
2325
2389
2389
2389
2442
2458
2495
2557
2567
2578
2667
2667
2667
2667
2683
2749
2749
2843
3002
3042
3142
3232
3232
3305
3358
3402
3440
3440
3465
3488
3512
3557
3557
3594
3691
3732
3762
3846
3846
3846
3846
3862
3990
4079
4124
4328
4362
4368
4368
4403
4464
4464
4506
4523
4602
4643
4777
4806
4858
4858
4865
4865
4908
4908
4981
5035
5035
5035
5111
5111
5200
5264
5264
5264
5280
5290
5372
5401
5404
5404
5404
5465
5490
5586
5630
5770
5770
5776
5861
5895
6022
6099
6099
6149
6178
6285
6285
6367
6367
6367
6367
6367
6511
6511
6511
6516
6619
6651
6735
6746
6824
6837
6956
6970
7006
7077
7087
7176
7176
7178
7193
7260
7263
7304
7315
7316
7316
7316
7316
7316
7316
7346
7346
7354
7354
7354
7354
7354
7368
7368
7407
7407
7422
7472
7591
7591
7591
7591
7628
7628
7683
7826
7872
7872
7872
7872
7897
7934
7944
7957
7957
7957
8038
8038
8075
8075
8075
8075
8075
8081
8181
8296
8296
8296
8296
8311
8335
8335
8416
8431
8431
8448
8514
8532
8532
8615
8615
8615
8625
8645
8645
8645
8701
8704
8792
8792
8792
8792
8898
8898
8898
8901
8975
8999
8999
9010
9097
9116
9142
9197
9241
9330
9362
9371
9422
9477
9500
9510
9530
9530
9572
9702
9854
9889
9926
10050
10110
10110
10144
10227
10277
10349
10349
10456
10465
10465
10513
10592
10603
10644
10644
10644
10644
10716
10849
10896
11010
11010
11010
11025
11055
11067
11185
11219
11242
11242
11242
11242
11361
11419
11419
11435
11435
11435
11435
11507
11525
11551
11578
11702
11720
11720
11809
11811
11811
11811
11818
11818
11978
12066
12066
12163
12165
12278
12278
12292
12292
12292
12313
12313
12414
12429
12429
12442
12515
12558
12558
12589
12599
12599
12599
12624
12673
12734
12734
12749
12752
12752
12752
12904
12904
12967
12967
12967
12976
12976
12999
12999
12999
13032
13032
13032
13065
13141
13205
13205
13215
13215
13273
13303
13334
13464
13585
13585
13585
13585
13607
13708
13709
13791
13791
13791
13791
13791
13816
13912
13912
13921
13921
13921
14004
14004
14004
14004
14004
14051
14103
14123
14183
14349
14349
14349
14349
14401
14432
14432
14451
14519
14554
14648
14683
14683
14711
14759
14903
14904
14904
14904
14910
14910
14934
14934
14934
14934
14988
14988
15066
15066
15066
15066
15077
15111
15111
15166
15214
15254
15254
15254
15273
15323
15323
15416
15445
15549
15585
15731
15839
15990
15997
16130
16141
16200
16212
16281
16356
16393
