0
57
124
135
151
188
251
251
265
265
265
282
282
316
345
351
351
398
419
426
426
450
450
450
450
493
525
529
538
546
546
546
585
628
648
665
665
676
676
684
691
691
710
714
714
714
755
808
808
812
816
850
861
876
934
994
1026
1026
1026
1033
1090
1096
1125
1144
1144
1144
1144
1163
1212
1212
1212
1219
1219
1267
1267
1267
1267
1269
1292
1307
1334
1361
1456
1463
1463
1463
1495
1514
1514
1514
1539
1581
1635
1641
1655
1672
1695
1753
1775
1775
1775
1782
1782
1797
1798
1798
1798
1830
1830
1875
1875
1875
1875
1883
1907
1909
1928
1945
1993
1993
1993
2002
2018
2033
2062
2104
2140
2175
2258
2314
2369
2396
2451
2486
2519
2524
2540
2601
2622
2634
2640
2675
2694
2700
2738
2753
2772
2772
2821
2821
2821
2825
2825
2834
2853
2897
2914
2983
2983
2994
3008
3056
3060
3120
3120
3147
3147
3148
3165
3213
3216
3216
3221
3262
3279
3286
3286
3286
3301
3348
3418
3418
3451
3494
3520
3520
3523
3538
3549
3584
3596
3596
3613
3661
3701
3708
3752
3773
3773
3773
3773
3773
3779
3791
3791
3791
3827
3831
3844
3846
3882
3889
3913
3986
3991
3998
4018
4018
4018
4018
4066
4088
4113
4136
4152
4152
4152
4152
4176
4176
4184
4185
4197
4197
4247
4295
4328
4328
4337
4340
4370
4372
4420
4469
4511
4511
4511
4540
4541
4551
4584
4614
4614
4614
4614
4632
4632
4657
4657
4657
4657
4694
4694
4694
4720
4735
4761
4792
4796
4801
4847
4859
4859
4859
4871
4906
4906
4942
5009
5066
5124
5172
5175
5216
5243
5254
5288
5290
5309
5326
5338
5366
5366
5388
5435
5461
5476
5521
5521
5521
5521
5531
5602
5648
5675
5743
5799
5805
5805
5818
5846
5864
5890
5901
5933
5962
6026
6054
6087
6087
6096
6096
6103
6122
6164
6195
6195
6195
6228
6241
6288
6326
6326
6326
6332
6343
6387
6398
6409
6409
6409
6433
6458
6486
6524
6611
6611
6613
6633
6683
6729
6795
6795
6826
6840
6898
6898
6942
6946
6946
6946
6946
7005
7026
7026
7026
7079
7100
7132
7155
7197
7207
7260
7278
7299
7329
7338
7392
7392
7397
7397
7441
7441
7462
7473
7473
7473
7473
7473
7473
7473
7492
7492
7501
7501
7501
7503
7503
7503
7514
7537
7537
7548
7564
7616
7640
7640
7640
7658
7664
7697
7773
7803
7804
7804
7804
7822
7827
7845
7856
7856
7856
7901
7901
7922
7922
7922
7923
7923
7929
7987
8042
8054
8054
8054
8064
8078
8078
8111
8132
8132
8145
8167
8191
8191
8240
8240
8240
8240
8260
8260
8260
8294
8294
8349
8349
8349
8349
8409
8409
8409
8411
8454
8469
8469
8480
8497
8536
8548
8579
8598
8639
8671
8679
8707
8720
8752
8760
8771
8771
8787
8852
8950
8968
8992
9058
9091
9091
9113
9122
9186
9223
9223
9284
9289
9289
9301
9350
9366
9390
9390
