0
0
0
17
122
212
212
275
380
380
380
380
411
414
492
492
492
533
594
664
696
749
782
782
782
782
788
788
801
801
801
861
876
876
878
946
946
982
1105
1107
1110
1145
1145
1145
1145
1259
1259
1298
1336
1355
1355
1355
1355
1390
1390
1397
1397
1411
1411
1495
1580
1626
1626
1638
1643
1687
1723
1797
1892
1909
1909
1909
1948
1948
1959
2035
2061
2061
2061
2061
2085
2085
2121
2121
2121
2121
2179
2179
2179
2227
2242
2279
2334
2344
2352
2437
2437
2437
2437
2453
2515
2515
2600
2745
2783
2875
2956
2956
3022
3068
3108
3139
3139
3163
3184
3202
3245
3245
3279
3366
3403
3429
3509
3509
3509
3509
3524
3638
3719
3762
3946
3975
3983
3983
4015
4071
4071
4113
4125
4194
4229
4354
4378
4425
4425
4436
4436
4476
4476
4542
4593
4593
4593
4662
4662
4745
4805
4805
4805
4817
4828
4902
4930
4931
4933
4933
4987
5015
5101
5140
5262
5262
5266
5344
5373
5491
5557
5557
5604
5628
5726
5726
5802
5802
5802
5802
5802
5937
5937
5937
5943
6037
6069
6144
6150
6223
6235
6343
6353
6390
6453
6462
6543
6543
6546
6561
6621
6626
6666
6674
6677
6677
6677
6677
6677
6677
6704
6704
6711
6711
6711
6711
6711
6728
6728
6764
6764
6777
6822
6930
6930
6930
6930
6968
6968
7021
7151
7192
7192
7192
7192
7218
7248
7261
7267
7267
7267
7340
7340
7371
7371
7371
7371
7371
7378
7468
7573
7573
7573
7573
7584
7609
7609
7682
7698
7698
7714
7774
7790
7790
7867
7867
7867
7876
7893
7893
7893
7943
7943
8026
8026
8026
8026
8124
8124
8124
8125
8191
8214
8214
8228
8303
8322
8344
8391
8432
8514
8540
8547
8593
8646
8662
8672
8688
8688
8724
8845
8982
9012
9043
9155
9214
9214
9245
9322
9366
9432
9432
9534
9540
9540
9583
9656
9665
9702
9702
9702
9702
9771
9894
9930
10037
10037
10037
10055
10079
10094
10198
10227
10248
10248
10248
10248
10357
10410
10410
10427
10427
10427
10427
10494
10513
10540
10561
10673
10687
10687
10769
10771
10771
10771
10779
10779
10922
11002
11002
11083
11089
11191
11191
11205
11205
11205
11224
11224
11317
11328
11328
11341
11405
11447
11447
11475
11484
11484
11484
11505
11551
11607
11607
11620
11620
11620
11620
11759
11759
11817
11817
11817
11826
11826
11846
11846
11846
11874
11876
11876
11905
11975
12030
12030
12040
12040
12096
12128
12155
12273
12380
12380
12380
12380
12404
12492
12494
12569
12569
12569
12569
12569
12591
12681
12681
12687
12687
12687
12764
12764
12764
12764
12764
12806
12853
12871
12927
13078
13078
13078
13078
13126
13154
13154
13176
13238
13266
13351
13383
13383
13409
13454
13583
13588
13588
13588
13594
13594
13617
13617
13617
13617
13664
13664
13734
13734
13734
13734
13748
13785
13785
13833
13874
13912
13912
13912
13930
13973
13973
14060
14086
14178
14216
14344
14440
14580
14590
14709
14718
14773
14786
14844
14916
14951
