0
16
49
92
92
136
149
179
189
197
210
226
234
258
258
278
325
337
353
389
389
389
389
418
463
501
522
610
626
629
629
651
681
681
705
714
756
769
829
841
869
869
876
876
899
905
938
963
963
963
1002
1002
1049
1075
1075
1079
1095
1095
1132
1152
1152
1152
1152
1184
1200
1242
1260
1320
1320
1327
1373
1381
1443
1474
1474
1501
1512
1560
1560
1600
1600
1600
1600
1600
1668
1668
1668
1683
1721
1737
1776
1776
1811
1816
1869
1878
1894
1928
1933
1972
1972
1978
1990
2015
2015
2042
2042
2043
2043
2043
2043
2043
2043
2062
2062
2069
2069
2072
2072
2072
2082
2082
2103
2103
2114
2146
2192
2193
2193
2193
2213
2213
2244
2315
2332
2332
2332
2332
2350
2371
2380
2380
2380
2380
2419
2419
2440
2440
2440
2444
2444
2451
2499
2554
2557
2557
2557
2568
2581
2581
2625
2625
2627
2650
2671
2678
2697
2723
2723
2724
2741
2742
2742
2742
2771
2790
2819
2820
2820
2820
2871
2871
2871
2889
2919
2922
2922
2934
2970
2979
2990
3017
3040
3079
3093
3104
3122
3149
3159
3168
3177
3178
3198
3261
3324
3341
3375
3418
3445
3445
3463
3513
3523
3555
3555
3608
3614
3614
3643
3677
3700
3701
3701
3701
3704
3738
3806
3818
3866
3866
3866
3878
3892
3911
3962
3968
3977
3977
3979
3983
4044
4060
4060
4070
4070
4070
4070
4106
4118
4134
4152
4213
4213
4215
4257
4259
4259
4259
4269
4272
4345
4385
4385
4430
4430
4486
4489
4497
4497
4497
4511
4514
4560
4565
4568
4588
4609
4633
4633
4651
4655
4655
4655
4670
4691
4724
4724
4737
4740
4740
4740
4812
4812
4843
4843
4844
4853
4855
4868
4868
4868
4886
4886
4886
4913
4941
4967
4967
4977
4977
5011
5029
5047
5099
5152
5152
5152
5152
5166
5209
5210
5250
5250
5250
5250
5250
5270
5307
5307
5314
5314
5314
5357
5357
5357
5358
5358
5384
5412
5418
5450
5522
5522
5522
5522
5550
5568
5568
5582
5618
5639
5667
5685
5685
5702
5722
5786
5786
5786
5786
5794
5794
5809
5809
5809
5812
5836
5836
5874
5874
5874
5884
5892
5906
5906
5935
5976
5978
5978
5982
5991
6014
6014
6060
6072
6122
6141
6210
6249
6315
6325
6384
6391
6419
6424
6470
6488
6511
6523
6551
6551
6569
6578
6622
6624
6641
6671
6684
6685
6685
6692
6692
6715
6715
6766
6773
6824
6828
6848
6887
6890
6923
6940
6940
6963
6963
6978
6988
7021
7021
7025
7025
7072
7081
7081
7081
7081
7112
7146
7190
7193
7224
7277
7277
7277
7284
7302
7307
7350
7350
7365
7391
7426
7439
7479
7486
7504
7504
7504
7504
7511
7511
7523
7523
7523
7557
7568
7568
7572
7611
7615
7641
7691
7696
7703
7720
7720
7720
7735
7780
7780
7802
7827
7834
7834
7834
7834
7855
7862
7862
7874
7874
7878
7920
7962
7983
7992
7992
8012
8020
8043
