0
0
0
3
6
34
47
47
47
76
90
109
121
142
146
179
189
206
215
232
257
260
260
268
289
293
300
313
314
314
314
318
320
324
339
339
347
347
347
353
353
357
364
378
382
389
405
425
446
446
446
456
462
482
519
536
540
540
540
549
555
568
576
579
579
606
606
620
620
621
626
626
633
665
683
706
706
706
717
726
726
743
759
765
776
793
804
804
829
831
835
835
848
848
848
866
869
899
903
903
903
919
937
939
945
969
976
980
990
998
1021
1031
1049
1061
1080
1098
1107
1120
1126
1148
1160
1168
1169
1176
1217
1245
1276
1291
1323
1339
1340
1354
1356
1388
1410
1411
1433
1448
1448
1449
1470
1493
1507
1507
1510
1514
1523
1546
1578
1607
1607
1607
1607
1625
1625
1640
1668
1675
1677
1677
1684
1720
1734
1734
1736
1745
1745
1750
1771
1780
1794
1803
1827
1844
1846
1863
1874
1875
1878
1888
1893
1927
1957
1964
1976
1995
2030
2032
2039
2039
2045
2058
2058
2080
2094
2098
2098
2126
2142
2146
2151
2164
2164
2166
2166
2191
2212
2214
2223
2229
2229
2229
2254
2275
2288
2299
2305
2314
2314
2325
2328
2331
2345
2347
2350
2350
2374
2399
2402
2409
2412
2433
2443
2455
2483
2514
2531
2531
2531
2540
2566
2570
2588
2598
2598
2599
2599
2613
2638
2638
2639
2648
2648
2677
2679
2679
2679
2685
2700
2710
2722
2745
2790
2793
2793
2793
2813
2827
2828
2831
2844
2865
2891
2900
2906
2920
2929
2958
2971
2971
2974
2982
2982
2995
2996
2999
2999
3018
3018
3043
3044
3044
3046
3056
3070
3075
3089
3106
3129
3129
3129
3139
3145
3152
3173
3189
3211
3230
3270
3298
3327
3340
3373
3395
3411
3416
3428
3460
3477
3488
3494
3511
3524
3532
3555
3561
3575
3584
3603
3607
3609
3614
3617
3623
3632
3658
3669
3706
3711
3723
3731
3759
3762
3797
3798
3817
3817
3825
3829
3853
3854
3854
3857
3881
3888
3897
3897
3901
3912
3938
3972
3973
3994
4015
4026
4026
4033
4047
4058
4081
4085
4085
4097
4120
4140
4150
4170
4180
4180
4180
4180
4186
4191
4203
4203
4203
4224
4229
4241
4247
4269
4273
4289
4324
4331
4338
4350
4351
4352
4352
4382
4389
4406
4422
4429
4429
4429
4429
4446
4446
4455
4460
4466
4466
4494
4518
4532
4532
4540
4548
4564
4570
4597
4622
4646
4646
4646
4664
4672
4681
4703
4718
4718
4718
4718
4730
4732
4750
4750
4750
4750
4772
4772
4772
4788
4795
4811
4833
4837
4846
4869
4874
4874
4874
4885
4905
4905
4930
4962
4989
5022
5052
5053
5076
5091
5101
5116
5122
5136
5148
5154
5171
5172
5188
5214
5226
5239
5260
5261
5261
5261
5273
5312
5333
5347
5388
5409
5417
5417
5429
5447
5455
5472
5478
5499
5513
5543
5555
5576
5576
5584
