0
66
143
156
175
221
294
294
307
307
307
324
324
360
396
399
399
454
474
484
484
513
513
513
513
561
597
602
611
616
616
616
660
712
734
757
757
767
767
772
785
785
807
809
809
809
857
919
919
923
927
964
976
991
1058
1129
1170
1170
1170
1179
1248
1251
1283
1305
1305
1305
1305
1325
1383
1383
1383
1390
1390
1443
1443
1443
1443
1443
1467
1483
1514
1544
1655
1665
1665
1665
1701
1725
1725
1725
1750
1800
1862
1870
1885
1904
1931
2000
2026
2026
2026
2033
2033
2050
2052
2052
2052
2087
2087
2138
2138
2138
2138
2145
2175
2176
2198
2215
2270
2270
2270
2280
2297
2317
2352
2399
2438
2481
2576
2644
2711
2740
2805
2841
2879
2886
2906
2977
3000
3014
3021
3059
3081
3087
3133
3149
3166
3166
3222
3222
3222
3229
3229
3238
3263
3314
3335
3416
3416
3429
3445
3500
3505
3574
3574
3603
3603
3603
3621
3677
3682
3682
3686
3735
3755
3764
3764
3764
3777
3832
3915
3915
3951
4001
4032
4032
4036
4046
4063
4105
4118
4118
4138
4196
4241
4248
4303
4324
4324
4324
4324
4324
4330
4344
4344
4344
4386
4390
4401
4402
4446
4452
4480
4564
4567
4571
4597
4597
4597
4597
4652
4679
4708
4732
4750
4750
4750
4750
4776
4776
4785
4786
4798
4798
4852
4911
4947
4947
4957
4958
4993
4993
5047
5104
5151
5151
5151
5182
5183
5192
5233
5268
5268
5268
5268
5286
5286
5312
5312
5312
5312
5352
5352
5352
5381
5398
5425
5461
5466
5472
5525
5538
5538
5538
5553
5593
5593
5633
5712
5780
5847
5902
5906
5952
5985
5997
6037
6038
6059
6076
6088
6117
6119
6145
6200
6230
6250
6303
6303
6303
6303
6314
6394
6450
6479
6562
6630
6633
6633
6643
6677
6697
6726
6737
6775
6809
6886
6917
6952
6952
6961
6961
6966
6989
7041
7077
7077
7077
7114
7130
7186
7230
7230
7230
7237
7253
7309
7317
7331
7331
7331
7357
7385
7417
7458
7564
7564
7565
7589
7644
7698
7774
7774
7810
7825
7893
7893
7943
7948
7948
7948
7948
8018
8041
8041
8041
8103
8128
8165
8193
8241
8249
8315
8337
8364
8399
8411
8473
8473
8477
8477
8529
8532
8555
8567
8567
8567
8567
8567
8567
8567
8590
8590
8598
8598
8598
8598
8598
8598
8610
8636
8636
8645
8669
8727
8757
8757
8757
8775
8784
8821
8909
8941
8941
8941
8941
8958
8965
8986
8997
8997
8997
9050
9050
9073
9073
9073
9073
9073
9078
9146
9208
9223
9223
9223
9233
9250
9250
9285
9311
9311
9325
9349
9377
9377
9435
9435
9437
9437
9458
9458
9458
9493
9495
9557
9557
9557
9557
9625
9625
9625
9625
9674
9693
9693
9705
9724
9770
9785
9822
9839
9889
9928
9933
9967
9980
10018
10026
10038
10038
10050
10127
10243
10265
10291
10367
10407
10407
10428
10437
10515
10559
10559
10630
10635
10635
10649
10707
10725
10753
10753
