0
0
0
0
18
83
83
177
349
404
477
567
567
657
692
737
773
773
799
822
845
891
891
928
1032
1066
1095
1181
1181
1181
1181
1223
1324
1416
1459
1663
1697
1704
1704
1739
1800
1800
1842
1860
1947
1980
2114
2143
2195
2195
2203
2203
2246
2249
2319
2373
2373
2373
2449
2449
2544
2602
2602
2602
2627
2627
2709
2739
2741
2741
2741
2802
2839
2923
2966
3107
3107
3113
3205
3232
3359
3436
3436
3487
3516
3623
3623
3706
3706
3706
3706
3706
3851
3851
3851
3869
3961
3995
4089
4089
4167
4180
4298
4313
4348
4420
4429
4517
4517
4519
4549
4605
4605
4656
4656
4658
4658
4658
4658
4658
4658
4686
4686
4693
4693
4693
4693
4693
4706
4706
4745
4745
4760
4823
4930
4930
4930
4930
4966
4966
5021
5172
5210
5210
5210
5210
5235
5274
5295
5295
5295
5295
5375
5375
5411
5411
5411
5411
5411
5417
5518
5632
5632
5632
5632
5647
5671
5671
5767
5767
5767
5806
5850
5868
5868
5951
5951
5951
5980
5981
5981
5981
6037
6061
6127
6127
6127
6127
6233
6233
6233
6255
6320
6334
6334
6347
6432
6452
6478
6532
6576
6666
6696
6713
6756
6812
6834
6845
6865
6865
6906
7048
7189
7225
7286
7386
7447
7447
7481
7592
7613
7686
7686
7794
7804
7804
7855
7934
7976
7983
7983
7983
7983
8055
8208
8236
8349
8349
8349
8365
8393
8430
8537
8558
8581
8581
8581
8581
8718
8758
8758
8775
8775
8775
8775
8846
8865
8892
8918
9056
9059
9059
9149
9151
9151
9151
9159
9159
9318
9406
9406
9503
9503
9615
9615
9629
9629
9629
9650
9650
9751
9766
9766
9799
9852
9897
9897
9927
9936
9936
9936
9961
10009
10070
10070
10085
10088
10088
10088
10241
10241
10302
10302
10302
10311
10311
10333
10333
10333
10366
10366
10366
10414
10477
10539
10539
10549
10549
10607
10639
10682
10799
10920
10920
10920
10920
10942
11042
11044
11126
11126
11126
11126
11126
11164
11246
11246
11254
11254
11254
11337
11337
11337
11337
11337
11383
11449
11453
11513
11680
11680
11680
11680
11731
11761
11761
11780
11859
11899
11977
12012
12012
12040
12087
12231
12233
12233
12233
12240
12240
12265
12265
12265
12265
12319
12319
12397
12397
12397
12397
12409
12443
12443
12499
12576
12586
12586
12586
12605
12656
12656
12749
12779
12882
12919
13076
13172
13324
13332
13465
13476
13535
13546
13635
13692
13733
13757
13814
13814
13840
13845
13935
13937
13963
14019
14047
14047
14047
14053
14053
14102
14102
14209
14218
14340
14343
14387
14463
14484
14548
14589
14589
14634
14634
14657
14679
14756
14756
14766
14766
14868
14881
14881
14881
14881
14933
15015
15113
15113
15181
15296
15296
15296
15296
15325
15325
15405
15405
15430
15489
15569
15598
15677
15692
15730
15730
15730
15730
15739
15739
15756
15756
15756
15821
15840
15840
15840
15913
15913
15975
16088
16089
16092
16131
16131
16131
16158
16255
16255
16297
16344
16358
16358
16358
16358
16397
16403
16403
16422
16422
16422
