0
0
0
94
94
94
102
167
188
240
245
294
302
380
389
415
461
467
524
524
530
543
581
584
619
619
620
620
620
620
620
620
644
644
653
653
653
653
653
665
665
691
691
706
742
815
815
815
815
841
841
880
973
1001
1001
1001
1001
1019
1045
1057
1057
1057
1057
1110
1110
1134
1134
1134
1134
1134
1143
1208
1283
1285
1285
1285
1294
1312
1312
1371
1374
1374
1399
1430
1439
1442
1497
1497
1499
1519
1519
1519
1519
1556
1563
1617
1617
1617
1617
1685
1685
1685
1698
1736
1754
1754
1765
1817
1830
1844
1880
1910
1967
1986
1994
2025
2062
2075
2083
2095
2095
2120
2208
2299
2322
2349
2425
2464
2464
2486
2547
2573
2617
2617
2687
2693
2693
2727
2781
2801
2813
2813
2813
2813
2862
2956
2973
3045
3045
3045
3059
3077
3098
3164
3181
3196
3196
3198
3200
3284
3315
3315
3327
3327
3327
3327
3374
3389
3411
3428
3511
3515
3515
3575
3576
3576
3576
3585
3588
3691
3745
3745
3809
3809
3882
3884
3894
3894
3894
3912
3912
3976
3984
3987
3999
4043
4073
4073
4095
4101
4101
4101
4120
4150
4192
4192
4204
4206
4206
4206
4302
4302
4346
4346
4346
4355
4355
4375
4375
4375
4400
4400
4400
4435
4472
4510
4510
4518
4519
4560
4581
4609
4682
4761
4761
4761
4761
4778
4839
4841
4894
4894
4894
4894
4894
4918
4972
4972
4979
4979
4979
5033
5033
5033
5033
5033
5063
5102
5109
5149
5255
5255
5255
5255
5291
5314
5314
5330
5375
5402
5451
5475
5475
5497
5524
5616
5616
5616
5616
5622
5622
5642
5642
5642
5642
5676
5676
5726
5726
5726
5726
5740
5763
5763
5800
5848
5857
5857
5858
5870
5904
5904
5967
5985
6049
6073
6164
6230
6326
6336
6418
6427
6465
6472
6526
6564
6592
6609
6646
6646
6668
6675
6735
6737
6754
6792
6811
6811
6811
6817
6817
6848
6849
6921
6925
7001
7001
7031
7075
7090
7132
7159
7159
7188
7188
7207
7222
7268
7268
7273
7273
7343
7352
7352
7352
7352
7387
7441
7503
7503
7547
7621
7621
7621
7624
7646
7650
7704
7704
7726
7760
7812
7827
7877
7890
7910
7910
7910
7910
7917
7917
7930
7930
7930
7975
7987
7987
7989
8039
8041
8076
8149
8153
8158
8183
8183
8183
8202
8264
8264
8295
8328
8338
8338
8338
8338
8364
8370
8373
8386
8386
8386
8443
8504
8536
8545
8545
8567
8581
8611
8658
8728
8739
8739
8739
8769
8770
8780
8845
8853
8853
8853
8853
8870
8870
8896
8896
8896
8896
8937
8937
8937
8978
8984
9012
9052
9057
9078
9122
9122
9122
9122
9145
9178
9193
9247
9364
9396
9429
9487
9487
9546
9566
9618
9618
9626
9640
9657
9669
9700
9700
9727
9794
9810
9831
9884
9884
9884
9896
9919
9994
10032
10068
10202
10213
10215
10215
10240
10279
10279
10311
10327
10377
10396
10499
10499
10533
10533
10542
10542
10570
