0
1
73
73
73
126
152
190
220
266
266
273
303
303
304
366
366
384
425
505
505
505
505
550
677
724
736
797
884
915
915
915
921
958
958
1001
1001
1001
1005
1005
1071
1071
1192
1246
1312
1314
1314
1342
1406
1406
1406
1416
1482
1484
1484
1498
1518
1518
1519
1568
1568
1599
1731
1735
1750
1750
1766
1819
1859
2007
2007
2050
2126
2216
2241
2241
2241
2251
2278
2278
2285
2285
2335
2370
2370
2467
2576
2578
2578
2634
2634
2661
2688
2688
2688
2728
2803
2803
2803
2803
2818
2818
2818
2818
2818
2849
2876
2880
2886
2921
2950
2951
2965
3101
3112
3128
3159
3159
3192
3192
3192
3192
3192
3197
3197
3197
3197
3251
3318
3345
3345
3348
3348
3357
3357
3357
3381
3398
3398
3461
3461
3486
3518
3518
3518
3518
3518
3518
3530
3610
3610
3610
3610
3624
3684
3684
3684
3701
3745
3778
3778
3778
3784
3833
3833
3833
3833
3833
3909
4017
4046
4046
4068
4087
4087
4127
4174
4174
4212
4212
4253
4253
4253
4253
4253
4253
4301
4326
4387
4464
4545
4545
4580
4628
4648
4701
4720
4769
4769
4846
4898
4898
4928
4960
5004
5007
5067
5076
5076
5095
5095
5164
5221
5304
5321
5436
5485
5485
5485
5485
5547
5551
5551
5590
5609
5650
5693
5693
5765
5765
5805
5805
5878
5959
5984
6002
6097
6097
6134
6163
6195
6266
6288
6330
6357
6391
6437
6499
6499
6533
6562
6562
6644
6644
6644
6644
6672
6870
6877
6952
7021
7119
7208
7221
7223
7272
7282
7322
7348
7350
7357
7393
7393
7420
7492
7492
7492
7576
7601
7647
7722
7747
7747
7752
7752
7752
7752
7752
7752
7752
7770
7780
7780
7780
7799
7799
7809
7873
7971
7974
7974
8006
8010
8031
8093
8093
8125
8126
8126
8131
8183
8291
8320
8320
8327
8364
8381
8383
8388
8447
8447
8447
8470
8470
8495
8495
8495
8498
8498
8531
8537
8556
8556
8556
8556
8556
8580
8580
8580
8580
8580
8625
8668
8711
8713
8729
8746
8746
8746
8754
8819
8897
8902
8909
8927
8929
9009
9032
9039
9039
9137
9180
9180
9233
9236
9236
9236
9240
9331
9331
9331
9331
9331
9344
9423
9459
9514
9606
9660
9660
9669
9676
9676
9747
9790
9790
9803
9859
9904
9938
9985
10107
10137
10195
10253
10253
10253
10305
10316
10317
10363
10455
10455
10530
10540
10540
10540
10540
10611
10637
10648
10693
10717
10722
10764
10764
10793
10793
10818
10818
10889
10973
10998
11061
11108
11108
11162
11197
11230
11279
11286
11298
11418
11444
11527
11554
11554
11559
11632
11640
11669
11688
11705
11705
11786
11877
11877
11918
11927
11958
11968
12016
12016
12041
12055
12055
12072
12072
12114
12194
12194
12247
12249
12277
12299
12367
12392
12411
12436
12436
12436
12436
12485
12485
12485
12519
12519
12523
12544
12544
12544
12567
12609
12626
12626
12626
12652
12676
12718
12735
12735
12792
12792
12792
12792
12810
12820
12820
12865
12903
12903
