0
0
14
56
91
104
157
225
333
345
359
359
433
445
457
493
510
510
540
667
681
716
730
762
767
821
821
821
845
860
860
876
893
998
998
1052
1052
1081
1103
1151
1179
1214
1236
1239
1239
1239
1288
1288
1288
1321
1321
1321
1345
1345
1345
1357
1377
1410
1427
1427
1427
1476
1518
1520
1535
1566
1591
1591
1591
1591
1610
1619
1643
1697
1702
1702
1732
1815
1846
1846
1846
1885
1905
1916
1916
1966
1986
1986
1986
1997
1997
1997
2044
2110
2125
2130
2142
2142
2197
2241
2241
2254
2273
2330
2330
2330
2330
2330
2418
2423
2423
2423
2423
2499
2499
2499
2552
2577
2577
2643
2689
2689
2696
2727
2727
2727
2791
2791
2808
2828
2928
2930
2930
2930
2967
3092
3137
3156
3191
3274
3342
3342
3342
3342
3386
3386
3429
3429
3429
3434
3434
3434
3499
3575
3677
3727
3742
3745
3773
3836
3836
3836
3838
3896
3915
3915
3915
3929
3949
3951
3988
3999
3999
4123
4166
4180
4180
4196
4243
4265
4387
4440
4482
4559
4631
4673
4673
4673
4679
4686
4707
4716
4716
4721
4785
4800
4865
4992
5009
5009
5064
5064
5081
5118
5119
5119
5154
5227
5235
5235
5235
5250
5250
5250
5250
5250
5268
5295
5306
5315
5344
5374
5381
5392
5514
5543
5559
5590
5590
5621
5621
5621
5621
5621
5626
5626
5626
5626
5666
5746
5773
5773
5777
5777
5785
5785
5785
5809
5826
5826
5889
5889
5889
5930
5947
5947
5947
5947
5947
5956
6040
6040
6040
6040
6043
6102
6114
6114
6122
6176
6210
6210
6210
6210
6266
6266
6266
6266
6266
6267
6427
6480
6480
6497
6519
6519
6551
6606
6606
6641
6644
6684
6686
6686
6686
6686
6686
6700
6737
6803
6891
6979
6979
7013
7062
7081
7094
7151
7202
7202
7257
7333
7333
7361
7387
7440
7440
7496
7512
7512
7532
7532
7596
7647
7693
7749
7868
7899
7920
7920
7920
7982
7986
7986
8025
8043
8073
8127
8127
8165
8198
8218
8240
8303
8394
8397
8436
8531
8531
8563
8597
8615
8684
8723
8765
8775
8822
8864
8923
8934
8947
8997
8997
9031
9078
9078
9078
9096
9296
9311
9359
9433
9540
9644
9650
9657
9680
9707
9758
9770
9783
9786
9829
9829
9857
9903
9930
9930
9998
10020
10084
10144
10183
10183
10189
10189
10189
10189
10189
10189
10189
10205
10205
10217
10217
10234
10236
10246
10290
10401
10411
10411
10443
10446
10467
10529
10529
10561
10562
10562
10566
10570
10726
10747
10756
10763
10763
10805
10817
10822
10881
10881
10881
10904
10904
10931
10931
10931
10934
10934
10934
10967
10991
10991
10991
10991
10991
11014
11014
11014
11014
11015
11060
11102
11134
11149
11149
11182
11182
11182
11191
11248
11326
11337
11337
11361
11364
11428
11450
11473
11473
11570
11614
11614
11643
11670
11670
11670
11670
11765
11765
11765
11765
11765
11777
11807
11856
11923
12001
12095
12095
12095
12110
12110
12162
12224
12224
12224
12274
12339
12340
