0
4
57
57
57
98
117
145
168
200
200
204
229
229
233
277
277
293
324
384
384
384
384
423
517
552
563
607
671
694
694
694
702
734
734
767
767
767
771
771
820
820
910
949
998
1000
1000
1022
1070
1070
1070
1082
1129
1133
1133
1145
1163
1165
1167
1203
1203
1228
1325
1329
1341
1343
1358
1400
1430
1538
1538
1572
1631
1693
1712
1712
1712
1722
1744
1744
1751
1751
1789
1816
1817
1890
1968
1970
1970
2013
2013
2036
2056
2056
2056
2086
2143
2143
2143
2143
2158
2158
2158
2158
2158
2184
2206
2210
2217
2245
2267
2269
2281
2380
2389
2403
2430
2430
2455
2455
2455
2455
2455
2464
2465
2465
2465
2507
2554
2576
2576
2581
2581
2589
2589
2589
2607
2624
2624
2673
2673
2695
2720
2720
2720
2720
2720
2720
2731
2790
2790
2790
2790
2802
2845
2845
2845
2859
2893
2920
2920
2920
2924
2960
2960
2960
2963
2963
3021
3101
3121
3121
3139
3154
3154
3187
3220
3220
3247
3247
3282
3282
3282
3282
3282
3282
3321
3339
3383
3440
3502
3502
3531
3568
3583
3624
3639
3674
3674
3734
3772
3773
3799
3822
3853
3858
3902
3909
3909
3925
3925
3977
4020
4083
4095
4181
4221
4221
4221
4221
4269
4272
4272
4303
4316
4348
4380
4380
4435
4435
4467
4467
4523
4581
4602
4614
4686
4686
4716
4738
4762
4815
4833
4865
4889
4915
4951
4998
4998
5023
5047
5047
5111
5111
5111
5111
5135
5280
5286
5340
5391
5464
5528
5537
5541
5578
5587
5619
5638
5639
5645
5672
5672
5695
5751
5751
5751
5813
5834
5870
5923
5943
5943
5950
5950
5950
5950
5950
5951
5951
5965
5976
5976
5976
5990
5990
5997
6048
6120
6120
6120
6147
6149
6166
6212
6212
6234
6237
6237
6242
6286
6368
6388
6388
6395
6426
6437
6439
6445
6488
6488
6488
6507
6507
6528
6528
6528
6533
6533
6559
6564
6577
6577
6577
6577
6577
6598
6598
6598
6598
6598
6634
6665
6699
6699
6711
6725
6725
6725
6737
6779
6838
6841
6849
6861
6866
6926
6942
6948
6948
7024
7055
7055
7094
7098
7098
7098
7104
7170
7170
7170
7170
7170
7179
7239
7267
7307
7377
7416
7416
7425
7432
7432
7487
7518
7518
7529
7571
7605
7636
7668
7758
7779
7823
7868
7868
7868
7912
7917
7919
7955
8021
8021
8078
8086
8086
8086
8086
8140
8160
8171
8202
8221
8224
8255
8255
8280
8280
8300
8300
8354
8414
8433
8482
8516
8518
8558
8587
8615
8653
8658
8667
8755
8775
8836
8856
8856
8861
8913
8921
8942
8958
8972
8972
9031
9099
9099
9134
9142
9164
9175
9211
9211
9230
9243
9243
9258
9258
9290
9352
9352
9392
9395
9413
9430
9484
9502
9517
9536
9536
9536
9539
9581
9582
9582
9611
9611
9617
9633
9633
9633
9654
9687
9699
9699
9699
9720
9737
9769
9783
9784
9830
9830
9830
9830
9843
9853
9856
9889
9919
9919
