0
49
102
112
127
157
213
213
225
225
226
240
240
269
295
299
299
341
360
366
368
388
388
388
388
424
452
457
466
473
473
473
507
544
560
575
575
586
586
592
601
601
619
620
620
620
657
701
701
707
712
741
752
766
811
864
889
889
889
897
945
947
972
987
987
987
987
1003
1044
1044
1044
1051
1051
1094
1094
1094
1094
1096
1116
1127
1150
1176
1254
1260
1260
1260
1288
1306
1306
1306
1328
1361
1405
1412
1423
1438
1457
1506
1524
1524
1524
1532
1532
1547
1547
1547
1547
1574
1574
1612
1612
1612
1612
1622
1643
1644
1661
1675
1717
1717
1717
1728
1740
1752
1777
1811
1843
1873
1940
1987
2034
2054
2102
2130
2158
2164
2176
2227
2246
2257
2262
2291
2309
2318
2351
2364
2380
2380
2422
2422
2422
2429
2429
2436
2452
2490
2503
2561
2562
2572
2585
2625
2628
2677
2677
2701
2701
2704
2717
2758
2760
2760
2763
2799
2811
2820
2820
2820
2830
2869
2928
2928
2955
2992
3015
3015
3019
3031
3043
3077
3086
3086
3099
3139
3174
3183
3219
3237
3237
3237
3237
3237
3243
3255
3255
3255
3286
3289
3300
3304
3338
3342
3363
3422
3427
3432
3450
3450
3450
3450
3493
3511
3533
3553
3565
3565
3565
3565
3587
3587
3594
3598
3607
3607
3650
3691
3715
3715
3724
3727
3751
3754
3795
3835
3871
3871
3871
3894
3896
3905
3934
3957
3957
3957
3957
3973
3973
3994
3994
3994
3994
4028
4028
4028
4051
4062
4084
4111
4113
4120
4159
4168
4168
4168
4182
4211
4211
4240
4297
4344
4393
4434
4436
4472
4493
4506
4532
4535
4554
4570
4578
4601
4601
4621
4662
4681
4696
4733
4733
4733
4733
4745
4805
4846
4865
4923
4970
4974
4974
4985
5010
5026
5049
5058
5090
5112
5163
5186
5215
5215
5222
5222
5228
5243
5280
5307
5307
5307
5334
5346
5387
5418
5418
5418
5430
5439
5476
5486
5495
5495
5495
5518
5539
5563
5592
5665
5665
5668
5686
5725
5765
5818
5818
5845
5856
5904
5904
5941
5944
5944
5945
5945
5996
6014
6014
6014
6059
6081
6106
6123
6158
6164
6209
6226
6242
6269
6276
6319
6320
6326
6326
6362
6363
6381
6390
6392
6392
6392
6392
6392
6392
6411
6411
6418
6418
6418
6421
6421
6421
6432
6453
6453
6462
6479
6522
6543
6543
6543
6557
6564
6594
6656
6681
6681
6681
6681
6698
6701
6719
6727
6728
6728
6766
6766
6785
6785
6785
6788
6788
6794
6843
6888
6901
6901
6901
6912
6925
6925
6952
6971
6972
6985
7004
7023
7024
7068
7068
7068
7068
7085
7085
7085
7114
7114
7163
7165
7165
7165
7216
7216
7216
7218
7254
7266
7266
7278
7291
7323
7334
7362
7373
7410
7437
7443
7466
7477
7504
7512
7521
7522
7534
7589
7670
7687
7709
7763
7791
7791
7808
7815
7868
7901
7901
7951
7958
7958
7970
8010
8023
8044
8044
