0
0
4
15
50
74
76
100
128
128
128
135
154
160
186
187
187
206
222
242
257
272
283
284
285
285
295
297
309
309
309
331
345
345
351
376
380
393
428
434
441
453
455
457
458
494
494
511
529
533
533
533
533
549
549
559
563
570
570
598
624
636
640
644
653
669
682
708
737
747
747
747
764
770
779
803
816
816
816
816
828
830
846
846
847
847
870
870
870
888
892
908
932
939
947
970
970
970
970
980
1001
1001
1032
1072
1084
1117
1149
1149
1173
1189
1206
1214
1226
1234
1247
1254
1272
1272
1288
1316
1327
1340
1362
1363
1363
1363
1382
1413
1434
1449
1502
1513
1515
1515
1532
1552
1552
1570
1578
1603
1614
1646
1653
1674
1674
1683
1685
1701
1704
1729
1749
1750
1752
1779
1780
1807
1824
1824
1828
1840
1843
1870
1885
1889
1893
1893
1914
1921
1951
1964
1999
1999
2006
2032
2040
2080
2103
2103
2123
2129
2161
2164
2187
2187
2187
2190
2198
2236
2236
2236
2244
2275
2286
2307
2311
2333
2344
2376
2384
2397
2421
2427
2450
2450
2458
2463
2480
2485
2502
2506
2508
2508
2511
2513
2517
2517
2530
2530
2538
2538
2543
2543
2543
2555
2557
2574
2574
2584
2603
2632
2637
2637
2637
2653
2653
2672
2714
2726
2731
2731
2731
2744
2758
2766
2772
2772
2772
2799
2799
2814
2816
2816
2821
2821
2829
2859
2893
2900
2900
2900
2910
2920
2921
2946
2956
2961
2974
2994
2999
3004
3026
3026
3030
3039
3043
3044
3046
3065
3071
3095
3100
3100
3100
3133
3133
3137
3147
3165
3172
3177
3186
3212
3220
3228
3247
3263
3286
3295
3305
3316
3342
3346
3356
3364
3368
3385
3420
3457
3471
3488
3519
3534
3534
3548
3570
3582
3604
3604
3638
3640
3640
3660
3682
3689
3700
3703
3703
3707
3728
3760
3772
3801
3801
3801
3812
3820
3830
3860
3868
3873
3873
3880
3886
3916
3930
3930
3939
3941
3946
3946
3970
3977
3992
4008
4038
4042
4045
4072
4074
4074
4076
4085
4090
4137
4162
4162
4191
4194
4229
4234
4238
4238
4244
4258
4264
4289
4293
4298
4309
4325
4344
4345
4359
4362
4364
4364
4376
4389
4411
4414
4422
4427
4427
4427
4471
4471
4492
4493
4500
4508
4515
4522
4525
4525
4540
4540
4543
4558
4578
4593
4593
4601
4601
4630
4643
4655
4689
4719
4722
4723
4723
4734
4760
4763
4790
4792
4792
4793
4793
4807
4831
4831
4841
4841
4841
4869
4871
4871
4877
4878
4897
4912
4924
4947
4989
4989
4989
4993
5009
5023
5025
5037
5054
5065
5088
5103
5103
5118
5129
5167
5169
5170
5172
5180
5180
5194
5196
5198
5201
5217
5219
5243
5243
5245
5245
5263
5272
5276
5298
5321
5332
5332
5338
5344
5356
5356
5386
5395
5424
5437
5475
5500
5540
5548
5587
5597
5612
5617
5643
5661
5678
