0
209
487
720
1017
1292
1615
1836
2255
2554
2859
3263
3554
3881
4194
4581
4920
5310
5626
5927
6298
6513
6746
6995
7354
7675
8055
8369
8618
8914
9188
9395
9789
10137
10489
10830
11253
11580
11945
12418
12845
13143
13584
13868
14158
14475
14782
15137
15409
15703
16064
16344
16675
16969
17301
17544
17766
18191
18533
18955
19201
19604
19903
20213
20548
20872
21118
21368
21711
22127
22476
22792
23080
23323
23664
24078
24442
24717
25037
25255
25553
25868
26151
26293
26569
26688
26904
27168
27572
27919
28343
28727
29016
29254
29424
29733
30029
30406
30658
30867
31137
31377
31646
31991
32221
32503
32870
33143
33429
33778
34014
34227
34580
34857
35126
35453
35723
36174
36412
36717
37024
37214
37567
37797
38109
38493
38773
39045
39342
39595
40031
40343
40642
40923
41328
41670
42034
42361
42750
42990
43252
43426
43721
44076
44418
44771
45093
45430
45737
45964
46305
46536
46813
47074
47409
47864
48143
48398
48710
49049
49324
49483
49715
50140
50491
50751
51115
51434
51627
51880
52131
52535
52865
53204
53384
53720
54070
54520
54759
55112
55349
55712
55889
56068
56486
56822
57118
57493
57855
58052
58329
58568
58897
59297
59526
59831
60149
60441
60746
61062
61412
61844
62124
62537
62821
63113
63423
63844
64097
64409
64718
65155
65507
65786
66040
66436
66660
66902
67131
67464
67774
68077
68415
68720
68940
69368
69793
70050
70420
70666
71084
71379
71701
71990
72245
72565
72963
73314
73581
73855
74049
74301
74526
74762
75074
75346
75535
75799
76047
76502
76808
77095
77401
77800
78123
78488
78770
79130
79422
79761
80095
80355
80610
81002
81381
81583
81895
82204
82573
82872
83129
83356
83570
83963
84311
84514
84769
85038
85463
85802
86182
86583
86868
87230
87491
87825
88130
88388
88678
88923
89240
89690
89917
90190
90509
90749
91060
91342
91581
92005
92327
92662
92953
93198
93525
93790
94052
94418
94739
94986
95336
95729
96017
96257
96468
96794
97154
97452
97812
98085
98485
98726
98981
99245
99579
99923
100172
100555
100957
101234
101543
101802
102096
102480
102741
103036
103302
103547
103874
104192
104414
104763
105024
105287
105557
106015
106357
106757
107102
107353
107706
108004
108250
108628
108987
109196
109440
109576
109935
110253
110635
110946
111305
111538
111954
112420
112688
113053
113471
113816
114145
114326
114574
114869
115176
115441
115683
115987
116241
116519
116842
117197
117488
117932
118350
118607
118982
119417
119633
120072
120343
120559
120832
121215
121510
121809
122181
122480
122797
123106
123366
123697
124018
124408
124694
124876
125225
125447
125766
126237
126599
126842
127252
127532
127837
128223
128580
128866
129386
129723
130025
130330
130552
130768
131074
131330
131646
131940
132331
132703
132963
133212
133425
133742
133991
134202
134453
134790
135022
135295
135539
135781
136059
136370
136736
137076
137387
137769
138040
138284
138477
138931
139208
139519
139791
140017
140278
140521
140830
141089
141456
141716
141946
142299
142658
142999
143333
143598
143830
144174
144440
144806
145039
145361
145640
145841
146081
146362
146672
147055
147368
147739
148055
148369
148648
148966
149183
149419
149715
150009
150294
150541
150857
151200
151527
151855
152187
152544
152994
153274
153490
