0
252
532
753
967
1245
1607
2033
2371
2632
2980
3219
3516
3758
4158
4553
4869
5161
5389
5661
5860
6324
6628
6892
7199
7575
7835
8230
8457
8811
9108
9358
9650
9919
10175
10473
10690
10914
11185
11505
11955
12199
12687
12973
13313
13640
13916
14280
14609
14837
15145
15381
15712
16091
16369
16640
17003
17333
17664
17990
18325
18632
18792
19082
19400
19784
20089
20391
20684
21077
21324
21627
21896
22155
22496
22779
23118
23457
23622
23957
24270
24637
24900
25214
25542
25870
26199
26479
26770
26975
27272
27657
27944
28273
28724
28993
29421
29819
30260
30637
30923
31093
31335
31709
32016
32238
32515
32895
33297
33604
34079
34391
34772
35084
35379
35645
36007
36400
36784
37052
37388
37626
37905
38212
38422
38835
39139
39405
39736
39929
40293
40568
40821
41108
41357
41648
41991
42304
42656
42918
43285
43590
43838
44087
44295
44652
44884
45220
45523
45857
46201
46619
46901
47271
47522
47791
48197
48528
48780
49010
49204
49460
49785
50103
50391
50757
51015
51579
52072
52371
52622
52916
53270
53617
53987
54307
54666
54997
55342
55599
55802
56007
56408
56660
56873
57157
57566
57880
58254
58416
58593
58962
59279
59614
59787
60092
60374
60696
61048
61399
61784
62161
62472
62833
63212
63409
63748
63972
64346
64693
64900
65191
65405
65630
65909
66155
66418
66799
67088
67429
67720
68122
68524
68812
69114
69525
69817
70051
70308
70709
70991
71247
71571
71932
72297
72580
72775
73144
73475
73760
74081
74390
74741
74979
75261
75648
75962
76248
76544
76903
77141
77439
77915
78246
78595
79080
79514
80019
80402
80710
81022
81438
81644
81861
82162
82412
82738
83023
83389
83709
84021
84427
84752
85092
85371
85613
86017
86271
86597
86898
87250
87577
87877
88179
88578
88873
89224
89555
89800
90055
90333
90709
91114
91337
91650
91945
92263
92495
92761
93113
93499
93764
94170
94480
94738
95167
95458
95757
96078
96410
96788
97224
97611
97975
98301
98544
98777
99109
99346
99721
99986
100252
100577
100856
101281
101511
101912
102232
102612
102980
103426
103836
104112
104284
104654
104896
105205
105574
105886
106166
106378
106609
106959
107279
107522
107773
108127
108460
108753
109007
109299
109547
109810
109992
110315
110648
111001
111277
111644
111885
112218
112476
112756
112999
113334
113677
113900
114119
114328
114565
114917
115258
115593
115908
116142
116478
116709
116992
117355
117541
117789
118222
118622
118969
119229
119662
119999
120298
120626
121007
121468
121763
122087
122441
122699
122928
123182
123589
123872
124099
124348
124637
124902
125207
125567
125773
126149
126509
126940
127191
127470
127682
127887
128163
128407
128638
129103
129380
129689
130092
130434
130653
130913
131265
131543
131977
132188
132453
132766
133085
133285
133674
134063
134379
134796
135121
135433
135751
135980
136320
136550
136868
137090
137303
137480
137840
138250
138505
138937
139267
139514
139724
139975
140324
140590
140950
141281
141560
141893
142120
142409
142670
142856
143138
143496
143785
144064
144387
144628
144961
145233
145424
145736
146164
146515
146767
147020
147187
147405
147677
148054
148288
148616
148971
149425
149743
150117
150430
150697
151015
151312
151602
151922
152332
152650
152980
153314
153628
153925
154253
154468
