0
510
853
1048
1587
1896
2271
2559
2744
3032
3359
3575
3902
4127
4452
4637
4946
5335
5675
5978
6414
6796
7107
7451
7825
8194
8511
8759
9011
9285
9679
9973
10376
10610
11009
11252
11523
11866
12127
12507
12832
13100
13320
13644
13901
14326
14622
15025
15347
15660
15987
16405
16780
16941
17430
17832
18191
18466
18729
18974
19205
19540
19830
20085
20526
20799
21130
21416
21607
21845
22127
22461
22681
22855
23197
23492
23727
23945
24231
24448
24847
25226
25489
25848
26193
26479
26714
26946
27309
27657
27900
28228
28489
28647
28982
29264
29582
29918
30138
30483
30835
31097
31453
31782
32034
32261
32633
32913
33229
33506
33805
34036
34242
34532
34742
35115
35471
35848
36175
36533
36786
37039
37408
37551
37899
38130
38461
38671
38942
39266
39638
39974
40284
40635
41119
41446
41735
41948
42301
42572
42826
43096
43391
43672
43897
44279
44547
44873
45279
45635
46000
46275
46554
46792
46970
47314
47578
48031
48300
48634
48938
49207
49631
49904
50080
50327
50612
51035
51405
51597
51968
52258
52530
52780
53020
53281
53488
53783
54081
54378
54696
54981
55330
55661
56058
56328
56668
56997
57284
57691
58021
58406
58791
59084
59368
59640
59805
60116
60423
60789
61177
61418
61707
62011
62263
62478
62848
63195
63618
63896
64410
64782
65150
65564
65920
66260
66704
67044
67282
67603
67932
68169
68532
68866
69113
69504
69760
70133
70375
70665
70901
71344
71803
72096
72306
72734
72994
73321
73622
73959
74221
74543
74895
75248
75614
75836
76133
76529
76742
77227
77579
77859
78103
78349
78645
79015
79153
79427
79584
79764
80046
80382
80678
81059
81445
81835
82109
82292
82509
82861
83225
83462
83700
83953
84228
84465
84774
85043
85286
85599
85968
86254
86538
86839
86988
87410
87674
87925
88125
88495
88895
89274
89468
89779
90042
90309
90628
90886
91205
91571
91847
92146
92388
92729
93129
93428
93751
94068
94417
94793
95101
95392
95797
96053
96267
96494
96894
97149
97517
97829
98206
98523
98741
99027
99349
99624
99891
100184
100571
100902
101181
101458
101843
102045
102280
102461
102818
103237
103515
103815
104195
104414
104679
104905
105221
105596
105947
106161
106518
106775
107201
107582
107855
108176
108435
108721
108900
109214
109596
109788
110246
110591
110832
111133
111361
111660
112028
112294
112540
112935
113170
113533
113822
114158
114573
114928
115246
115605
115886
116165
116587
116837
117126
117451
117874
118251
118543
118782
119123
119447
119670
119934
120192
120572
120857
121153
121444
121772
122048
122394
122850
123132
123403
123785
124145
124460
124684
125022
125338
125665
126088
126416
126679
126855
127138
127365
127604
127868
128170
128385
128608
128904
129243
129530
129883
130146
130500
130979
131306
131594
131943
132290
132579
132905
133150
133430
133771
134151
134421
134669
135036
135411
135739
135984
136169
136368
136787
137083
137319
137536
137859
138258
138620
138916
139323
139669
139964
140295
140634
140945
141210
141480
141801
142042
142419
142727
143033
143288
143655
143815
144125
144374
144722
145095
145418
145691
146040
146347
146627
146849
147207
147542
147804
148141
148499
148827
149048
149251
149597
149887
150220
150552
150822
151195
151549
151782
152005
152374
152653
152940
153229
