0
282
580
826
1060
1386
1744
2067
2315
2660
3017
3455
3724
3938
4263
4497
4790
5048
5272
5568
5846
6124
6444
6669
7064
7422
7743
8086
8370
8540
8704
8965
9301
9652
9983
10262
10585
10850
11254
11552
11727
11857
12185
12570
12960
13182
13500
13748
13998
14260
14508
14785
14983
15294
15505
15777
16084
16385
16737
17020
17374
17691
17950
18299
18546
18956
19292
19645
20045
20367
20605
20858
21002
21298
21585
21961
22343
22577
22828
23174
23372
23582
23969
24309
24702
24920
25413
25723
26100
26522
26868
27176
27591
27932
28137
28456
28751
29041
29422
29645
29971
30267
30554
30908
31184
31435
31669
31987
32353
32727
33013
33324
33650
33977
34234
34558
34821
35048
35360
35766
36130
36392
36623
36897
37215
37671
37979
38236
38491
38734
38980
39249
39517
39725
39946
40102
40266
40613
40908
41249
41653
42026
42252
42496
42642
42983
43242
43586
43845
44066
44343
44544
44842
45135
45294
45615
46018
46313
46535
46846
47027
47285
47626
47869
48101
48445
48800
49087
49385
49609
49862
50114
50454
50654
50978
51370
51597
51854
52085
52431
52785
53087
53377
53665
53998
54354
54694
54965
55375
55589
55802
55964
56276
56613
56989
57334
57666
57905
58205
58449
58776
59069
59251
59529
59839
60236
60561
60754
61011
61373
61601
61746
62058
62430
62791
63008
63336
63661
63889
64108
64353
64761
65040
65324
65591
65860
66151
66613
66862
67215
67449
67756
67892
68090
68512
68769
69087
69465
69763
69965
70254
70525
70878
71161
71337
71685
71982
72299
72553
72828
73247
73578
73866
74251
74540
74815
75235
75495
75762
76123
76403
76860
77093
77380
77636
77983
78243
78468
78648
78985
79271
79597
79917
80238
80455
80785
81259
81538
81822
82082
82491
82797
83084
83381
83650
83940
84374
84661
84913
85112
85329
85590
85802
86008
86319
86580
86753
87022
87265
87657
87971
88231
88581
88932
89304
89585
89938
90229
90505
90817
91109
91319
91595
91958
92330
92469
92852
93182
93531
93744
93976
94174
94416
94785
95061
95269
95539
95879
96265
96562
96954
97273
97584
97893
98138
98499
98742
99016
99269
99505
99833
100242
100459
100753
101089
101254
101584
101814
102073
102466
102826
103071
103334
103613
103906
104140
104438
104763
105093
105379
105652
106092
106315
106488
106781
107108
107367
107673
107954
108267
108652
108892
109102
109383
109744
110035
110287
110720
111071
111347
111588
111873
112126
112439
112672
113037
113242
113469
113815
114109
114339
114670
114967
115175
115407
115909
116208
116594
116918
117164
117519
117735
118061
118393
118738
118930
119136
119323
119661
120052
120299
120608
120948
121177
121677
121998
122229
122647
122991
123335
123657
123833
124008
124375
124614
124894
125078
125435
125644
125921
126234
126582
126886
127290
127689
128026
128289
128687
129009
129362
129598
129799
130087
130441
130778
131034
131354
131718
131964
132205
132570
132805
133156
133444
133757
133922
134264
134435
134837
135192
135554
135829
136192
136507
136868
137292
137462
137872
138265
138646
138865
139164
139361
139607
139846
140179
140380
140801
141132
141441
141675
141867
142077
142401
142674
142842
143044
143394
143637
143879
144110
144339
144570
144949
145273
145578
145879
146213
146514
146715
146930
