0
308
624
882
1132
1479
1864
2216
2493
2854
3248
3696
3976
4218
4573
4821
5138
5412
5658
5976
6289
6594
6941
7198
7630
8006
8368
8745
9060
9255
9447
9733
10092
10474
10828
11134
11474
11761
12198
12522
12722
12878
13233
13640
14055
14308
14647
14923
15192
15483
15778
16069
16292
16627
16855
17153
17493
17810
18193
18510
18889
19230
19508
19878
20143
20588
20955
21323
21743
22086
22348
22626
22799
23124
23435
23840
24257
24510
24797
25165
25399
25630
26048
26410
26820
27067
27592
27934
28326
28774
29150
29479
29922
30270
30504
30837
31161
31476
31886
32145
32501
32816
33141
33521
33829
34104
34354
34687
35074
35479
35788
36124
36480
36832
37102
37444
37746
37991
38339
38776
39163
39441
39697
39986
40329
40809
41147
41440
41723
42000
42262
42551
42836
43081
43314
43490
43669
44042
44352
44725
45154
45544
45801
46063
46233
46590
46879
47252
47533
47774
48077
48307
48637
48957
49153
49506
49937
50246
50492
50830
51034
51313
51683
51961
52225
52575
52949
53256
53569
53828
54114
54402
54773
54980
55333
55754
56002
56298
56569
56945
57322
57645
57949
58283
58641
59029
59402
59685
60122
60383
60612
60804
61129
61481
61884
62261
62608
62879
63209
63474
63840
64142
64360
64673
65008
65423
65783
66012
66310
66711
66961
67131
67458
67842
68237
68472
68815
69166
69413
69662
69930
70369
70665
70978
71268
71551
71868
72347
72630
73007
73254
73609
73775
74005
74451
74743
75099
75511
75835
76069
76399
76692
77052
77351
77569
77929
78252
78601
78878
79168
79611
79978
80288
80702
81016
81313
81763
82042
82339
82721
83014
83504
83763
84070
84363
84731
85009
85255
85469
85832
86141
86481
86835
87183
87429
87787
88297
88599
88905
89179
89609
89930
90254
90578
90884
91194
91652
91950
92240
92460
92708
92986
93228
93470
93799
94079
94278
94577
94854
95277
95623
95909
96279
96641
97040
97352
97741
98047
98350
98685
99008
99258
99557
99940
100337
100505
100924
101289
101655
101887
102150
102373
102640
103030
103339
103586
103882
104244
104646
104975
105396
105742
106076
106413
106701
107097
107369
107651
107934
108202
108545
108972
109214
109520
109890
110078
110430
110675
110966
111382
111765
112029
112318
112616
112930
113202
113533
113880
114237
114544
114833
115296
115539
115731
116059
116403
116681
117008
117301
117644
118060
118320
118547
118847
119222
119543
119820
120275
120657
120950
121224
121529
121818
122156
122414
122820
123065
123321
123673
123984
124236
124588
124907
125138
125383
125926
126250
126664
127028
127304
127686
127927
128285
128634
129010
129234
129460
129676
130040
130461
130745
131078
131441
131692
132213
132557
132807
133247
133612
133982
134327
134525
134733
135131
135389
135702
135916
136300
136526
136822
137159
137539
137886
138317
138742
139096
139364
139788
140130
140505
140758
141007
141325
141705
142085
142379
142723
143104
143379
143662
144044
144298
144687
144993
145336
145534
145902
146100
146543
146928
147315
147623
148002
148328
148725
149168
149362
149795
150215
150614
150865
151199
151427
151686
151954
152306
152524
152970
153346
153673
153918
154132
154374
154715
155002
155190
155418
155797
156054
156341
156598
156863
157112
157511
157858
158200
158525
158880
159218
159455
159704
