0
371
647
972
1253
1581
1994
2282
2555
2978
3239
3621
3933
4284
4743
5144
5486
5885
6188
6476
6956
7241
7549
7905
8332
8754
9084
9344
9712
10069
10325
10616
10911
11317
11628
11979
12290
12641
12945
13327
13820
14122
14433
14821
15238
15576
15840
16210
16564
16897
17374
17726
18024
18234
18547
18804
19071
19336
19681
19929
20176
20490
20875
21187
21577
21860
22222
22716
23098
23414
23779
24134
24484
24819
25060
25370
25751
26156
26453
26723
27111
27514
27893
28140
28352
28571
29019
29338
29605
29861
30219
30630
31039
31379
31810
32179
32514
32865
33236
33593
33884
34188
34538
34819
35223
35544
35891
36166
36535
36734
37069
37353
37722
38135
38506
38805
39170
39508
39820
40082
40481
40822
41148
41508
41889
42197
42484
42709
43087
43424
43773
44130
44449
44854
45263
45509
45759
46154
46461
46765
47091
47560
47954
48315
48550
48931
49229
49561
49874
50206
50507
50822
51142
51522
51823
52154
52481
52695
53079
53557
53947
54288
54704
55010
55491
55679
56063
56407
56801
57061
57252
57563
57895
58338
58669
59001
59364
59658
60190
60538
60824
61331
61631
62066
62372
62597
62922
63258
63500
63889
64079
64454
64730
65090
65447
65811
66174
66602
67012
67364
67777
68137
68523
68856
69131
69413
69781
70146
70465
70914
71160
71587
71852
72183
72547
72834
73226
73631
73901
74163
74487
74809
75286
75638
76048
76443
76696
77094
77543
77940
78135
78656
79110
79462
79769
80056
80350
80622
80991
81304
81588
82061
82350
82725
83047
83239
83486
83819
84152
84401
84628
85026
85324
85597
85852
86155
86397
86839
87217
87564
87958
88284
88620
88881
89188
89550
89941
90200
90549
90847
91019
91374
91671
92044
92385
92617
93004
93418
93702
94084
94409
94693
94994
95373
95686
96027
96353
96676
96921
97170
97482
97789
98122
98512
98900
99271
99643
99982
100277
100608
100806
101168
101436
101798
102063
102368
102743
103133
103467
103858
104174
104687
105095
105372
105663
105993
106301
106621
106902
107229
107551
107750
108175
108457
108815
109281
109627
110022
110320
110612
110880
111077
111424
111768
112213
112545
112899
113237
113574
114026
114327
114506
114770
115122
115573
115942
116212
116571
116916
117232
117517
117786
118092
118343
118674
118992
119316
119655
120030
120366
120719
121149
121451
121876
122219
122523
123000
123381
123775
124160
124518
124795
125108
125308
125679
126013
126427
126810
127102
127476
127755
128000
128300
128688
129063
129521
129869
130396
130748
131228
131650
132013
132408
132836
133152
133446
133800
134135
134460
134824
135226
135519
135915
136183
136575
136872
137151
137495
137917
138415
138729
139058
139474
139772
140138
140471
140809
141076
141452
141898
142188
142566
142828
143173
143616
143878
144362
144754
145065
145337
145627
145964
146281
146480
146781
146945
147148
147475
147848
148220
148641
148988
149405
149711
149925
150172
150548
150912
151193
151440
151736
152028
152342
152669
152944
153239
153621
153982
154277
154624
154913
155128
155555
155831
156148
156401
156787
157198
157578
157824
158129
158417
158783
159083
159399
159774
160111
160457
160754
161007
161445
161832
162159
162482
162864
163236
163667
163966
164321
164742
165007
165256
165580
165924
166249
166669
167000
167390
167748
167992
168337
