0
267
575
891
1154
1504
1865
2112
2472
2722
3084
3345
3624
3904
4303
4761
5042
5279
5687
5983
6289
6615
6914
7175
7521
7946
8203
8574
8787
9103
9511
9749
10204
10553
10845
11086
11345
11656
11977
12144
12393
12549
12734
13030
13365
13703
14091
14414
14808
15074
15256
15474
15822
16183
16446
16663
16932
17207
17470
17783
18010
18278
18625
18958
19228
19537
19828
19994
20389
20643
20897
21140
21493
21878
22251
22473
22749
23026
23334
23594
23893
24181
24553
24835
25122
25369
25742
26112
26423
26716
27057
27413
27790
28080
28404
28792
29020
29247
29506
29862
30139
30517
30813
31198
31513
31735
32030
32317
32598
32895
33172
33573
33883
34181
34469
34826
35019
35260
35486
35837
36199
36505
36822
37196
37424
37675
37883
38236
38602
38952
39145
39483
39756
40212
40560
40822
41133
41400
41695
41872
42186
42556
42761
43239
43560
43809
44113
44328
44640
44993
45275
45487
45908
46139
46477
46791
47099
47564
47878
48198
48571
48850
49151
49592
49782
50076
50432
50854
51221
51544
51762
52135
52424
52639
52891
53148
53560
53842
54132
54405
54735
55017
55375
55805
56110
56395
56754
57115
57428
57635
57981
58364
58688
59038
59388
59644
59820
60119
60338
60579
60844
61132
61342
61579
61886
62247
62556
62852
63140
63511
63940
64262
64560
64926
65266
65560
65863
66172
66384
66730
67107
67402
67644
68035
68384
68713
68955
69122
69327
69750
70064
70271
70503
70823
71210
71652
71895
72335
72648
72966
73275
73596
73925
74169
74446
74761
75022
75414
75714
75998
76276
76616
76801
77094
77334
77721
78052
78421
78648
79044
79308
79594
79814
80162
80496
80758
81133
81474
81819
82019
82260
82549
82901
83174
83559
83806
84190
84524
84764
84979
85328
85639
85899
86210
86682
87018
87317
87531
87870
88207
88447
88752
89051
89304
89623
89879
90206
90518
90812
91100
91277
91647
92101
92426
92780
93107
93354
93802
94013
94342
94665
94997
95232
95355
95674
95943
96381
96699
97019
97314
97683
98145
98422
98705
99184
99434
99882
100121
100324
100581
100914
101115
101487
101725
101989
102232
102608
102922
103264
103546
103984
104345
104678
105069
105368
105800
106072
106335
106568
106940
107214
107504
107915
108162
108584
108808
109102
109436
109727
110101
110450
110662
110917
111177
111486
111974
112251
112603
112976
113208
113578
114011
114383
114575
115037
115456
115796
116090
116298
116590
116816
117143
117415
117681
118135
118411
118717
119010
119178
119424
119730
120012
120225
120473
120809
121095
121333
121544
121826
122118
122456
122842
123135
123495
123833
124116
124298
124625
124932
125270
125530
125794
126079
126224
126600
126818
127178
127466
127680
128034
128424
128687
129081
129328
129576
129866
130209
130503
130802
131103
131370
131612
131816
132100
132372
132716
133039
133421
133748
134137
134397
134675
134956
135122
135454
135719
136060
136297
136591
136910
137247
137538
137926
138233
138694
139074
139309
139609
139883
140166
140412
140674
141005
141283
141456
141847
142116
142515
142902
143227
143590
143896
144100
144356
144523
144891
145178
145567
145867
146271
146522
146848
147217
147506
147642
147874
148217
148684
148960
149205
149512
149832
150107
150404
150563
150877
151046
151367
151624
151946
152216
