0
354
639
996
1355
1826
2140
2426
2757
3119
3413
3727
3909
4317
4653
5024
5359
5710
5961
6358
6841
7180
7535
7855
8277
8630
8958
9299
9599
9936
10424
10738
11061
11331
11603
11878
12129
12415
12742
13027
13232
13565
13824
14312
14637
14954
15350
15731
16128
16486
16865
17160
17488
17834
18206
18439
18751
19161
19582
19765
20161
20491
20891
21189
21481
21675
21989
22405
22730
22992
23295
23607
24072
24426
24839
25237
25561
25926
26254
26616
26922
27254
27555
27856
28193
28685
28908
29236
29605
29819
30158
30459
30752
31195
31582
31883
32199
32493
32836
33130
33435
33806
34214
34476
34863
35249
35554
35817
36093
36466
36816
37123
37497
37833
38296
38575
38837
39096
39513
39819
40134
40616
40980
41312
41629
41916
42224
42615
42905
43249
43544
43832
44187
44492
44794
45148
45462
45738
46021
46589
46946
47371
47729
48036
48391
48703
49012
49416
49802
50070
50358
50547
50944
51301
51657
52035
52421
52639
53189
53551
53823
54288
54684
55062
55421
55634
55884
56239
56533
56854
57104
57464
57748
58079
58417
58796
59113
59593
60011
60380
60717
61194
61459
61928
62220
62424
62792
63149
63555
63856
64216
64581
64901
65215
65547
65864
66273
66615
66968
67167
67530
67764
68140
68649
69043
69326
69778
70107
70505
70946
71220
71586
72102
72542
72759
73136
73375
73667
73959
74302
74586
74995
75396
75762
76054
76307
76539
76881
77217
77411
77700
78080
78303
78641
78898
79187
79452
79806
80239
80580
80917
81329
81651
81923
82169
82633
83001
83316
83606
83943
84159
84429
84745
85053
85478
85693
85993
86393
86707
87084
87477
87748
88018
88414
88671
89076
89359
89699
90014
90254
90587
90832
91174
91613
91935
92344
92716
93019
93322
93713
93915
94231
94562
94885
95157
95438
95825
96228
96591
96885
97268
97677
98157
98467
98726
99084
99378
99710
100012
100266
100619
100919
101262
101598
101858
102287
102696
103073
103443
103759
103980
104176
104475
104837
105225
105620
105950
106289
106596
107043
107391
107623
107778
108136
108574
109014
109278
109637
109963
110245
110556
110853
111172
111422
111778
112022
112338
112692
113038
113448
113772
114165
114536
114855
115249
115558
116006
116375
116784
117215
117570
117863
118164
118358
118699
119031
119443
119860
120117
120423
120814
121068
121320
121759
122140
122589
122871
123410
123760
124162
124638
125041
125388
125856
126211
126460
126814
127160
127486
127916
128203
128561
128913
129262
129645
129953
130257
130520
130892
131306
131731
132085
132438
132811
133167
133462
133850
134161
134437
134802
135240
135635
135952
136227
136554
136929
137423
137785
138089
138391
138688
138977
139264
139563
139842
140100
140287
140474
140870
141198
141578
142036
142447
142727
143009
143205
143576
143864
144229
144529
144781
145102
145338
145700
146021
146233
146597
147047
147379
147635
147980
148207
148498
148899
149177
149475
149842
150240
150565
150904
151180
151470
151772
152180
152404
152792
153200
153464
153770
154049
154447
154843
155199
155523
155856
156235
156630
157014
157336
157790
158055
158320
158530
158889
159247
159648
160041
160427
160721
161062
161377
161733
162036
162259
162589
162943
163400
163777
164025
164341
164737
164997
165179
165537
165935
166343
166594
166972
167347
167636
167885
