0
234
490
680
890
1150
1497
1909
2229
2476
2808
3031
3310
3533
3931
4321
4629
4903
5120
5381
5552
6006
6302
6549
6852
7208
7446
7839
8059
8399
8688
8920
9208
9467
9717
10003
10210
10411
10671
10951
11380
11612
12072
12348
12681
12994
13257
13610
13931
14143
14435
14650
14964
15339
15608
15850
16202
16522
16838
17160
17478
17786
17930
18193
18503
18862
19148
19440
19711
20101
20342
20633
20893
21133
21463
21731
22056
22380
22548
22865
23157
23520
23762
24053
24362
24670
24986
25254
25528
25715
26004
26376
26655
26968
27397
27638
28056
28445
28859
29221
29496
29642
29861
30221
30516
30730
31000
31363
31756
32034
32491
32789
33149
33447
33731
33979
34336
34717
35084
35343
35660
35885
36143
36435
36633
37028
37314
37573
37892
38065
38410
38665
38891
39171
39404
39679
39998
40292
40624
40856
41209
41490
41730
41957
42155
42503
42711
43031
43317
43640
43955
44355
44625
44985
45212
45468
45868
46175
46410
46625
46802
47040
47351
47653
47923
48269
48518
49066
49544
49821
50066
50338
50676
51007
51358
51648
51993
52315
52630
52864
53055
53232
53606
53838
54038
54310
54710
55004
55364
55506
55674
56026
56334
56660
56827
57106
57370
57683
58009
58350
58711
59089
59389
59745
60111
60290
60618
60843
61194
61523
61723
61999
62210
62421
62688
62924
63178
63544
63821
64154
64428
64814
65206
65463
65754
66145
66423
66648
66879
67262
67527
67771
68087
68435
68772
69050
69235
69588
69908
70167
70482
70774
71112
71331
71596
71964
72266
72534
72809
73150
73374
73662
74122
74442
74779
75255
75680
76171
76543
76831
77131
77527
77719
77916
78217
78461
78768
79032
79381
79682
79992
80381
80685
81011
81290
81514
81901
82148
82462
82759
83108
83421
83703
83997
84391
84671
85011
85328
85566
85803
86067
86433
86816
87020
87305
87588
87898
88123
88381
88722
89084
89344
89745
90051
90287
90700
90982
91268
91581
91883
92250
92669
93034
93381
93697
93934
94155
94480
94700
95073
95319
95570
95887
96160
96582
96799
97177
97482
97841
98206
98647
99039
99303
99461
99821
100047
100334
100682
100989
101256
101455
101666
101998
102302
102534
102770
103113
103428
103706
103945
104222
104461
104712
104883
105194
105518
105856
106113
106461
106693
107010
107263
107536
107768
108090
108416
108629
108829
109032
109262
109622
109941
110264
110560
110786
111108
111329
111608
111956
112129
112362
112781
113169
113497
113739
114153
114483
114773
115083
115447
115894
116171
116485
116819
117055
117271
117507
117906
118176
118392
118628
118905
119158
119449
119796
119989
120356
120698
121129
121366
121634
121837
122035
122292
122521
122744
123187
123451
123751
124147
124477
124679
124934
125250
125514
125944
126137
126391
126685
126999
127180
127562
127946
128260
128654
128963
129267
129578
129783
130124
130347
130647
130861
131073
131247
131596
131989
132223
132644
132952
133178
133385
133612
133944
134189
134531
134850
135115
135433
135643
135918
136170
136354
136630
136971
137240
137506
137812
138048
138375
138639
138818
139119
139530
139872
140110
140344
140493
140706
140958
141321
141549
141854
142193
142639
142945
143301
143621
143864
144179
144464
144739
145045
145454
145753
146069
146390
146696
146982
147294
147492
