0
448
811
1018
1535
1945
2257
2540
2838
3073
3324
3673
3963
4219
4681
5021
5314
5549
5734
6019
6302
6565
6795
7120
7424
7724
7992
8220
8527
8815
9185
9549
9861
10248
10576
10863
11076
11458
11708
12063
12367
12608
12900
13115
13454
13684
14073
14350
14593
14936
15335
15602
16003
16298
16546
16855
17186
17510
17851
18156
18441
18725
18922
19252
19516
19931
20266
20602
20941
21333
21633
21905
22190
22423
22726
22998
23345
23613
23912
24237
24577
24930
25260
25616
26067
26444
26695
26995
27297
27574
27849
28141
28456
28753
28928
29374
29616
30046
30438
30795
31135
31506
31695
31932
32124
32513
32800
33234
33546
33923
34180
34548
34972
35212
35377
35623
36004
36447
36756
37062
37343
37670
37977
38285
38473
38783
38978
39306
39631
40001
40197
40564
40868
41200
41620
41913
42320
42642
43001
43389
43812
44107
44423
44789
45047
45294
45516
45885
46210
46644
46988
47265
47607
47891
48117
48494
48806
49193
49561
49981
50370
50712
51230
51606
51939
52316
52681
52993
53264
53605
53981
54253
54588
54984
55234
55602
55868
56267
56514
56782
57083
57519
57943
58219
58585
58927
59266
59590
59936
60185
60469
60783
61227
61535
61917
62136
62413
62814
63179
63563
63889
64173
64435
64672
65068
65313
65481
65770
65894
66121
66406
66819
67143
67594
67962
68273
68533
68736
68987
69350
69756
69969
70194
70477
70731
71057
71399
71650
71906
72322
72642
72896
73268
73515
73747
74131
74425
74692
74994
75313
75706
76005
76255
76553
76829
77187
77445
77776
78124
78448
78728
79010
79288
79758
80067
80360
80669
81074
81405
81800
82112
82496
82821
83091
83286
83554
83938
84299
84650
84998
85349
85632
85898
86243
86517
86777
87089
87440
87845
88165
88460
88747
89095
89349
89612
89848
90235
90569
90900
91224
91605
91824
92091
92336
92683
93115
93443
93631
93974
94263
94767
95060
95369
95663
96003
96229
96423
96820
97156
97435
97912
98285
98525
98831
99055
99409
99716
100006
100290
100655
100923
101292
101569
101943
102393
102688
103049
103440
103748
104033
104499
104746
105040
105414
105833
106175
106514
106731
107151
107379
107646
107901
108230
108572
108875
109209
109535
109767
110185
110609
110962
111302
111595
112003
112348
112624
112936
113202
113612
113999
114348
114629
114877
115097
115353
115621
115862
116193
116492
116681
116910
117225
117658
117984
118265
118538
118967
119353
119721
119972
120373
120700
121021
121354
121610
121849
122288
122661
122898
123175
123584
123941
124257
124531
124673
124964
125391
125699
125953
126187
126538
126965
127310
127681
128095
128379
128751
129045
129404
129705
129979
130301
130587
130875
131337
131577
131862
132173
132450
132725
133074
133247
133687
134030
134416
134695
134986
135296
135590
135855
136221
136560
136855
137217
137613
137900
138112
138413
138739
139082
139365
139740
140026
140401
140694
140955
141228
141573
141859
142191
142543
142948
143299
143620
143881
144175
144566
144793
145136
145432
145691
146024
146271
146614
146942
147236
147541
147782
148191
148616
148981
149369
149683
150008
150368
150612
150968
151373
151613
151878
152009
152346
152733
153096
153452
153788
154070
154451
154962
155186
155541
155990
156295
156721
156908
157187
157424
157800
158057
158369
158662
