0
299
566
843
1317
1546
1802
2132
2402
2663
2993
3165
3593
3914
4276
4538
4827
5136
5407
5642
5997
6333
6598
6950
7337
7623
7824
8101
8410
8733
9043
9398
9688
10030
10308
10567
10821
11181
11453
11771
12111
12503
12835
13136
13375
13674
14039
14272
14583
14865
15114
15443
15677
16022
16331
16616
16896
17120
17500
17905
18264
18635
18951
19264
19616
19841
20159
20560
20784
21035
21158
21472
21837
22191
22540
22867
23146
23501
24017
24226
24579
25021
25283
25720
25900
26141
26379
26742
26977
27283
27552
27822
28076
28426
28766
29048
29419
29840
30167
30549
30928
31214
31608
31910
32143
32393
32779
33070
33381
33793
33993
34404
34645
34941
35266
35572
35954
36281
36439
36775
37002
37333
37814
38184
38419
38807
39046
39434
39826
40204
40433
40967
41308
41617
41881
42157
42384
42648
42950
43262
43526
43936
44285
44577
44809
44997
45290
45590
45810
46041
46396
46615
46886
47141
47369
47655
47941
48322
48668
49008
49359
49654
49909
50106
50476
50788
51138
51391
51611
51897
52100
52417
52678
53024
53275
53498
53856
54232
54521
54899
55158
55438
55717
56044
56362
56650
56941
57216
57464
57649
57965
58228
58638
58925
59260
59617
59960
60253
60544
60766
61009
61276
61538
61891
62140
62401
62748
63091
63425
63735
64091
64531
64897
65101
65448
65736
65991
66255
66506
66844
67086
67283
67720
67972
68374
68767
69113
69429
69740
69947
70146
70334
70684
70980
71418
71681
72059
72333
72685
73065
73293
73459
73686
74090
74531
74752
75097
75328
75651
75964
76199
76403
76689
76909
77203
77481
77809
78014
78427
78741
79000
79445
79739
80075
80384
80753
81111
81498
81811
82093
82496
82707
82940
83168
83519
83865
84243
84565
84804
85110
85360
85584
85962
86291
86689
87029
87453
87792
88155
88627
89060
89349
89777
90057
90365
90668
90984
91326
91592
91906
92263
92549
92878
93148
93498
93739
93966
94367
94727
95144
95379
95752
96089
96397
96738
97060
97289
97560
97900
98315
98651
98979
99263
99505
99847
100251
100632
100905
101210
101438
101740
102050
102311
102469
102755
102871
103088
103352
103761
104074
104516
104916
105190
105409
105606
105907
106220
106600
106841
107064
107333
107552
107840
108164
108383
108681
109035
109321
109592
109941
110173
110365
110745
111020
111286
111572
111889
112297
112569
112870
113179
113371
113725
113954
114254
114647
114932
115207
115507
115758
116191
116500
116783
117079
117471
117785
118160
118497
118879
119135
119398
119574
119845
120228
120566
120918
121238
121566
121887
122111
122453
122692
122968
123235
123566
124017
124293
124551
124852
125166
125471
125626
125862
126257
126617
126888
127255
127553
127767
128012
128273
128632
129002
129334
129523
129859
130193
130665
130905
131252
131494
131820
132032
132201
132601
132962
133249
133639
133995
134202
134482
134700
135050
135429
135663
135982
136294
136566
136888
137209
137557
137972
138248
138670
138965
139257
139568
139991
140247
140526
140871
141293
141650
141942
142199
142579
142818
143060
143283
143621
143935
144230
144560
144881
145097
145531
145915
146221
146589
146825
147245
147548
147878
148145
148414
148746
149139
149492
149761
150026
150232
150482
150713
150942
151257
151543
151737
151996
152243
152694
153006
