0
317
593
967
1200
1529
1838
2203
2419
2736
3115
3508
3806
4220
4499
4777
5189
5494
5775
6102
6447
6863
7174
7439
7725
8084
8355
8635
8786
9150
9455
9802
10100
10423
10661
11025
11473
11748
12085
12380
12783
13110
13402
13708
13961
14253
14700
15005
15305
15557
15777
16037
16218
16495
16803
17064
17245
17540
17773
18216
18509
18787
19161
19540
19910
20234
20578
20871
21176
21470
21833
22042
22343
22710
23118
23283
23646
23945
24304
24571
24850
25030
25288
25703
26001
26216
26486
26727
27174
27497
27910
28277
28568
28910
29192
29533
29804
30111
30373
30633
30932
31416
31609
31907
32255
32464
32766
33044
33302
33711
34052
34327
34643
34898
35208
35456
35736
36082
36443
36687
37032
37423
37679
37926
38143
38493
38838
39117
39467
39768
40160
40402
40663
40913
41277
41600
41847
42322
42657
42927
43238
43484
43788
44127
44399
44701
44979
45237
45571
45838
46117
46417
46711
46942
47203
47724
48056
48447
48770
49014
49367
49663
49948
50286
50645
50882
51120
51273
51613
51966
52291
52658
53011
53222
53752
54087
54342
54790
55143
55498
55835
55987
56231
56567
56823
57119
57357
57662
57911
58215
58508
58862
59163
59625
60023
60350
60670
61107
61339
61773
62040
62230
62552
62890
63252
63540
63858
64193
64521
64798
65100
65389
65744
66084
66411
66561
66888
67113
67456
67914
68292
68538
68946
69224
69588
69979
70267
70581
71087
71491
71685
72034
72234
72472
72738
73030
73311
73687
74053
74377
74659
74885
75098
75415
75689
75889
76141
76469
76688
76984
77219
77488
77719
78052
78458
78782
79086
79477
79747
79975
80180
80612
80941
81238
81490
81759
81987
82232
82510
82793
83198
83395
83645
84016
84329
84676
85022
85257
85507
85851
86104
86461
86694
87014
87281
87497
87785
88004
88323
88737
89040
89413
89746
90015
90292
90642
90835
91112
91377
91706
91950
92198
92519
92910
93232
93497
93860
94249
94683
94949
95188
95535
95788
96091
96347
96588
96890
97177
97475
97809
98041
98457
98842
99189
99531
99840
100030
100205
100455
100814
101169
101527
101816
102141
102405
102816
103135
103337
103480
103819
104221
104612
104863
105189
105455
105716
105983
106256
106531
106733
107057
107277
107556
107881
108200
108584
108879
109247
109575
109848
110212
110476
110896
111234
111602
112003
112353
112606
112871
113029
113337
113635
114012
114403
114643
114901
115261
115481
115699
116102
116454
116857
117106
117618
117933
118329
118755
119120
119454
119879
120242
120463
120789
121091
121390
121782
122002
122359
122646
122966
123339
123629
123894
124146
124461
124859
125254
125554
125885
126230
126563
126833
127166
127438
127684
128019
128444
128817
129105
129354
129643
129979
130454
130776
131046
131318
131590
131863
132142
132429
132632
132872
133039
133214
133559
133874
134241
134658
135048
135294
135546
135701
136053
136314
136688
136958
137176
137463
137686
138005
138296
138484
138817
139224
139522
139749
140074
140269
140513
140885
141144
141402
141741
142127
142425
142708
142985
143259
143534
143878
144081
144410
144822
145067
145347
145600
145963
146337
146657
146960
147258
147604
147966
148332
148615
149031
149275
149498
149674
149975
150334
150728
151090
151426
151662
151991
152241
152577
152887
153085
153376
