0
545
914
1125
1695
2018
2426
2742
2965
3274
3620
3850
4210
4450
4812
5045
5389
5814
6181
6521
6976
7387
7726
8105
8516
8902
9241
9523
9791
10117
10526
10858
11299
11554
11969
12223
12529
12899
13189
13598
13953
14250
14515
14865
15149
15604
15951
16375
16738
17083
17448
17893
18303
18485
18995
19431
19837
20137
20424
20706
20969
21346
21674
21959
22424
22733
23095
23410
23632
23880
24190
24553
24797
25005
25380
25714
25985
26218
26534
26784
27206
27593
27892
28277
28656
28994
29281
29542
29939
30322
30585
30961
31253
31417
31777
32076
32417
32786
33023
33399
33769
34064
34444
34819
35101
35363
35758
36073
36432
36747
37088
37353
37588
37913
38155
38549
38941
39341
39697
40088
40367
40655
41036
41215
41595
41866
42218
42462
42769
43130
43538
43897
44241
44614
45123
45484
45794
46038
46404
46713
47009
47320
47627
47942
48188
48591
48885
49233
49661
50042
50421
50721
51037
51286
51485
51855
52144
52622
52938
53311
53628
53948
54403
54711
54920
55183
55505
55953
56362
56586
56997
57324
57629
57926
58203
58500
58744
59073
59403
59731
60091
60402
60780
61148
61563
61874
62247
62612
62933
63381
63746
64165
64570
64889
65211
65524
65711
66061
66401
66800
67205
67484
67820
68160
68438
68682
69094
69461
69932
70247
70787
71181
71577
72018
72407
72772
73234
73589
73856
74204
74563
74841
75239
75607
75896
76309
76603
77007
77275
77588
77867
78337
78834
79165
79435
79879
80167
80505
80841
81232
81510
81853
82228
82601
82996
83251
83588
84023
84263
84771
85171
85481
85754
86032
86335
86719
86872
87194
87387
87593
87905
88271
88588
88994
89412
89834
90144
90349
90608
90982
91356
91606
91877
92162
92462
92723
93061
93353
93636
93999
94391
94704
94999
95323
95529
95970
96275
96551
96792
97178
97596
98001
98226
98549
98836
99142
99496
99789
100163
100533
100844
101157
101439
101816
102237
102579
102914
103268
103648
104052
104380
104720
105141
105426
105677
105940
106357
106634
107032
107376
107795
108139
108391
108708
109057
109356
109656
110004
110423
110784
111103
111413
111822
112072
112319
112545
112932
113370
113671
114002
114413
114671
114978
115241
115591
116001
116386
116647
117027
117295
117760
118170
118480
118831
119128
119441
119654
119988
120393
120626
121131
121507
121783
122122
122390
122717
123133
123432
123698
124113
124378
124787
125093
125437
125895
126291
126642
127037
127338
127655
128118
128399
128721
129066
129519
129926
130239
130503
130874
131225
131480
131769
132070
132479
132787
133127
133436
133790
134091
134483
134966
135287
135587
135990
136386
136726
136991
137360
137722
138080
138532
138885
139194
139395
139707
139966
140234
140536
140858
141097
141342
141667
142040
142362
142742
143024
143403
143892
144268
144577
144948
145321
145649
145990
146245
146540
146918
147325
147619
147889
148291
148684
149059
149326
149520
149741
150203
150516
150784
151042
151407
151834
152251
152572
152995
153367
153696
154048
154437
154772
155066
155373
155717
155993
156397
156736
157070
157339
157709
157903
158237
158519
158911
159298
159673
159971
160336
160686
161011
161257
161648
162008
162309
162666
163047
163388
163642
163879
164255
164580
164928
165293
165610
166021
166427
166681
166924
167314
167618
167927
168245
