0
301
566
852
1329
1562
1823
2156
2426
2690
3028
3208
3642
3970
4343
4616
4917
5230
5507
5751
6109
6447
6720
7080
7480
7771
7976
8269
8585
8909
9221
9585
9875
10225
10512
10779
11035
11397
11674
12001
12345
12738
13078
13390
13633
13934
14302
14543
14860
15148
15400
15736
15976
16321
16637
16923
17206
17435
17816
18228
18589
18968
19289
19609
19964
20197
20520
20918
21148
21408
21535
21858
22231
22595
22947
23277
23558
23916
24434
24651
25005
25457
25724
26166
26353
26601
26841
27208
27452
27761
28036
28314
28576
28930
29275
29564
29939
30365
30693
31080
31463
31752
32155
32466
32706
32965
33359
33656
33977
34397
34603
35021
35272
35570
35898
36216
36601
36931
37098
37442
37676
38009
38497
38873
39112
39513
39756
40144
40540
40919
41151
41690
42038
42354
42627
42902
43136
43403
43706
44020
44284
44701
45056
45353
45587
45786
46081
46392
46621
46853
47212
47435
47717
47981
48213
48502
48792
49178
49533
49877
50239
50536
50792
50990
51366
51688
52041
52301
52528
52816
53023
53346
53611
53963
54218
54446
54806
55191
55485
55867
56132
56415
56695
57026
57344
57637
57932
58210
58462
58654
58977
59242
59659
59955
60297
60653
61001
61299
61601
61826
62082
62361
62629
62982
63236
63502
63853
64201
64539
64861
65214
65654
66030
66238
66590
66881
67148
67415
67668
68015
68263
68468
68908
69164
69570
69976
70327
70657
70972
71185
71386
71579
71931
72233
72680
72945
73326
73606
73967
74352
74590
74765
74998
75410
75855
76082
76431
76668
76999
77321
77560
77770
78064
78289
78591
78876
79210
79423
79839
80157
80422
80871
81175
81513
81831
82205
82565
82961
83282
83567
83980
84193
84432
84674
85032
85392
85771
86098
86348
86658
86910
87134
87522
87857
88258
88606
89036
89380
89746
90222
90658
90954
91385
91669
91985
92294
92630
92979
93251
93572
93935
94226
94560
94835
95189
95436
95667
96072
96436
96860
97103
97482
97827
98142
98490
98822
99059
99331
99676
100097
100432
100770
101058
101306
101661
102070
102452
102737
103048
103283
103584
103898
104166
104328
104619
104736
104964
105233
105652
105976
106425
106834
107115
107336
107538
107841
108160
108547
108793
109018
109297
109522
109815
110148
110368
110670
111034
111328
111604
111961
112201
112405
112791
113072
113347
113634
113953
114359
114632
114935
115254
115445
115806
116039
116346
116746
117030
117308
117614
117872
118315
118626
118919
119222
119621
119945
120328
120669
121060
121319
121591
121774
122053
122436
122781
123139
123466
123797
124124
124351
124700
124943
125225
125498
125834
126291
126574
126844
127144
127460
127778
127941
128180
128581
128948
129226
129599
129903
130125
130374
130638
130997
131371
131707
131902
132240
132578
133057
133305
133648
133890
134217
134436
134611
135018
135386
135678
136072
136439
136650
136929
137153
137501
137885
138125
138443
138764
139036
139365
139688
140040
140460
140743
141170
141472
141768
142081
142507
142766
143047
143394
143832
144188
144486
144749
145131
145380
145627
145856
146196
146518
146821
147159
147484
147704
148142
148537
148851
149225
149464
149892
150200
150532
150807
151080
151415
151812
152174
152450
152713
152928
153183
153422
153651
153975
154263
154461
154722
154974
155428
155743
