0
484
1041
1527
1892
2256
2689
3218
3732
4119
4556
4992
5496
5848
6445
7065
7448
7953
8490
8907
9405
10042
10409
11033
11378
11863
12556
13191
13780
14314
14708
15051
15484
15863
16336
16847
17212
17696
18113
18733
19247
19663
20111
20735
21257
21955
22730
23186
23480
23900
24346
24768
25280
25754
26226
26593
26879
27256
27723
28297
28725
29121
29605
30118
30499
30821
31239
31595
32022
32357
32791
33460
33870
34446
34871
35152
35681
36241
36400
36819
37376
37868
38151
38475
38763
39333
39870
40292
40815
41331
41671
42159
42467
42807
43363
43699
44005
44807
45471
45939
46395
46972
47551
47999
48432
49310
49793
50306
50767
51141
51520
51858
52263
52843
53346
53698
54095
54529
54851
55381
55778
56241
56771
57430
58101
58390
58734
59065
59301
59777
60100
60750
61214
61650
62272
62722
63244
63653
63950
64470
64920
65576
65861
66260
66754
67147
67551
68207
68654
69311
69882
70354
70840
71225
71652
72144
72534
72890
73262
73525
73985
74444
75072
75595
76037
76590
76889
77152
77581
78050
78565
78996
79490
79948
80365
80790
81266
81573
81949
82320
82849
83290
83772
84095
84572
85051
85481
85823
86281
86978
87414
87693
88060
88309
88613
89199
89595
89984
90546
90988
91789
92201
92751
93214
93587
94092
94606
95012
95559
96205
96702
97235
97633
98166
98526
98982
99397
99883
100242
101019
101481
101967
102480
103037
103660
103994
104514
104938
105416
105653
106287
106707
107323
107753
108294
108695
109154
109629
110250
110701
111056
111301
111747
112228
112522
112849
113439
113878
114337
114606
115045
115345
115677
116039
116429
116809
117106
117384
117988
118627
119179
119607
120009
120541
120876
121309
121891
122410
122998
123320
123708
124088
124484
124817
125453
125919
126348
126948
127378
127800
128412
128795
129331
129706
130188
130586
130964
131361
131737
132104
132486
132861
133400
133918
134436
135137
135474
136126
136501
137006
137391
137890
138458
138724
139168
139692
140127
140443
141066
141501
142100
142652
143121
143654
143942
144224
144758
145274
145767
146159
146636
147251
147725
148159
148580
148884
149369
149779
150332
150796
151155
151604
152009
152535
153042
153583
154052
154402
154818
155351
155662
156112
156484
157011
157543
158053
158733
159175
159573
160276
160969
161600
162040
162311
162736
162997
163768
163971
164351
165004
165604
166160
166651
167265
167820
168335
168698
169205
169637
170082
170949
171344
171776
172206
172501
172989
173436
173919
174521
174982
175380
175783
176137
176570
176946
177383
177747
178203
178685
179181
179661
180115
180435
180964
181587
181839
182164
182634
183035
183563
183948
184276
184827
185456
186004
186551
186827
187345
187984
188567
188787
189154
189446
189813
190291
190779
191289
191836
192288
192746
193538
194204
194674
195119
195606
196026
196611
197209
197692
198257
198670
199137
199445
199679
200147
200623
200954
201235
201855
202459
203035
203307
203508
204027
204567
205062
205439
205748
206175
206579
207130
207642
208149
208808
209314
209707
210371
210901
211144
211642
212062
212566
213079
213463
213742
214190
214419
214890
215264
215801
216249
216819
217274
217747
218380
218883
219320
219863
220381
220851
221190
221749
222192
222542
222931
223473
224105
224474
224846
225330
225880
226330
226847
227254
227753
228160
228574
229053
229509
230069
230565
