0
246
606
894
1256
1609
2024
2295
2823
3181
3571
4084
4451
4861
5243
5736
6180
6688
7079
7467
7934
8196
8492
8794
9248
9663
10170
10576
10891
11274
11608
11860
12369
12805
13262
13678
14219
14642
15104
15729
16273
16628
17191
17533
17895
18301
18672
19126
19473
19846
20307
20653
21077
21453
21868
22174
22435
22956
23387
23928
24224
24738
25101
25477
25893
26301
26613
26932
27346
27877
28314
28686
29046
29332
29761
30286
30739
31085
31470
31730
32092
32485
32826
32988
33340
33484
33749
34085
34607
35035
35569
36054
36413
36700
36901
37290
37671
38145
38458
38726
39053
39345
39688
40116
40398
40752
41228
41573
41920
42349
42653
42935
43375
43738
44063
44474
44800
45376
45669
46025
46421
46647
47098
47383
47774
48265
48616
48953
49325
49641
50181
50573
50932
51294
51808
52254
52696
53107
53611
53903
54224
54436
54802
55260
55702
56149
56561
56994
57366
57635
58082
58382
58729
59055
59490
60052
60397
60714
61102
61532
61880
62063
62345
62890
63348
63663
64122
64525
64774
65085
65408
65919
66333
66746
66959
67391
67826
68399
68701
69135
69428
69879
70076
70288
70829
71250
71628
72103
72571
72806
73159
73446
73860
74348
74607
74970
75380
75747
76133
76530
76975
77514
77863
78408
78756
79121
79514
80059
80386
80775
81162
81720
82177
82523
82826
83320
83599
83902
84188
84607
84996
85376
85803
86193
86475
87041
87590
87916
88390
88703
89243
89603
90021
90399
90716
91130
91636
92067
92391
92727
92957
93263
93559
93863
94233
94586
94819
95155
95465
96065
96435
96792
97183
97680
98093
98572
98920
99367
99734
100145
100546
100861
101179
101670
102155
102411
102801
103206
103669
104053
104365
104645
104916
105407
105843
106102
106416
106762
107310
107728
108209
108728
109068
109526
109855
110280
110667
110969
111337
111650
112024
112589
112871
113222
113614
113906
114297
114661
114961
115502
115908
116335
116700
116993
117378
117713
118035
118503
118899
119208
119647
120142
120496
120786
121058
121458
121921
122273
122718
123068
123596
123891
124198
124508
124934
125368
125693
126180
126680
127021
127405
127735
128096
128592
128911
129287
129618
129920
130337
130736
131013
131455
131790
132111
132452
133040
133462
133972
134411
134724
135162
135529
135848
136333
136795
137050
137349
137514
137969
138386
138872
139268
139705
139994
140517
141109
141437
141891
142414
142857
143282
143501
143804
144182
144561
144885
145199
145580
145899
146238
146649
147105
147485
148069
148602
148915
149393
149949
150228
150788
151127
151410
151763
152245
152624
152990
153469
153847
154248
154632
154954
155372
155772
156259
156608
156829
157265
157535
157949
158563
159021
159316
159839
160193
160586
161089
161557
161917
162588
163024
163377
163770
164044
164314
164709
165015
165421
165787
166291
166739
167047
167345
167607
168011
168315
168564
168875
169310
169606
169965
170266
170556
170907
171291
171740
172169
172570
173058
173421
173735
173961
174549
174908
175279
175614
175894
176206
176519
176897
177213
177663
177976
178259
178708
179153
179579
180013
180341
180632
181064
181390
181854
182156
182584
182939
183192
183497
183859
184247
184736
185125
185578
185984
186389
186731
187145
187401
187688
188056
188431
188806
189104
189498
189919
190338
190750
191167
191607
192185
192534
192808
