0
297
611
857
1112
1449
1835
2171
2443
2812
3202
3654
3931
4167
4518
4778
5086
5354
5598
5907
6198
6494
6833
7077
7501
7901
8250
8612
8915
9112
9289
9571
9910
10281
10633
10926
11260
11542
11958
12265
12479
12624
12967
13372
13779
14015
14350
14622
14892
15170
15440
15734
15944
16268
16496
16782
17105
17429
17810
18116
18488
18835
19105
19467
19734
20157
20501
20869
21283
21626
21883
22149
22314
22629
22933
23323
23720
23966
24233
24602
24824
25053
25452
25805
26224
26473
26987
27317
27712
28149
28524
28855
29288
29641
29869
30201
30527
30836
31225
31470
31816
32130
32443
32810
33109
33379
33634
33976
34357
34756
35065
35399
35747
36094
36364
36702
36984
37233
37570
38002
38386
38673
38922
39218
39559
40042
40374
40651
40924
41205
41476
41764
42053
42275
42509
42672
42858
43222
43531
43903
44327
44724
44972
45237
45399
45750
46026
46398
46671
46895
47201
47420
47746
48052
48233
48576
48991
49298
49544
49877
50067
50344
50702
50969
51233
51588
51968
52268
52581
52844
53118
53397
53753
53953
54288
54699
54945
55230
55493
55867
56247
56569
56881
57192
57543
57912
58283
58568
58990
59243
59473
59658
59986
60327
60722
61086
61423
61672
61999
62272
62606
62902
63105
63395
63719
64140
64496
64710
64991
65366
65621
65787
66095
66485
66867
67097
67437
67779
68023
68250
68511
68934
69237
69536
69825
70097
70423
70900
71169
71544
71787
72130
72291
72517
72947
73226
73577
73975
74290
74510
74816
75109
75471
75785
76005
76358
76675
77011
77283
77580
78010
78366
78678
79073
79387
79674
80110
80377
80665
81045
81349
81832
82076
82381
82667
83041
83313
83551
83746
84109
84407
84749
85092
85437
85672
86014
86514
86815
87115
87389
87812
88129
88440
88757
89050
89350
89796
90104
90383
90605
90844
91121
91344
91570
91900
92176
92368
92661
92924
93333
93681
93955
94309
94687
95075
95369
95757
96064
96362
96692
97025
97267
97564
97948
98334
98503
98915
99267
99633
99862
100128
100344
100593
100991
101282
101504
101799
102148
102544
102870
103289
103619
103955
104286
104555
104931
105192
105476
105745
105993
106354
106775
107009
107315
107685
107874
108216
108462
108735
109143
109520
109776
110064
110363
110673
110931
111253
111591
111938
112232
112518
112978
113220
113417
113733
114078
114343
114687
114987
115316
115706
115967
116193
116499
116869
117186
117454
117903
118282
118575
118841
119134
119413
119739
120005
120387
120617
120877
121233
121544
121786
122135
122440
122666
122907
123429
123750
124151
124503
124767
125138
125378
125727
126057
126414
126628
126851
127050
127403
127818
128093
128424
128783
129033
129550
129896
130143
130593
130955
131305
131644
131838
132031
132415
132663
132974
133168
133543
133765
134064
134391
134754
135086
135514
135934
136286
136558
136975
137310
137688
137944
138161
138465
138838
139202
139496
139834
140218
140478
140748
141118
141369
141736
142048
142392
142577
142940
143136
143555
143922
144315
144614
144996
145311
145691
146124
146305
146744
147164
147560
147811
148132
148358
148612
148869
149217
149433
149871
150237
150573
150824
151037
151268
151614
151899
152087
152308
152676
152917
153176
153427
153688
153929
154326
154678
155015
155333
155681
155995
156218
156453
