0
317
584
809
1096
1378
1638
1882
2115
2349
2570
2862
3107
3353
3659
3935
4196
4430
4683
4942
5190
5411
5644
5901
6149
6392
6634
6866
7140
7405
7676
7939
8231
8516
8769
9000
9227
9517
9766
10042
10293
10512
10766
10982
11267
11498
11787
12015
12272
12532
12804
13076
13360
13632
13874
14130
14379
14632
14910
15142
15386
15631
15865
16142
16369
16698
16963
17240
17521
17800
18082
18328
18595
18842
19098
19335
19608
19850
20129
20401
20687
20951
21223
21474
21787
22079
22309
22567
22829
23093
23354
23616
23881
24158
24376
24689
24924
25223
25505
25808
26053
26334
26543
26768
26977
27248
27501
27800
28083
28404
28633
28903
29217
29474
29670
29948
30225
30555
30814
31097
31352
31620
31872
32141
32364
32640
32886
33162
33423
33703
33917
34183
34437
34686
34988
35252
35563
35840
36134
36420
36735
36983
37241
37530
37749
37976
38199
38492
38779
39058
39324
39564
39825
40060
40273
40580
40849
41144
41437
41728
42020
42299
42622
42909
43161
43441
43698
43972
44223
44523
44814
45062
45336
45612
45870
46148
46386
46689
46926
47182
47434
47739
48039
48296
48569
48838
49088
49351
49608
49855
50110
50387
50698
50940
51219
51455
51681
51957
52230
52525
52802
53060
53298
53556
53834
54051
54278
54530
54718
54961
55212
55496
55756
56042
56342
56606
56874
57105
57338
57618
57901
58120
58347
58609
58854
59148
59412
59652
59913
60197
60463
60704
60984
61229
61453
61727
61994
62242
62504
62767
63051
63299
63555
63806
64040
64338
64600
64879
65166
65421
65669
65895
66144
66447
66699
66964
67213
67510
67800
68084
68372
68675
68951
69195
69427
69662
69927
70210
70486
70757
71027
71300
71570
71836
72074
72330
72587
72860
73152
73424
73698
73969
74258
74518
74748
75015
75296
75575
75848
76114
76369
76611
76871
77120
77398
77674
77940
78159
78434
78703
79017
79287
79549
79803
80100
80326
80564
80873
81152
81413
81716
81987
82244
82505
82723
83003
83291
83535
83802
84069
84328
84613
84881
85160
85448
85681
85969
86258
86531
86791
87113
87350
87589
87838
88129
88392
88656
88879
89173
89402
89635
89882
90127
90419
90698
90939
91200
91441
91734
92046
92314
92574
92825
93135
93420
93660
93903
94141
94421
94706
94977
95230
95483
95708
95947
96209
96449
96721
96956
97193
97412
97677
97966
98221
98486
98719
99026
99327
99626
99862
100163
100426
100704
100968
101227
101443
101760
102051
102308
102570
102837
103124
103384
103659
103871
104130
104417
104673
104895
105123
105377
105684
105936
106216
106509
106773
107058
107322
107595
107857
108129
108392
108639
108900
109218
109465
109700
109959
110203
110459
110728
110922
111210
111496
111794
112049
112331
112589
112855
113095
113344
113602
113850
114123
114414
114649
114903
115149
115412
115675
115928
116206
116457
116749
117023
117274
117515
117771
118033
118276
118548
118830
119100
119358
119596
119839
120118
120333
120609
120868
121103
121374
121637
121923
122169
122427
122697
122907
123195
123494
123790
124090
124350
124604
124869
125098
125377
125664
125917
126141
126342
126621
126917
127194
127449
127703
127936
128227
128558
128775
129053
129356
129627
129926
130159
130417
130642
130907
131152
131429
131662
