0
328
711
1109
1453
1893
2367
2675
3131
3451
3906
4224
4564
4911
5404
5997
6344
6637
7146
7507
7873
8264
8628
8963
9373
9917
10243
10696
10956
11349
11851
12135
12699
13157
13515
13798
14109
14495
14898
15097
15423
15608
15833
16210
16648
17065
17559
17962
18459
18788
19008
19274
19709
20172
20501
20772
21109
21443
21776
22169
22450
22794
23229
23655
23978
24368
24726
24955
25459
25777
26090
26382
26825
27309
27775
28049
28374
28721
29101
29427
29810
30178
30651
30995
31348
31663
32129
32587
32973
33343
33768
34229
34704
35067
35474
35966
36245
36519
36844
37298
37657
38136
38520
39007
39393
39656
40025
40411
40755
41121
41492
42004
42379
42760
43123
43562
43822
44114
44395
44854
45324
45719
46112
46575
46870
47176
47434
47873
48332
48775
48999
49435
49778
50363
50789
51123
51516
51844
52188
52410
52788
53258
53521
54119
54531
54836
55230
55490
55880
56315
56669
56899
57450
57737
58172
58585
58959
59548
59948
60346
60826
61164
61552
62121
62366
62726
63166
63696
64177
64575
64838
65312
65660
65931
66241
66558
67082
67443
67810
68150
68578
68934
69390
69950
70336
70702
71150
71605
72003
72263
72705
73200
73615
74051
74481
74799
74998
75360
75634
75947
76280
76628
76884
77184
77565
78040
78420
78790
79137
79613
80157
80564
80949
81408
81837
82179
82549
82920
83176
83617
84077
84458
84750
85259
85713
86123
86419
86619
86869
87418
87802
88056
88350
88748
89252
89805
90106
90684
91082
91477
91854
92272
92703
93001
93338
93737
94050
94535
94899
95267
95599
96015
96246
96628
96929
97420
97852
98320
98603
99099
99425
99764
100037
100493
100904
101230
101703
102128
102555
102802
103105
103466
103918
104255
104723
105020
105527
105952
106242
106495
106931
107325
107656
108054
108651
109076
109444
109712
110147
110560
110855
111233
111625
111921
112338
112658
113072
113463
113843
114197
114419
114889
115464
115877
116337
116742
117055
117625
117873
118309
118731
119149
119446
119575
119990
120331
120891
121289
121697
122051
122509
123096
123446
123809
124385
124700
125293
125590
125826
126152
126579
126818
127283
127586
127925
128224
128704
129094
129535
129903
130458
130918
131336
131828
132212
132763
133097
133433
133733
134204
134557
134923
135441
135747
136293
136563
136924
137357
137714
138180
138615
138867
139189
139509
139898
140538
140886
141336
141796
142077
142563
143126
143604
143843
144429
144977
145395
145753
146010
146372
146645
147057
147407
147739
148330
148668
149027
149383
149578
149889
150275
150613
150870
151173
151615
151985
152288
152550
152897
153263
153667
154144
154510
154957
155390
155758
155985
156380
156780
157194
157505
157842
158192
158369
158853
159114
159568
159937
160185
160643
161130
161463
161958
162268
162574
162925
163365
163730
164110
164515
164858
165161
165408
165774
166115
166551
166961
167435
167830
168334
168653
169015
169365
169558
169978
170295
170722
171014
171380
171771
172195
172567
173060
173426
174011
174503
174805
175184
175512
175861
176174
176492
176912
177267
177476
177970
178321
178830
179301
179704
180170
180569
180829
181120
181337
181794
182149
182640
183004
183535
183840
184241
184729
185086
185242
185534
185959
186559
186919
187224
187611
188011
188353
188747
188945
189348
189553
189954
190287
190694
191036
