0
323
698
1022
1282
1533
1828
2187
2539
2814
3126
3424
3757
3987
4363
4765
5038
5366
5726
5991
6335
6746
7003
7417
7662
8009
8443
8873
9274
9638
9905
10145
10430
10696
11009
11343
11604
11923
12208
12607
12949
13235
13539
13945
14297
14758
15242
15558
15774
16041
16335
16625
16980
17295
17618
17877
18067
18338
18642
19021
19306
19587
19916
20270
20521
20761
21045
21291
21586
21823
22119
22540
22830
23204
23494
23729
24065
24435
24580
24871
25241
25571
25771
25995
26200
26556
26909
27194
27546
27888
28120
28461
28673
28903
29267
29506
29724
30232
30660
30979
31295
31672
32049
32343
32643
33194
33530
33879
34197
34458
34725
34953
35249
35623
35963
36202
36474
36774
37016
37350
37629
37935
38291
38708
39136
39340
39574
39806
39995
40324
40545
40976
41295
41584
41990
42294
42636
42907
43112
43496
43792
44217
44433
44713
45038
45303
45594
46025
46322
46748
47137
47453
47772
48046
48336
48657
48941
49183
49439
49626
49933
50237
50656
51015
51307
51685
51901
52086
52380
52693
53049
53346
53685
54004
54297
54587
54903
55117
55374
55638
56000
56311
56631
56854
57157
57475
57770
58001
58309
58781
59085
59288
59548
59740
59954
60353
60616
60891
61260
61576
62087
62367
62741
63053
63327
63639
63984
64272
64644
65062
65390
65742
66011
66356
66613
66929
67208
67556
67797
68304
68616
68947
69309
69677
70071
70297
70650
70939
71263
71471
71881
72161
72562
72857
73216
73505
73806
74108
74524
74823
75070
75255
75567
75893
76099
76330
76723
77005
77329
77523
77816
78020
78255
78515
78796
79069
79292
79477
79874
80298
80673
80965
81259
81603
81849
82143
82532
82883
83278
83504
83763
84033
84314
84563
84961
85271
85562
85960
86269
86559
86954
87210
87555
87800
88129
88398
88645
88914
89172
89443
89703
89983
90360
90721
91058
91515
91763
92183
92432
92772
93033
93381
93751
93954
94270
94610
94904
95146
95552
95826
96220
96578
96891
97243
97457
97671
98024
98361
98698
98985
99306
99716
100025
100310
100588
100805
101123
101400
101773
102086
102339
102641
102920
103263
103627
103985
104343
104596
104887
105236
105460
105771
106027
106389
106727
107065
107511
107817
108107
108571
109043
109461
109768
109963
110255
110448
110933
111082
111334
111757
112160
112529
112873
113273
113657
113995
114255
114600
114888
115196
115742
116006
116308
116597
116798
117126
117432
117760
118158
118465
118733
119001
119249
119541
119817
120118
120369
120675
120991
121337
121674
121985
122221
122579
122979
123171
123397
123716
123997
124353
124625
124870
125232
125647
126003
126378
126570
126917
127327
127724
127903
128141
128347
128611
128923
129261
129595
129952
130249
130572
131081
131532
131850
132158
132475
132764
133146
133551
133878
134252
134544
134867
135083
135255
135584
135933
136173
136378
136783
137198
137584
137783
137940
138276
138628
138963
139234
139453
139750
140037
140396
140756
141099
141531
141858
142117
142553
142904
143085
143425
143725
144064
144403
144673
144880
145175
145352
145667
145916
146264
146570
146936
147240
147562
147970
148317
148624
148998
149333
149643
149875
150255
150559
150815
151091
151448
151882
152160
152416
152739
153096
153402
153734
154012
154347
154633
154921
155242
155556
155929
156258
