0
219
465
716
942
1231
1519
1741
2006
2229
2515
2739
2972
3210
3525
3874
4113
4304
4618
4868
5105
5373
5629
5839
6121
6462
6687
6977
7152
7402
7752
7944
8308
8592
8827
9050
9274
9514
9767
9917
10135
10281
10442
10686
10952
11232
11531
11799
12105
12344
12516
12711
12991
13268
13486
13670
13895
14129
14349
14599
14803
15033
15326
15594
15837
16089
16337
16511
16817
17025
17246
17456
17734
18031
18318
18518
18752
18984
19251
19476
19730
19968
20249
20476
20709
20927
21226
21515
21772
22015
22304
22579
22877
23114
23379
23683
23902
24093
24325
24598
24812
25116
25357
25655
25921
26118
26357
26594
26823
27079
27323
27646
27898
28163
28406
28691
28878
29069
29281
29560
29856
30100
30357
30649
30854
31066
31247
31534
31819
32104
32283
32558
32785
33135
33404
33647
33894
34128
34371
34531
34792
35086
35278
35639
35916
36133
36371
36565
36825
37106
37344
37534
37865
38057
38329
38594
38832
39185
39446
39706
39994
40211
40475
40815
40990
41223
41502
41835
42130
42388
42590
42878
43098
43280
43494
43719
44042
44281
44531
44751
45016
45246
45554
45885
46139
46373
46656
46955
47211
47393
47664
47975
48223
48492
48778
49007
49165
49421
49610
49828
50048
50292
50482
50682
50936
51219
51470
51715
51944
52236
52573
52833
53072
53348
53600
53838
54079
54320
54495
54776
55065
55307
55527
55834
56117
56379
56592
56738
56914
57253
57502
57687
57892
58154
58470
58795
58987
59329
59571
59833
60070
60345
60616
60840
61072
61325
61551
61847
62083
62325
62546
62804
62967
63211
63410
63722
63993
64303
64489
64803
65037
65277
65470
65747
66024
66265
66559
66834
67107
67287
67517
67758
68036
68263
68561
68781
69075
69348
69552
69728
70007
70257
70482
70738
71109
71382
71640
71822
72085
72361
72568
72825
73067
73289
73548
73757
74043
74299
74534
74776
74961
75247
75606
75873
76160
76434
76642
76987
77166
77443
77709
77980
78203
78321
78593
78826
79161
79414
79654
79911
80214
80565
80796
81029
81387
81599
81949
82152
82337
82559
82811
83000
83287
83481
83710
83911
84206
84473
84732
84965
85302
85594
85850
86181
86414
86753
86979
87204
87398
87701
87934
88174
88506
88711
89034
89234
89473
89733
89979
90279
90558
90737
90959
91167
91412
91782
92024
92291
92590
92794
93100
93428
93731
93882
94227
94553
94829
95074
95266
95511
95717
95986
96206
96417
96764
96999
97255
97485
97649
97856
98108
98345
98544
98753
99025
99262
99474
99655
99892
100138
100417
100702
100949
101228
101496
101734
101907
102167
102419
102687
102894
103122
103356
103499
103795
103981
104265
104495
104701
104984
105278
105499
105808
106033
106253
106490
106778
107013
107280
107534
107764
107973
108160
108401
108615
108896
109145
109430
109694
109998
110237
110469
110688
110857
111121
111360
111622
111816
112058
112330
112610
112855
113162
113404
113759
114073
114276
114518
114754
114995
115220
115460
115732
115958
116113
116408
116625
116947
117250
117514
117807
118054
118256
118465
118632
118923
119150
119460
119714
120040
120247
120522
120833
121077
121212
121418
121696
122056
122289
122491
122754
123037
123279
123528
123694
123959
124133
124401
124623
124897
125118
