0
255
500
766
1064
1319
1579
1815
2092
2362
2628
2922
3191
3473
3714
3933
4219
4487
4737
4955
5219
5475
5742
6043
6328
6589
6890
7194
7522
7820
8092
8360
8648
8913
9159
9423
9652
9945
10224
10488
10759
11056
11323
11578
11829
12074
12319
12587
12843
13122
13368
13645
13899
14185
14444
14731
14982
15275
15524
15770
16012
16266
16541
16825
17051
17335
17563
17854
18127
18392
18664
18950
19221
19509
19767
20011
20292
20539
20817
21078
21355
21636
21935
22239
22510
22789
23051
23301
23556
23775
24075
24308
24551
24839
25132
25439
25699
25980
26259
26533
26820
27134
27422
27670
27887
28166
28428
28676
28978
29231
29487
29709
29950
30208
30478
30714
30979
31231
31508
31752
31994
32236
32487
32743
33013
33283
33574
33854
34121
34360
34600
34861
35123
35390
35649
35926
36193
36387
36635
36864
37095
37397
37689
37948
38225
38445
38737
38973
39223
39531
39760
40012
40304
40588
40883
41146
41490
41735
41966
42253
42534
42828
43106
43371
43647
43886
44101
44352
44657
44940
45182
45430
45721
45971
46266
46557
46811
47109
47368
47666
47897
48139
48361
48613
48878
49119
49364
49627
49885
50160
50449
50722
50963
51192
51452
51731
52019
52250
52523
52794
53028
53258
53555
53822
54090
54400
54695
54978
55228
55460
55738
56000
56245
56475
56702
56935
57235
57524
57807
58087
58378
58621
58854
59110
59393
59650
59950
60215
60452
60732
60975
61241
61513
61772
62021
62298
62548
62812
63089
63341
63632
63880
64131
64416
64716
64968
65213
65440
65658
65893
66164
66425
66668
66917
67192
67513
67783
68064
68330
68602
68846
69093
69360
69624
69926
70157
70467
70726
70974
71226
71500
71767
72040
72287
72607
72882
73136
73423
73671
73957
74204
74455
74742
74994
75243
75488
75776
76018
76282
76518
76792
77077
77338
77606
77889
78173
78381
78627
78859
79112
79345
79608
79890
80165
80395
80645
80887
81143
81404
81657
81896
82136
82352
82626
82901
83218
83465
83716
83955
84196
84436
84689
84984
85279
85524
85789
86024
86305
86526
86825
87083
87318
87623
87864
88132
88406
88673
88961
89225
89462
89740
89961
90211
90469
90705
90934
91190
91467
91780
92012
92351
92611
92872
93137
93401
93662
93939
94180
94420
94686
94977
95229
95469
95743
96016
96308
96568
96831
97131
97376
97587
97851
98149
98436
98694
98926
99214
99495
99724
99979
100252
100522
100784
101036
101310
101561
101815
102070
102352
102637
102939
103171
103476
103741
103980
104240
104494
104721
105002
105311
105552
105844
106122
106393
106715
106994
107307
107590
107833
108079
108310
108613
108868
109080
109363
109621
109899
110167
110481
110750
111024
111267
111561
111786
112063
112384
112641
112913
113173
113435
113682
113980
114216
114509
114760
115028
115257
115518
115787
116036
116302
116540
116797
117051
117321
117572
117841
118085
118358
118640
118858
119104
119362
119654
119909
120168
120415
120683
120951
121237
121512
121765
122010
122306
122580
122825
123067
123286
123508
123763
124019
124321
124590
124856
125119
125428
125755
126031
126272
126526
126790
127043
127345
127615
127900
128170
128462
128709
128935
129195
129529
129737
129993
130260
130553
130806
131104
131331
131563
131865
132133
