0
293
569
794
1040
1302
1544
1789
2045
2287
2533
2819
3070
3313
3569
3861
4176
4453
4715
5024
5228
5524
5784
5999
6261
6545
6804
7045
7319
7583
7855
8120
8371
8645
8919
9200
9449
9667
9943
10164
10420
10754
11027
11267
11595
11851
12144
12432
12682
12926
13224
13505
13743
13987
14204
14436
14693
14964
15198
15480
15754
16028
16293
16519
16782
17045
17292
17499
17751
18006
18231
18496
18729
18988
19252
19525
19795
20072
20342
20653
20910
21142
21374
21679
21933
22193
22447
22669
22911
23155
23412
23668
23956
24166
24424
24682
24961
25246
25519
25778
26019
26287
26528
26820
27058
27305
27571
27798
28048
28318
28584
28902
29159
29456
29721
29977
30239
30536
30783
31041
31291
31532
31777
32021
32308
32621
32890
33161
33421
33706
34008
34263
34507
34773
35016
35294
35559
35816
36073
36346
36598
36882
37135
37426
37727
38009
38272
38536
38743
38957
39188
39471
39732
40033
40308
40586
40822
41113
41418
41644
41854
42146
42438
42738
42988
43279
43543
43795
44042
44313
44549
44826
45110
45364
45609
45878
46144
46403
46659
46931
47206
47465
47777
48042
48351
48629
48918
49200
49459
49704
49921
50129
50412
50691
50968
51268
51518
51767
52029
52265
52500
52794
53074
53370
53631
53942
54215
54496
54788
55080
55327
55642
55905
56161
56422
56709
56974
57278
57522
57797
58056
58311
58576
58870
59125
59371
59630
59925
60225
60473
60742
61027
61257
61528
61787
62052
62263
62544
62846
63117
63373
63628
63852
64115
64423
64703
64969
65211
65450
65706
65950
66188
66432
66672
66883
67116
67382
67658
67928
68230
68526
68788
69030
69270
69538
69809
70070
70307
70548
70802
71068
71323
71596
71836
72124
72422
72671
72909
73193
73427
73649
73939
74186
74426
74708
74982
75249
75486
75743
75975
76227
76521
76769
77057
77360
77583
77814
78064
78336
78632
78883
79137
79382
79686
79967
80280
80552
80872
81121
81367
81567
81818
82099
82400
82679
82954
83196
83481
83741
84004
84276
84535
84787
85046
85356
85614
85872
86138
86427
86693
86905
87184
87458
87782
88020
88282
88543
88796
89042
89295
89592
89839
90109
90366
90609
90888
91213
91450
91720
91959
92257
92470
92718
93036
93318
93582
93839
94125
94368
94622
94870
95159
95433
95682
95951
96220
96505
96760
97028
97301
97584
97835
98140
98405
98672
98971
99258
99495
99758
99994
100308
100575
100833
101091
101341
101594
101829
102061
102317
102618
102882
103125
103393
103629
103911
104247
104492
104752
104994
105322
105587
105828
106093
106346
106623
106917
107147
107409
107648
107878
108135
108380
108630
108884
109128
109364
109618
109862
110154
110420
110667
110929
111229
111535
111828
112101
112350
112597
112879
113149
113394
113654
113957
114260
114483
114763
115028
115300
115549
115804
116040
116296
116569
116840
117053
117303
117575
117865
118103
118394
118678
118954
119227
119479
119751
119998
120290
120546
120793
121070
121380
121600
121865
122135
122378
122641
122892
123122
123418
123710
123986
124241
124514
124786
125048
125284
125539
125815
126064
126326
126617
126869
127103
127361
127609
127873
128147
128414
128683
128980
129226
129456
129698
129954
130222
130471
130779
131047
131307
131540
131778
