0
283
612
967
1311
1627
1926
2213
2507
2833
3074
3269
3583
3919
4263
4564
4770
5096
5378
5674
5924
6235
6734
6969
7180
7434
7635
7864
8238
8513
8796
9185
9546
10015
10338
10674
10980
11265
11544
11889
12155
12570
12967
13295
13634
13947
14254
14538
14820
15108
15476
15741
16205
16572
16850
17191
17560
17990
18239
18521
18816
19165
19352
19783
20047
20478
20747
21144
21510
21685
21992
22429
22704
22931
23164
23466
23748
23953
24220
24586
24950
25196
25388
25721
25883
26144
26438
26680
26960
27185
27384
27737
28204
28585
28866
29130
29461
29709
30015
30401
30813
31175
31414
31630
31919
32197
32447
32864
33160
33478
33875
34189
34430
34855
35154
35437
35700
36048
36298
36543
36816
37092
37314
37587
37897
38289
38641
39013
39391
39657
40105
40367
40692
40951
41297
41674
41867
42171
42515
42825
43065
43442
43718
44111
44450
44783
45167
45371
45604
45912
46292
46588
46942
47242
47628
47944
48249
48504
48735
49020
49345
49736
50001
50236
50578
50841
51192
51548
51899
52265
52589
52875
53182
53386
53687
54009
54334
54656
55012
55456
55732
56059
56543
57048
57389
57701
57893
58159
58376
58834
59063
59323
59665
60054
60432
60858
61194
61578
61933
62162
62506
62832
63144
63659
63937
64256
64500
64769
65043
65376
65754
66108
66365
66657
66903
67157
67501
67723
68040
68316
68570
68879
69252
69558
69886
70147
70501
70842
71076
71283
71603
71871
72256
72528
72814
73155
73544
73896
74275
74479
74780
75204
75586
75785
76064
76243
76449
76817
77131
77461
77803
78118
78552
79058
79442
79771
80022
80340
80612
81015
81432
81776
82137
82425
82718
82973
83132
83472
83788
84036
84292
84713
85068
85447
85650
85843
86139
86526
86835
87086
87311
87598
87922
88263
88622
88999
89396
89704
90031
90408
90731
91005
91279
91615
91934
92271
92531
92750
93005
93201
93537
93756
94124
94386
94791
95075
95433
95833
96153
96484
96863
97181
97473
97750
98101
98383
98676
98986
99314
99755
99995
100255
100581
100936
101246
101561
101860
102186
102467
102773
103163
103430
103774
104095
104321
104669
104980
105426
105720
106116
106601
107041
107421
107966
108269
108656
108977
109249
109495
109743
110062
110299
110597
110982
111290
111629
112046
112372
112707
113025
113281
113616
113902
114249
114561
114919
115284
115531
115930
116262
116604
116929
117352
117585
117855
118133
118465
118838
119124
119361
119715
120033
120273
120574
120928
121322
121548
121994
122330
122590
122929
123337
123559
123928
124243
124632
124995
125451
125813
126206
126451
126660
127011
127279
127574
127931
128149
128489
128813
129206
129503
129844
130189
130534
130860
131336
131821
132084
132328
132580
132894
133248
133610
133928
134165
134409
134622
134995
135285
135529
135855
136226
136504
136838
137123
137392
137655
137877
138120
138423
138737
139157
139402
139797
140073
140327
140663
140968
141177
141460
141789
142081
142357
142503
142762
143130
143512
143800
144152
144427
144682
145017
145264
145560
145817
146104
146420
146797
147235
147556
147923
148316
148586
148913
149283
149790
150092
150454
150807
151021
151318
151492
151941
152242
152479
152783
153012
153331
153581
153948
154169
154513
154864
155364
155678
155867
156155
156350
156570
156866
157090
