0
364
713
1083
1402
1910
2261
2698
2992
3504
3920
4306
4691
5124
5465
5734
6042
6351
6706
6958
7332
7670
8195
8483
8761
9086
9346
9662
10014
10313
10576
10860
11191
11645
12178
12591
12923
13364
13675
14028
14336
14873
15357
15776
16144
16420
16788
16997
17596
17994
18315
18734
19201
19516
20023
20316
20753
21141
21441
21803
22162
22474
22851
23121
23396
23733
24123
24687
24995
25600
25973
26395
26814
27157
27597
28033
28302
28688
28959
29381
29863
30210
30529
31008
31440
31867
32277
32720
33080
33277
33622
34031
34526
34904
35270
35630
36148
36452
36831
37174
37501
37963
38282
38710
39130
39337
39748
40161
40612
40918
41291
41722
42097
42493
42847
43221
43480
43856
44347
44700
45131
45692
46020
46573
47095
47633
48107
48464
48670
48958
49442
49837
50118
50498
50982
51516
51886
52480
52875
53348
53727
54085
54403
54874
55391
55863
56192
56608
56910
57250
57634
57895
58429
58795
59170
59564
59827
60258
60588
60891
61252
61566
61932
62361
62749
63184
63494
63957
64327
64639
64950
65206
65665
65936
66371
66742
67171
67588
68125
68456
68935
69247
69578
70113
70509
70829
71099
71347
71656
72057
72451
72809
73271
73598
74333
74969
75334
75657
76035
76479
76925
77412
77769
78239
78647
79068
79363
79614
79856
80351
80676
80918
81273
81795
82176
82666
82838
83066
83548
83988
84426
84616
84988
85325
85753
86169
86621
87101
87628
87990
88487
88934
89163
89601
89869
90356
90762
91045
91388
91661
91952
92302
92664
92964
93458
93819
94260
94619
95141
95638
95981
96376
96898
97262
97560
97879
98384
98748
99043
99443
99900
100349
100709
100940
101423
101837
102163
102596
102951
103376
103659
104015
104509
104894
105247
105619
106067
106356
106768
107347
107787
108241
108864
109410
110056
110551
110955
111346
111866
112107
112354
112744
113059
113450
113803
114262
114653
115047
115560
115949
116385
116733
117032
117545
117859
118299
118669
119125
119562
119916
120308
120815
121183
121629
122042
122342
122656
122993
123479
123991
124260
124651
125007
125418
125708
126057
126542
126989
127327
127845
128244
128582
129104
129475
129864
130279
130670
131154
131708
132189
132643
133058
133358
133639
134068
134351
134841
135171
135509
135920
136289
136831
137117
137616
138023
138503
138956
139539
140057
140386
140608
141064
141371
141701
142160
142550
142905
143178
143447
143881
144272
144575
144902
145344
145762
146128
146462
146824
147133
147472
147686
148105
148526
148974
149314
149777
150072
150508
150848
151177
151484
151882
152327
152578
152836
153105
153422
153862
154274
154708
155095
155394
155821
156105
156467
156938
157160
157464
158027
158537
158966
159294
159866
160269
160661
161072
161555
162150
162520
162915
163366
163663
163945
164258
164782
165128
165406
165717
166083
166407
166792
167244
167513
167977
168431
168996
169309
169663
169929
170176
170511
170808
171125
171686
172032
172428
172959
173388
173649
173980
174417
174745
175308
175561
175891
176288
176705
176960
177472
177959
178367
178879
179273
179686
180081
180350
180808
181100
181498
181771
182055
182274
182748
183251
183548
184100
184533
184841
185085
185381
185825
186157
186587
187021
187344
187747
188017
188368
188705
188946
189329
189805
190123
190488
190881
191194
191635
191977
192211
192602
193130
