0
252
477
712
1065
1255
1479
1747
1958
2170
2440
2600
2922
3191
3496
3708
3956
4215
4456
4654
4933
5216
5445
5728
6030
6254
6443
6698
6945
7201
7444
7721
7968
8243
8478
8696
8893
9189
9413
9676
9949
10270
10549
10796
10991
11226
11521
11715
11973
12208
12425
12690
12884
13174
13424
13650
13886
14088
14390
14714
14988
15289
15561
15810
16087
16282
16541
16860
17062
17285
17412
17681
17972
18258
18529
18789
19035
19327
19709
19895
20165
20507
20733
21072
21243
21454
21662
21935
22146
22390
22598
22825
23036
23321
23612
23830
24128
24448
24714
25010
25326
25550
25864
26117
26308
26522
26836
27081
27339
27663
27838
28146
28353
28600
28864
29118
29415
29682
29829
30088
30269
30517
30886
31183
31377
31678
31892
32206
32529
32813
32996
33380
33659
33910
34128
34355
34558
34799
35043
35291
35513
35827
36106
36357
36547
36722
36947
37200
37395
37599
37879
38066
38302
38526
38720
38971
39202
39504
39770
40055
40333
40571
40792
40969
41261
41517
41786
41986
42182
42424
42608
42867
43071
43341
43552
43757
44038
44327
44557
44861
45099
45336
45563
45827
46083
46346
46589
46821
47037
47221
47475
47693
48011
48242
48506
48790
49067
49319
49552
49728
49952
50175
50406
50689
50893
51128
51418
51700
51970
52223
52488
52824
53132
53318
53595
53843
54068
54304
54528
54800
55000
55178
55502
55725
56043
56349
56625
56886
57143
57351
57529
57703
57978
58226
58564
58789
59090
59322
59617
59936
60139
60305
60505
60823
61165
61357
61625
61848
62130
62385
62596
62793
63034
63239
63492
63725
63995
64180
64512
64763
64976
65328
65581
65854
66130
66429
66728
67048
67300
67534
67853
68038
68244
68438
68724
69017
69332
69591
69806
70056
70257
70453
70763
71027
71346
71617
71954
72223
72506
72855
73189
73432
73770
73999
74245
74489
74746
75015
75242
75506
75794
76025
76284
76520
76801
77022
77221
77548
77841
78160
78369
78650
78925
79170
79446
79716
79927
80142
80433
80766
81031
81289
81522
81712
82014
82330
82639
82872
83128
83339
83582
83821
84039
84194
84436
84541
84735
84947
85272
85524
85855
86181
86418
86621
86800
87048
87309
87595
87802
87986
88220
88411
88647
88916
89109
89364
89661
89890
90133
90412
90623
90800
91098
91340
91561
91790
92040
92345
92577
92820
93088
93256
93554
93763
94015
94316
94537
94766
95009
95229
95564
95815
96058
96299
96625
96872
97168
97449
97754
97975
98198
98346
98590
98878
99149
99424
99679
99945
100206
100400
100682
100884
101114
101347
101620
101965
102204
102443
102691
102949
103194
103341
103554
103853
104146
104382
104661
104905
105104
105309
105523
105810
106100
106376
106556
106824
107086
107441
107649
107938
108137
108413
108600
108753
109081
109362
109607
109915
110217
110403
110630
110822
111116
111409
111623
111883
112130
112348
112605
112879
113144
113457
113685
114005
114238
114478
114735
115066
115277
115497
115773
116117
116396
116631
116852
117149
117341
117543
117743
118017
118271
118520
118796
119037
119229
119574
119892
120143
120430
120629
120963
121203
121473
121706
121916
122194
122491
122765
123000
123231
123419
123636
123844
124053
124313
124551
124729
124950
125150
125496
125751
