0
338
673
852
1102
1442
1702
2007
2245
2536
2789
3113
3414
3771
4074
4525
4946
5270
5603
6047
6263
6706
7003
7193
7497
7864
8185
8516
8857
9201
9524
9812
10120
10398
10749
11120
11417
11603
11943
12167
12491
12973
13364
13597
14023
14315
14649
15038
15360
15677
16199
16564
16816
17157
17361
17606
17888
18169
18473
18841
19188
19546
19826
20063
20282
20617
20870
21082
21355
21673
21905
22218
22451
22705
22978
23303
23701
24038
24332
24761
25041
25268
25485
25921
26229
26558
26811
27074
27277
27534
27851
28136
28548
28751
28988
29357
29682
30045
30387
30646
30882
31250
31510
31860
32115
32439
32723
32932
33197
33464
33788
34206
34498
34864
35223
35503
35780
36124
36339
36608
36876
37220
37479
37734
38043
38432
38777
39057
39428
39794
40234
40487
40755
41114
41374
41671
41932
42185
42507
42799
43092
43419
43666
44079
44475
44820
45170
45492
45665
45835
46097
46464
46790
47196
47489
47832
48104
48490
48845
49056
49207
49551
49960
50346
50580
50943
51182
51468
51755
52037
52278
52530
52847
53086
53358
53681
53995
54407
54689
55067
55394
55678
56053
56296
56726
57077
57474
57856
58185
58486
58733
58907
59210
59543
59894
60322
60582
60837
61192
61431
61657
62070
62427
62809
63092
63584
63902
64307
64719
65125
65463
65899
66247
66492
66817
67111
67450
67834
68076
68434
68723
69055
69379
69729
69984
70255
70565
70964
71358
71650
72025
72372
72675
72981
73318
73606
73831
74181
74581
74998
75280
75540
75810
76153
76650
76962
77268
77530
77823
78077
78380
78661
78849
79110
79275
79461
79798
80148
80523
80947
81343
81581
81828
82001
82372
82635
83014
83277
83508
83795
84038
84315
84642
84839
85189
85600
85864
86120
86485
86687
86918
87315
87552
87831
88172
88540
88885
89160
89440
89729
90001
90340
90562
90892
91298
91553
91816
92097
92430
92857
93154
93476
93761
94140
94506
94894
95179
95588
95840
96081
96251
96553
96908
97322
97675
98008
98254
98606
98862
99194
99502
99703
99992
100326
100752
101058
101295
101598
101950
102233
102415
102693
103078
103465
103697
104060
104401
104645
104884
105133
105552
105857
106164
106438
106693
107040
107519
107782
108161
108375
108751
108922
109113
109572
109850
110187
110563
110908
111117
111423
111722
112039
112380
112624
112972
113283
113637
113889
114191
114578
114973
115291
115693
115964
116289
116698
117003
117287
117629
117966
118401
118702
118970
119290
119618
119890
120179
120370
120714
121038
121379
121689
122065
122290
122640
123113
123404
123741
124007
124420
124744
125055
125377
125639
125959
126406
126688
126970
127227
127454
127737
127961
128202
128516
128794
128990
129268
129548
129970
130301
130566
130935
131321
131705
132009
132387
132658
132962
133305
133656
133894
134176
134555
134968
135126
135489
135834
136209
136472
136736
136945
137222
137615
137905
138129
138427
138720
139156
139468
139876
140247
140572
140903
141170
141523
141775
142100
142360
142626
142960
143404
143616
143921
144281
144494
144802
145072
145352
145774
146115
146405
146701
146982
147298
147569
147850
148196
148556
148843
149158
149578
149866
150069
150359
150670
150993
151326
151631
151956
152355
152595
152842
153122
153483
153813
154085
154541
154868
155210
155460
155742
