0
259
522
801
1058
1345
1593
1901
2129
2421
2696
2967
3209
3512
3781
4039
4335
4612
4858
5115
5363
5671
5945
6187
6439
6696
6929
7169
7384
7653
7948
8221
8470
8735
8984
9268
9590
9846
10096
10355
10665
10937
11187
11448
11698
11969
12265
12520
12798
13039
13280
13527
13761
14012
14262
14513
14738
15008
15242
15551
15789
16042
16310
16596
16901
17207
17472
17740
17977
18231
18509
18744
18995
19300
19602
19848
20133
20366
20652
20909
21175
21408
21667
21953
22219
22449
22688
22944
23237
23487
23788
24078
24342
24621
24872
25144
25413
25694
25943
26191
26458
26772
26995
27241
27514
27752
28006
28250
28475
28772
29063
29326
29581
29854
30121
30371
30607
30866
31144
31380
31649
31945
32170
32434
32661
32938
33188
33449
33732
34001
34310
34542
34787
35024
35287
35563
35803
36122
36391
36642
36902
37121
37389
37652
37919
38177
38419
38649
38918
39182
39434
39684
39960
40189
40426
40765
41046
41333
41617
41852
42108
42349
42601
42871
43171
43428
43649
43850
44148
44429
44691
44953
45212
45435
45781
46067
46293
46600
46868
47168
47446
47662
47918
48174
48412
48668
48920
49177
49427
49698
49949
50198
50465
50753
51064
51339
51601
51904
52121
52421
52672
52891
53167
53434
53706
53929
54204
54465
54737
55010
55266
55548
55827
56095
56351
56570
56841
57071
57342
57668
57929
58166
58477
58722
59033
59318
59561
59814
60108
60406
60631
60882
61098
61323
61585
61854
62073
62360
62644
62903
63165
63394
63655
63911
64166
64373
64614
64869
65086
65347
65579
65854
66106
66372
66644
66919
67188
67485
67737
67976
68199
68484
68751
69001
69240
69475
69726
69966
70208
70468
70759
70972
71239
71490
71770
72053
72338
72585
72831
73100
73336
73633
73865
74112
74370
74608
74867
75120
75385
75697
75954
76259
76525
76780
77047
77339
77580
77839
78098
78344
78587
78822
79123
79427
79692
79959
80221
80500
80802
81059
81292
81569
81817
82098
82370
82609
82852
83126
83378
83666
83920
84201
84496
84781
85049
85306
85525
85739
85965
86234
86509
86815
87090
87359
87610
87922
88229
88455
88669
88957
89248
89561
89812
90092
90358
90611
90859
91140
91387
91652
91936
92180
92439
92707
92970
93233
93499
93763
94040
94296
94607
94871
95180
95455
95735
96028
96305
96543
96768
96970
97260
97528
97811
98094
98335
98593
98861
99095
99337
99629
99903
100215
100469
100791
101051
101336
101650
101923
102171
102476
102742
103001
103258
103551
103804
104112
104334
104619
104889
105153
105432
105721
105965
106205
106473
106776
107082
107326
107590
107875
108114
108378
108634
108899
109137
109416
109717
109977
110254
110497
110736
111003
111304
111584
111849
112102
112340
112600
112837
113072
113322
113565
113765
113994
114248
114511
114785
115086
115382
115649
115896
116130
116399
116668
116931
117174
117414
117683
117940
118209
118478
118717
119012
119307
119573
119803
120076
120297
120537
120829
121070
121312
121602
121886
122143
122399
122659
122891
123132
123423
123664
123954
124259
124473
124710
124948
125233
125514
125768
126025
126272
126562
126852
127150
127438
127746
127994
128242
128447
128710
128977
129261
129552
129826
130072
130361
130618
130889
131157
131404
131659
