0
260
540
819
1078
1351
1625
1889
2166
2411
2698
2975
3210
3466
3758
4063
4319
4561
4851
5111
5346
5611
5867
6116
6409
6710
6953
7250
7473
7727
8039
8261
8569
8871
9141
9375
9624
9896
10139
10357
10623
10829
11048
11299
11572
11844
12101
12408
12700
12984
13213
13457
13720
14001
14236
14462
14720
14986
15256
15515
15759
16026
16312
16581
16819
17074
17342
17549
17838
18082
18319
18570
18843
19133
19403
19656
19910
20153
20419
20701
20971
21247
21519
21758
21990
22257
22534
22815
23080
23331
23615
23908
24195
24468
24761
25045
25292
25535
25762
26035
26299
26563
26829
27114
27395
27651
27906
28165
28427
28704
28961
29240
29504
29780
30050
30345
30595
30826
31073
31361
31630
31920
32179
32442
32678
32938
33174
33448
33720
34001
34223
34497
34764
35075
35368
35626
35865
36136
36406
36627
36912
37191
37447
37750
38010
38275
38547
38773
39041
39337
39594
39848
40152
40388
40674
40960
41232
41535
41804
42076
42366
42639
42922
43229
43462
43703
43958
44241
44536
44799
45041
45319
45563
45787
46031
46275
46600
46871
47114
47366
47629
47877
48163
48479
48744
49010
49290
49596
49847
50068
50354
50633
50908
51168
51455
51711
51925
52188
52411
52661
52912
53153
53375
53630
53890
54160
54402
54658
54911
55193
55505
55792
56071
56353
56635
56872
57126
57400
57614
57900
58204
58483
58739
59024
59304
59558
59814
60047
60306
60595
60863
61082
61318
61586
61880
62178
62416
62723
62989
63260
63510
63794
64057
64324
64582
64836
65079
65367
65624
65864
66104
66371
66596
66853
67060
67336
67621
67913
68163
68475
68727
68982
69221
69474
69745
69998
70270
70545
70800
71026
71295
71541
71807
72070
72355
72608
72913
73190
73436
73669
73932
74195
74433
74716
75016
75285
75532
75752
76016
76312
76542
76812
77067
77312
77590
77826
78096
78369
78624
78888
79110
79395
79697
79973
80254
80520
80759
81057
81263
81530
81799
82098
82327
82501
82774
83051
83342
83606
83843
84088
84371
84698
84950
85190
85506
85756
86070
86320
86557
86799
87048
87283
87554
87791
88053
88306
88582
88834
89084
89347
89651
89955
90223
90521
90755
91058
91301
91556
91785
92078
92319
92560
92852
93097
93389
93634
93888
94147
94435
94705
94972
95188
95458
95710
95960
96288
96553
96806
97105
97352
97647
97954
98241
98445
98723
99004
99275
99534
99756
100002
100225
100513
100754
101005
101313
101572
101848
102092
102343
102595
102857
103098
103322
103558
103819
104060
104302
104537
104810
105071
105342
105600
105884
106164
106427
106660
106879
107145
107404
107677
107911
108145
108385
108600
108892
109125
109412
109655
109899
110166
110436
110707
110999
111258
111509
111758
112013
112257
112534
112781
113027
113265
113497
113759
113989
114299
114569
114859
115136
115419
115684
115948
116209
116438
116712
116954
117223
117451
117736
118029
118315
118569
118861
119105
119426
119727
119965
120226
120468
120730
120989
121244
121501
121786
122002
122299
122553
122855
123135
123425
123686
123946
124174
124395
124613
124881
125129
125439
125719
126042
126285
126545
126848
127126
127305
127584
127864
128198
128447
128713
128982
129261
129510
129786
130007
130287
130534
130809
131064
131345
131585
