0
413
744
1156
1579
2121
2503
2840
3217
3626
3963
4316
4492
4951
5334
5773
6146
6576
6872
7345
7917
8281
8704
9067
9570
9980
10350
10747
11079
11445
12033
12383
12742
13046
13323
13636
13909
14223
14594
14922
15145
15518
15809
16390
16739
17100
17581
18044
18504
18920
19381
19713
20082
20460
20907
21178
21536
21998
22501
22706
23158
23554
24004
24355
24683
24913
25257
25749
26117
26406
26733
27087
27627
28030
28532
29018
29375
29791
30157
30579
30920
31300
31614
31951
32320
32897
33150
33540
33972
34208
34603
34963
35282
35827
36264
36592
36982
37292
37661
37981
38322
38758
39234
39524
39957
40447
40787
41070
41374
41807
42223
42565
42983
43366
43896
44197
44493
44777
45276
45653
45994
46582
46992
47348
47715
48041
48396
48847
49163
49565
49903
50224
50635
50977
51322
51758
52107
52381
52708
53388
53786
54286
54692
55028
55443
55793
56153
56618
57072
57356
57644
57827
58293
58714
59123
59585
60032
60278
60946
61360
61672
62228
62678
63126
63566
63765
64043
64468
64804
65162
65465
65858
66160
66525
66924
67377
67745
68343
68829
69243
69640
70196
70512
71068
71381
71625
72041
72464
72936
73283
73691
74133
74536
74870
75256
75633
76093
76491
76892
77085
77490
77762
78206
78818
79289
79590
80104
80476
80965
81491
81816
82252
82874
83377
83597
84048
84287
84618
84926
85331
85652
86137
86606
87009
87321
87600
87854
88246
88617
88821
89136
89590
89830
90222
90519
90854
91135
91537
92056
92447
92843
93335
93689
93981
94220
94775
95197
95557
95874
96251
96482
96795
97161
97506
97993
98235
98555
99044
99393
99832
100287
100577
100889
101354
101638
102097
102417
102811
103163
103436
103817
104079
104482
105013
105386
105852
106289
106617
106956
107418
107631
107982
108351
108732
109050
109351
109770
110241
110661
110989
111435
111911
112485
112830
113117
113547
113856
114223
114550
114840
115256
115593
115994
116395
116710
117226
117693
118157
118591
118958
119191
119402
119750
120175
120642
121068
121435
121848
122181
122719
123100
123332
123502
123924
124430
124952
125245
125659
126001
126310
126677
126987
127338
127594
127991
128265
128619
129029
129424
129899
130262
130730
131142
131485
131925
132263
132794
133247
133702
134230
134661
134968
135305
135512
135886
136266
136754
137282
137585
137915
138376
138638
138925
139438
139881
140406
140693
141353
141778
142269
142854
143300
143702
144256
144677
144945
145365
145749
146139
146630
146954
147360
147741
148143
148602
148959
149306
149579
149993
150468
150958
151334
151743
152174
152591
152912
153348
153695
153988
154400
154952
155417
155746
156051
156395
156827
157416
157823
158163
158504
158822
159152
159487
159835
160138
160403
160613
160806
161281
161658
162112
162639
163130
163441
163747
163938
164371
164728
165176
165513
165802
166165
166426
166844
167217
167434
167845
168374
168748
169043
169443
169681
170019
170481
170792
171105
171545
172006
172384
172769
173069
173407
173745
174204
174430
174884
175385
175684
176031
176344
176801
177257
177654
178026
178411
178851
179328
179779
180124
180665
180961
181229
181443
181877
182302
182790
183255
183688
184017
184392
184733
185155
185512
185742
186115
186532
187055
187494
187749
188115
188595
188878
189056
189460
189946
190434
190701
191135
191571
191865
192147
