1
30410351
30431307
30435640
30435172
30420930
30456431
30482977
30461143
30481921
30429067
30357383
30421939
30382248
30360622
30472386
30457746
30476768
30495476
30521265
30450660
30425426
30414283
30397477
30490547
30508212
30627006
30482795
30401164
30505307
30478078
30415055
30504233
30346332
30387368
30433647
30450461
30342513
30456953
30336146
30415706
30424602
30507795
30442519
30569900
30453231
30474108
30479587
30354641
30465672
30474698
30414446
30444642
30436487
30452729
30573791
30445215
30527682
30398254
30366718
30478401
30525909
30571632
30475891
30495695
30526035
30430782
30513861
30504645
30439636
30425665
30503448
30472157
30449167
30461379
30418714
30388827
30450848
30369124
30466352
30471790
30479402
30432128
30425705
30441873
30525070
30437023
30584325
30437592
30533169
30395513
30507598
30440312
30516478
30475158
30511191
30396660
30543870
30459082
30512705
30315417
30403218
30437018
30409961
30374194
30480560
30534339
30468534
30504298
30407241
30490666
30598783
30439007
30471479
30509474
30520018
30499009
30555866
30423044
30450500
30437945
30447339
30472148
30484865
30448123
30441587
30499106
30418416
30492302
30452687
30419263
30421542
30412424
30532192
30378814
30430050
30480365
30388137
30550419
30364484
30411239
30367488
30456581
30512725
30523357
30411163
30415580
30454282
30430375
30454540
30472475
30469960
30408447
30466449
30486002
30394072
30492797
30445250
30373027
30476681
30467903
30447277
30519612
30460864
30387515
30492072
30407479
30477526
30521388
30461956
30404104
30478153
30508075
30377968
30456144
30464612
30397338
30536250
30467394
30484664
30557018
30624568
30393750
30461537
30479304
30474020
30475252
30406172
30496207
30478598
30455632
30489434
30481254
30471786
30432674
30448321
30544980
30434962
30402477
30428520
30502476
30445416
30502441
30539814
30455350
30418382
30384901
30463062
30451637
30496109
30445476
30419566
30532621
30415310
30464406
30402028
30499863
30461441
30461938
30408944
30572146
30578639
30473585
30471815
30409432
30404929
30486377
30328392
30423147
30477461
30419092
30379011
30468484
30531638
30498088
30502124
30492400
30467759
30411675
30489668
30446471
30408669
30500762
30408362
30438271
30458171
30553199
30510994
30423825
30341360
30582539
30494776
30469672
30443263
30461814
30453803
30475779
30507389
30481439
30442202
30433293
30456137
30375967
30561001
30554203
30453486
30375762
30553484
30439505
30448897
30415538
30461767
30547515
30426545
30444073
30532227
30377517
30488251
30406586
30439839
30487830
30500254
30415796
30419761
30459119
30436100
30539145
30483811
30506366
30437781
30428583
30427592
30414078
30418279
30493754
30480616
30333854
30468326
30473723
30534243
30480170
30392241
30443880
30407233
30466708
30454227
30432466
30553908
30429622
30473933
30486920
30476893
30561381
30498084
30501082
30423147
30476106
30373731
30591054
30453082
30432669
30508510
30392009
30470073
30455823
30436169
30432078
30401144
30407333
30459096
30503409
30497274
30471501
30487647
30434432
30552138
30450865
30426061
30349736
30427580
30521631
30404531
30462979
30467979
30473830
30363184
30449039
30414954
30644031
30423020
30491554
30496507
30391965
30445939
30546518
30467202
30533748
30482359
30455672
30480351
30474574
30435898
30436953
30484348
30421488
30477715
30499021
30487830
30516309
30428257
30406039
30405371
30435742
30503486
30460641
30508771
30578311
30524293
30427023
30480897
30362053
30446886
30508866
30493420
30541146
30500833
30349200
30539037
30362069
30508452
30495387
30531913
30487606
30495399
30440598
30414288
30463152
30446460
30522479
30528863
30474245
30507600
30509196
30482792
30505266
30443030
30486614
30443910
30433849
30413260
30470260
30478472
30452582
30519710
30421089
30475396
30510898
30416626
30529600
30481339
30493294
30362139
30501626
30507695
30491063
30464001
30467642
30540363
30492768
30429693
30533251
30476273
30439540
30484486
30533510
30462041
30459313
30447704
30467102
30500400
30515100
30385531
30450384
30466319
30438562
30482848
30476331
30475309
30533790
30422244
30427383
30369420
30544162
30421772
30428582
30400000
30469591
30517753
30575176
30460675
30410759
30427325
30511373
30486073
30515292
30484204
30442094
30573544
30502563
30437499
30473678
30500608
30428712
30564179
30380485
30384977
30450328
30510769
30414462
30559252
30452363
30449438
30419894
30492016
30497510
30519459
30489253
30551721
30468601
30490248
30477189
30490467
30435842
30439819
30467444
30513530
30464283
30511772
30481783
30427110
30462644
