1
23519581
23470526
23444018
23519972
23566812
23524771
23483069
23434145
23504539
23577078
23534262
23458840
23515396
23494424
23483071
23474202
23503349
23589850
23473915
23500488
23449410
23500307
23530869
23529107
23415514
23464552
23527950
23466137
23397357
23494031
23527812
23452315
23419198
23522723
23436466
23488054
23534314
23458800
23476201
23521920
23452783
23511204
23521985
23473440
23437193
23499985
23518492
23509939
23485380
23528015
23487196
23520039
23517956
23487391
23467267
23520006
23533719
23571664
23450193
23505814
23443691
23574386
23403425
23514425
23443521
23478137
23475413
23559196
23383090
23533382
23522045
23461366
23563362
23510138
23443496
23445727
23474272
23476040
23506428
23498366
23442284
23373525
23443596
23472689
23533983
23525647
23444058
23567318
23545850
23389624
23421382
23476830
23493593
23458681
23518199
23553380
23414391
23496171
23445175
23501299
23402366
23531232
23568605
23389041
23515981
23470048
23442430
23480643
23473901
23475719
23548212
23480302
23526031
23476745
23438890
23488816
23446318
23529983
23429071
23493216
23456496
23395508
23566925
23511454
23458148
23484788
23420806
23484892
23425544
23503478
23531004
23442501
23526181
23429063
23498722
23459009
23502575
23416142
23511513
23394666
23487534
23512936
23470383
23510278
23451790
23429521
23424500
23519969
23440581
23523676
23426571
23552256
23508673
23470259
23454930
23464344
23511133
23437114
23546945
23449689
23452468
23529877
23473746
23429084
23379815
23513469
23471627
23532643
23536025
23442325
23505620
23518332
23418310
23538559
23488357
23492719
23447487
23521966
23479315
23495157
23512594
23415574
23476899
23462072
23433911
23468409
23508115
23472441
23492864
23408100
23492012
23490318
23526784
23466236
23513327
23502385
23514438
23527275
23469634
23416861
23500504
23447948
23468509
23491889
23517725
23543709
23460840
23458091
23509987
23454820
23472551
23450117
23485895
23513080
23575020
23490330
23484102
23540412
23467598
23506234
23576439
23485620
23548813
23426147
23439851
23492563
23488905
23440101
23450917
23476151
23523113
23513963
23541992
23473425
23440990
23454752
23455047
23502702
23443389
23560612
23493849
23512532
23459587
23481955
23547586
23442680
23408513
23380216
23497731
23441811
23458815
23483697
23416093
23526371
23432559
23512395
23490036
23455391
23452058
23496154
23470325
23454362
23548486
23467534
23476123
23565397
23528131
23492121
23537144
23490925
23439405
23453569
23548460
23559481
23479263
23458096
23420697
23525004
23510451
23472462
23550581
23462716
23495603
23459546
23465981
23554593
23439474
23503621
23454825
23462403
23472438
23425255
23435415
23526350
23537658
23439132
23553297
23437630
23421624
23464615
23415143
23502511
23504016
23430619
23445403
23458202
23525011
23524473
23410720
23476490
23472605
23506679
23383044
23467444
23473079
23467702
23493691
23567153
23478034
23485780
23508099
23451064
23446177
23492444
23576594
23534667
23538822
23514290
23523331
23526022
23435420
23462080
23440370
23378354
23499530
23609860
23502466
23454799
23468710
23547778
23486507
23504238
23463818
23507287
23503281
23513019
23475465
23485946
23522581
23458610
23433124
23419145
23536736
23521155
23532798
23451408
23559653
23457628
23413103
23420512
23518031
23455855
23513564
23511326
23472144
23465059
23479583
23484535
23377823
23524216
23544844
23482141
23450496
23563430
23402314
23409986
23423936
23457928
23495502
23449066
23496094
23490480
23437119
23500332
23451195
23452837
23463041
23447747
23461248
23400967
23535306
23544336
23525788
23495198
23571239
23420015
23527708
23485844
23463800
23481747
23480601
23520239
23390802
23502002
23508940
23420922
23468619
23408717
23427764
23445608
23478632
23509704
23457602
23585409
23383399
23466171
23481734
23478637
23539722
23479732
23536216
23461501
23436133
23452737
23508759
23525114
23435653
23480298
23499413
23515912
23520719
23553413
23445481
23376360
23471462
23490227
23432037
23548281
23460796
23564768
23429596
23565617
23473929
23443901
23417201
23506820
23463009
23454202
23420063
23477691
23386428
23454456
23458086
23465754
23480150
23447011
23471463
23490710
23416100
23484223
23583569
23471810
23535024
23490371
23505537
23544346
23480819
23442048
23485833
23483370
23444958
23508567
23578244
23486448
23487104
23464815
23476339
23497054
23420964
23546685
23499668
23513184
23575131
23510643
23504154
23481893
23539732
23406537
23518499
23518085
23604049
23530681
23490140
23496683
23447061
23532750
23452043
23459101
23460537
23507660
