0
227
416
639
784
1038
1163
1353
1593
1768
1934
2111
2288
2517
2690
2925
3144
3371
3595
3766
3980
4240
4460
4738
4840
4989
5183
5285
5477
5633
5829
5920
6049
6288
6450
6640
6809
6929
7163
7354
7661
7833
8097
8310
8507
8659
8833
9013
9284
9465
9653
9757
9969
10200
10427
10591
10844
11051
11162
11366
11504
11651
11813
11995
12159
12283
12455
12610
12784
12939
13168
13356
13520
13810
13986
14148
14394
14581
14800
14915
15149
15316
15390
15619
15845
16024
16126
16258
16320
16513
16662
16786
17044
17168
17395
17634
17878
18009
18191
18353
18528
18694
18873
19188
19379
19552
19633
19799
20027
20247
20435
20645
20804
20974
21130
21285
21461
21690
21840
21994
22094
22301
22499
22609
22776
22941
23144
23348
23554
23715
23954
24140
24256
24351
24500
24787
24931
25126
25451
25682
26006
26151
26369
26519
26785
26983
27230
27432
27616
27754
28022
28204
28339
28521
28684
28932
29137
29326
29515
29602
29654
29838
30109
30345
30582
30804
31141
31333
31484
31614
31841
32082
32225
32487
32671
32880
33140
33351
33531
33733
33899
34025
34210
34396
34640
34842
35002
35148
35343
35536
35739
35991
36082
36189
36340
36530
36780
36895
37139
37300
37408
37607
37837
37985
38262
38530
38702
38798
39035
39295
39478
39779
39897
40103
40274
40506
40723
40875
41042
41148
41268
41473
41759
41980
42092
42242
42514
42716
42918
43093
43367
43537
43820
43955
44212
44360
44651
44911
45081
45165
45364
45591
45728
45830
46039
46213
46366
46523
46697
46841
47061
47248
47390
47522
47604
47779
47927
48081
48225
48391
48515
48754
48901
49022
49301
49513
49663
49754
49892
50069
50175
50523
50781
50965
51111
51295
51457
51639
51800
52023
52186
52292
52526
52683
52898
53035
53165
53304
53377
53568
53761
54040
54306
54404
54552
54684
54881
55033
55169
55396
55574
55793
56025
56221
56305
56561
56766
56891
57068
57275
57381
57485
57711
57840
58099
58258
58395
58517
58651
58932
59040
59207
59423
59612
59780
59995
60217
60430
60603
60798
61001
61216
61463
61619
61855
62037
62313
62494
62677
62827
62999
63267
63602
63846
64096
64328
64570
64691
64807
64976
65245
65455
65645
65793
66062
66256
66435
66665
66908
67177
67334
67478
67670
67842
68088
68401
68675
68840
68986
69116
69356
69463
69682
69912
70106
70236
70341
70477
70702
70920
71038
71197
71360
71540
71721
71909
72137
72339
72468
72706
72891
73032
73263
73476
73634
73774
73964
74108
74326
74607
74779
75027
75256
75493
75667
75865
75982
76109
76332
76462
76721
76878
77062
77138
77357
77530
77701
77872
78061
78161
78360
78438
78685
78784
79002
79221
79421
79536
79665
79847
80067
80157
80372
80578
80711
80860
81034
81161
81329
81564
81699
81812
81914
82178
82389
82575
82714
82877
83088
83316
83521
83738
83965
84227
84365
84489
84691
84937
85197
85418
85595
85724
85850
85976
86139
86405
86510
86622
86820
86941
87147
87296
87391
87502
87688
87851
88046
88205
88453
88731
88936
89047
89147
89383
89565
89680
89823
90033
90242
90523
90689
90823
90981
91208
91405
91612
91800
91969
92071
92218
92442
