0
58
146
318
544
758
848
1020
1206
1295
1365
1478
1684
1768
1994
2044
2116
2294
2447
2618
2777
2904
3030
3105
3204
3295
3411
3508
3641
3701
3768
3950
4070
4133
4268
4467
4608
4767
4942
5045
5186
5309
5435
5558
5648
5868
5932
6069
6230
6317
6413
6473
6492
6625
6730
6805
6989
7098
7167
7368
7546
7659
7792
7904
8054
8169
8344
8528
8724
8835
8873
8890
9093
9235
9377
9556
9693
9789
9892
9977
10109
10238
10401
10472
10559
10587
10787
10865
10935
11078
11131
11324
11512
11628
11749
11929
11996
12035
12103
12219
12391
12490
12701
12938
13067
13282
13493
13559
13761
13939
14131
14220
14382
14484
14636
14729
14891
14971
15076
15289
15432
15576
15789
15852
15856
15941
16091
16286
16482
16621
16953
17096
17202
17306
17457
17658
17696
17886
18023
18195
18355
18583
18702
18865
18928
19072
19175
19325
19469
19627
19780
19899
19952
20156
20231
20397
20499
20540
20661
20815
20937
21092
21267
21337
21446
21569
21722
21863
22051
22217
22439
22503
22628
22847
22937
23217
23366
23433
23587
23735
23946
24062
24211
24266
24307
24413
24571
24831
24922
25007
25138
25339
25463
25638
25741
25909
26046
26276
26376
26522
26748
26919
27095
27123
27244
27360
27500
27596
27750
27839
27954
28033
28152
28259
28361
28457
28602
28644
28741
28802
28939
29001
29091
29222
29296
29432
29552
29683
29849
30052
30157
30225
30302
30440
30525
30699
30953
31072
31206
31300
31369
31529
31714
31834
31970
32005
32075
32257
32343
32520
32609
32640
32763
32802
32937
33158
33369
33493
33560
33641
33743
33889
33971
34153
34288
34393
34550
34724
34794
34900
35064
35164
35246
35386
35471
35556
35643
35780
35871
36046
36148
36220
36255
36478
36525
36656
36784
36932
37038
37184
37333
37556
37667
37786
37954
38105
38289
38424
38581
38708
38932
39048
39170
39289
39446
39610
39833
40095
40233
40392
40602
40705
40755
40892
41090
41231
41428
41467
41699
41809
41933
42098
42280
42444
42552
42663
42747
42856
43028
43272
43421
43645
43723
43804
43968
44071
44197
44403
44526
44653
44684
44788
44887
45091
45211
45289
45440
45553
45677
45743
45931
46039
46209
46361
46571
46649
46755
46954
47096
47161
47262
47401
47500
47775
47935
48026
48274
48381
48583
48710
48788
48891
48997
49138
49263
49440
49507
49606
49719
49881
50033
50107
50250
50329
50443
50511
50658
50745
50924
51037
51136
51269
51308
51350
51653
51720
51878
51942
52089
52196
52278
52400
52483
52604
52751
52821
52861
53036
53176
53342
53422
53559
53640
53873
54014
54150
54369
54552
54665
54740
54792
54964
55192
55298
55522
55637
55683
55740
55782
55961
56131
56196
56335
56408
56480
56628
56702
56770
56857
56938
57105
57257
57374
57567
57806
57872
57911
58004
58120
58249
58334
58470
58615
58749
58914
59066
59123
59289
59424
59634
59717
59829
59906
60012
60069
60211
60317
60394
60478
60595
60710
60910
60979
61052
61121
61295
61414
61538
61738
61936
62052
62145
62271
62436
62580
62623
62851
63058
63244
63391
63645
63768
64030
64160
64409
64544
64735
64851
65015
65127
65287
