0
0
11
40
59
145
178
185
195
277
331
372
411
471
481
568
608
669
715
763
836
840
846
876
933
954
987
1014
1048
1057
1065
1103
1126
1148
1194
1194
1223
1230
1232
1260
1268
1302
1323
1382
1415
1443
1491
1545
1606
1610
1628
1666
1698
1755
1850
1894
1924
1941
1953
1996
2012
2056
2093
2116
2116
2192
2205
2252
2261
2269
2294
2310
2340
2428
2485
2550
2561
2561
2596
2643
2665
2722
2773
2806
2844
2900
2934
2943
3019
3037
3066
3068
3115
3115
3128
3176
3200
3270
3294
3306
3308
3355
3399
3409
3432
3502
3532
3567
3598
3637
3692
3728
3786
3827
3873
3922
3969
4004
4045
4101
4149
4182
4199
4231
4343
4416
4498
4545
4623
4663
4671
4718
4737
4819
4881
4886
4950
4997
5011
5029
5096
5162
5199
5206
5227
5239
5273
5335
5411
5509
5521
5537
5537
5597
5605
5666
5733
5763
5772
5772
5796
5903
5940
5943
5972
6002
6024
6042
6108
6141
6186
6218
6283
6325
6347
6397
6435
6459
6477
6510
6541
6624
6700
6716
6755
6815
6908
6934
6964
6976
7000
7040
7041
7116
7149
7175
7176
7250
7313
7325
7362
7406
7415
7443
7445
7516
7578
7598
7637
7664
7664
7673
7746
7794
7842
7880
7911
7940
7940
7985
8007
8023
8068
8073
8090
8105
8166
8230
8255
8291
8298
8368
8401
8457
8529
8612
8658
8665
8672
8717
8795
8818
8873
8914
8922
8935
8939
8986
9049
9057
9076
9097
9104
9179
9198
9198
9210
9231
9280
9326
9364
9435
9553
9561
9561
9561
9618
9667
9684
9713
9760
9807
9879
9913
9931
9976
10007
10075
10125
10135
10161
10192
10192
10232
10240
10265
10279
10326
10326
10402
10407
10408
10426
10458
10521
10559
10612
10664
10719
10749
10762
10810
10836
10855
10919
10967
11042
11094
11193
11262
11345
11393
11476
11542
11593
11617
11656
11740
11789
11824
11856
11896
11945
11977
12051
12075
12118
12156
12215
12234
12259
12293
12320
12340
12367
12442
12476
12569
12590
12643
12682
12749
12783
12859
12886
12940
12943
12970
12990
13061
13069
13081
13087
13173
13193
13241
13259
13275
13311
13392
13469
13488
13540
13616
13650
13651
13686
13747
13790
13856
13875
13880
13915
13996
14047
14089
14136
14176
14176
14193
14211
14237
14260
14302
14302
14309
14370
14384
14408
14435
14499
14520
14577
14668
14694
14721
14752
14767
14795
14803
14883
14903
14954
15000
15016
15026
15031
15031
15078
15082
15115
15154
15189
15198
15283
15345
15389
15413
15431
15465
15515
15546
15631
15698
15758
15758
15758
15812
15850
15884
15951
15994
15996
15998
16007
16049
16072
16133
16142
16153
16160
16229
16240
16241
16294
16307
16356
16422
16440
16474
16534
16546
16546
16546
16592
16658
16670
16752
16835
16893
16985
17062
17065
17145
17187
17228
17273
17298
17351
17391
17418
17472
17474
17531
17602
17658
17701
17775
17787
17788
17788
17826
17923
17982
18026
18137
18191
18226
18232
18289
18336
18355
18414
18435
18506
18544
18612
18643
18707
18709
18758
