1
30531738
30429703
30457317
30409543
30462211
30470158
30429376
30521519
30480958
30469474
30474615
30462941
30398028
30489057
30366917
30518683
30406621
30441967
30532161
30444870
30419899
30482371
30419096
30476121
30473697
30456799
30502549
30517896
30440863
30445647
30429078
30486997
30392703
30369000
30351838
30410969
30518746
30425197
30362078
30547460
30482744
30517474
30488517
30558287
30423005
30495189
30411473
30449087
30468769
30486763
30389759
30465147
30487087
30523065
30535545
30406849
30454602
30581935
30353733
30426734
30406638
30529837
30453398
30434154
30529373
30389971
30460278
30476248
30461083
30415084
30533802
30467476
30391713
30536594
30530441
30393268
30426315
30364470
30497041
30573152
30511197
30418768
30408636
30405892
30483696
30419190
30468516
30480040
30410178
30393367
30454573
30413924
30512193
30531007
30531943
30329256
30514133
30414834
30472828
30390862
30429951
30501125
30437300
30431131
30477375
30547326
30396407
30441960
30355248
30536126
30467172
30501894
30351334
30494010
30461954
30536686
30483316
30505427
30471619
30482425
30496295
30438574
30474430
30408061
30538050
30477571
30400200
30501740
30464442
30462847
30452356
30365850
30415782
30452582
30469043
30500653
30393782
30510177
30442515
30434638
30490124
30444254
30437541
30459455
30326767
30405090
30494613
30527520
30422662
30490561
30368749
30528510
30419983
30506241
30464545
30497075
30457114
30450928
30425843
30542814
30447195
30437071
30562259
30444035
30547035
30442377
30464040
30391055
30399319
30475344
30452827
30478488
30510854
30450489
30552407
30419242
30432466
30531087
30444141
30467892
30443904
30428757
30615761
30557677
30534268
30503168
30408182
30352478
30503259
30544345
30507544
30492212
30374985
30448619
30543358
30384488
30556976
30479187
30442614
30453977
30444391
30506859
30549087
30424226
30440864
30528647
30495280
30529062
30489125
30476979
30468952
30453644
30423317
30518842
30395921
30480900
30334972
30488044
30468506
30490565
30561181
30363213
30529677
30470026
30398610
30535294
30503322
30452226
30441445
30477546
30488041
30565417
30422173
30496779
30512213
30467828
30419155
30518533
30480588
30495930
30379022
30505113
30425662
30457332
30474434
30480772
30458971
30432522
30405618
30509209
30431213
30504764
30362849
30455676
30434818
30548849
30518627
30391885
30404438
30506368
30406499
30367377
30540120
30536557
30438650
30499561
30433423
30402760
30527027
30512930
30431612
30418834
30522242
30462887
30576677
30431860
30439152
30437359
30454566
30443532
30612491
30366526
30448998
30445971
30452208
30474796
30545342
30457642
30384563
30455641
30500288
30458560
30482444
30541660
30496649
30398783
30474067
30529160
30501879
30389352
30488996
30428760
30383002
30509477
30566601
30521409
30422606
30412648
30506926
30468981
30445864
30453470
30353311
30410052
30496665
30498025
30412722
30502873
30413308
30412331
30401276
30470705
30445974
30539578
30476851
30451571
30465146
30414728
30361890
30482123
30408989
30379680
30532786
30392851
30476200
30542148
30430936
30484158
30510333
30431560
30429358
30478452
30463215
30380546
30421619
30363386
30420331
30501152
30432991
30406155
30440393
30503923
30426620
30449021
30357231
30502068
30423377
30270734
30441364
30484708
30546363
30470182
30453407
30484053
30391058
30410464
30535268
30447795
30473588
30532231
30535257
30415282
30543096
30518870
30341006
30477895
30378947
30479898
30420407
30443121
30424156
30377721
30416294
30331286
30513828
30468366
30448191
30487618
30520903
30518062
30504790
30458080
30404967
30482557
30457634
30408717
30481903
30505977
30466194
30470040
30550174
30396622
30386696
30530181
30462789
30477236
30552448
30454138
30588144
30477194
30498186
30462928
30495304
30467291
30504078
30493202
30479291
30462253
30418595
30406065
30487876
30458659
30424427
30478515
30460460
30467323
30439865
30540182
30476767
30516590
30427693
30502297
30475072
30541560
30461369
30446533
30440069
30636862
30436122
30471460
30480758
30536201
30433917
30403204
30322266
30528024
30425217
30315189
30468873
30544461
30432580
30632466
30449584
30376340
30525109
30375843
30455853
30482596
30509063
30558584
30544528
30349157
30482680
30445881
30555664
30429429
30485192
30432663
30449706
30447841
30503987
30374013
30469482
30443728
30420929
30451225
30505143
30417166
30425566
30450735
30379843
30484795
30515787
30396204
30346580
30428144
30448839
30452526
30520450
30423604
30445304
30335095
30472353
30522736
30454246
30422384
30453446
30443634
30417404
30396591
