1
42192997
41891319
42116038
42154073
42046426
42126604
42084548
41930208
42094929
42019761
42111054
42414252
41965089
42245166
42105386
42197740
42007903
42335965
42054214
41934582
41991320
42291668
42350836
42353819
42042408
42113152
42125477
42208515
42228902
42234078
42105073
42202132
42142218
42067351
42202238
42174079
42157061
42211339
42128622
42224358
42267009
41973618
42115967
42033828
42134852
42045558
42081924
42082705
42269154
42183091
42098219
42219466
42060655
42218507
42104909
42313972
42229910
42157234
42130200
42072112
42184824
42342015
42022544
42029673
42104284
42153743
42016749
42261714
42140450
42194341
42140497
42143484
42176693
42113175
42373329
42175469
42062608
42198198
42182381
42153007
42054001
42049744
42115961
42403790
42123137
41970224
42204865
42176726
42147020
42192125
42120006
42135474
42064271
42191460
42196485
42184405
42051723
42159269
41910422
42034484
42373390
41970571
41857879
42115910
42277179
41957136
42241780
42060941
41990854
41920149
42251506
42157661
42211123
42219597
42058671
42011285
42206348
42211901
42133252
42124319
42104522
42121094
42025401
42163239
42085135
42127954
42025247
42187008
42104703
42233946
42214172
42199200
42085951
42232935
42131049
42096796
42403138
42089266
42075466
42033547
42019082
42098342
42221751
42020767
41997982
42280955
42167848
42088934
42431320
42215106
42083192
42009519
42156559
42256443
42291231
42188937
42070514
41985484
42067942
42082172
42040699
42114062
42080176
42248066
41942087
42128335
42199847
42075946
42197313
42131540
42210515
42170599
42048072
42083746
42045565
42024049
42091552
41994204
42109132
42126883
42031377
42242072
42126649
42104836
42039238
42134945
42062842
42299620
42172033
42179371
42115661
42050054
42064830
42122809
41807704
41987774
42209744
42237963
42186428
42053081
42106632
42221794
42063641
42187761
42188868
42290081
42055570
42246961
42203631
42139670
41989276
42264445
42162629
42257284
42268068
42368991
41901737
42113316
42117900
42076405
42071176
42199610
42209599
42152238
42154037
42347458
42232653
42037513
42079435
42080872
42157114
42166427
42156739
41984295
42113376
41969960
41889260
42142873
42055397
42132680
42296796
42218275
42105296
42112112
41989598
42212892
42086919
42024481
42154701
42165596
42041643
42138658
42218221
42118973
42227500
42259482
42128926
42366261
42173555
42212547
42075429
42034807
42090781
42106930
42187561
42032667
42178940
42194437
42197581
42104029
42142253
42259152
42231055
42023886
42112339
41970262
42237871
42030633
42260339
42015348
42083730
42180513
41904151
42206309
42198880
42243785
42070080
42072740
42213823
42041990
42009575
42095230
42240874
41972441
42263587
42153025
41976636
42102716
42360221
42142346
42112891
42252731
42005551
42241773
42110899
42073953
42016368
42066774
42136275
42297468
42152902
41940504
42078203
42198632
42134568
42285092
42093008
42201756
42076982
42010376
42261730
42020422
42086310
42157131
41881189
42131628
41987560
42240547
42178603
42067590
42027779
42022515
42198839
42212897
42173016
42398945
42105127
42355720
42182158
42070356
42083199
42148563
42090387
42202922
42235413
42159702
42192090
42151428
42065451
42126918
42149554
42046125
42301334
42002994
42079698
42211704
42076244
42215853
42150955
41889378
42293436
42084465
42230012
42171009
42134071
42365592
42202271
42157493
42116949
42125814
42359657
42131563
42210096
41973951
42208175
42053641
42161664
42037722
42270676
42164601
42250573
41864269
42130341
42314936
42127438
42266849
42231811
42176070
42139572
42127131
42338247
41997444
42329369
42240170
42188992
42223332
42234807
42042693
42228346
42124446
42210163
42113636
42140106
42248064
42242566
42128812
42267772
42292555
41945258
42035968
42229128
42103927
42054204
41992047
42024345
42094179
42046784
42161817
42238511
42153860
42058348
42098967
41991417
42228469
42212215
42108526
42130414
42139193
42052604
42248182
42180683
42048236
42063852
42152685
42185417
42242954
42123211
42211275
41878291
41961747
42089254
42279167
42048689
42021290
42191230
42202457
42143548
42300895
42140269
42003648
42205672
42286899
42233035
42284363
42034761
42068881
42164060
42084297
42279418
42170444
42007448
42173760
42210049
41995536
42219973
42190966
42109328
42122153
42178032
42171092
42186319
42027367
42069726
42194492
42204482
42081980
42326904
42125439
41892446
42054933
42069096
42168253
42128634
42077012
42221296
42332721
42250553
41974965
41885886
42131229
42008023
42069358
42042695
42126128
42114982
42090392
42177549
42116899
42047402
42234151
