1
35632764
35439821
35432501
35609585
35481665
35557271
35557709
35604846
35508142
35504420
35503424
35475473
35580902
35520827
35544457
35718216
35603215
35480399
35505561
35501900
35542436
35477099
35655258
35530245
35562572
35341241
35600911
35572966
35528238
35409442
35588945
35625427
35533821
35602239
35525105
35501128
35584213
35573540
35537580
35574990
35560662
35432644
35507099
35584113
35569149
35485854
35461884
35560477
35559584
35407699
35492887
35481360
35597553
35451620
35494612
35502693
35615257
35469476
35485529
35558899
35487673
35483131
35555589
35570935
35563006
35571898
35628468
35567809
35528700
35538934
35484770
35535217
35579431
35532604
35586656
35467437
35510995
35536026
35430729
35510167
35630317
35481674
35537962
35597455
35563320
35272897
35687725
35473420
35510254
35446079
35428778
35674062
35550278
35498365
35680241
35451764
35531404
35547168
35527697
35597396
35562969
35549449
35481611
35544469
35417895
35582529
35527832
35499336
35604428
35657685
35491066
35472271
35549797
35567336
35596779
35384512
35512640
35519636
35583494
35541370
35464702
35493974
35443922
35411766
35551573
35463495
35534746
35501364
35527299
35506674
35549311
35613349
35598577
35501216
35444074
35507600
35484095
35643069
35629935
35501901
35542674
35480386
35494192
35600535
35526916
35559793
35507616
35469234
35532002
35500404
35547688
35610830
35521479
35523374
35621926
35457996
35527629
35427759
35481592
35618804
35519097
35531861
35450232
35480617
35540720
35538471
35513110
35647912
35456989
35553271
35639195
35402726
35438323
35515483
35423692
35531559
35441554
35558071
35575283
35510513
35456023
35556157
35511216
35553529
35601555
35530959
35551911
35569921
35421835
35550618
35529407
35498768
35587117
35526790
35485638
35681573
35542509
35535899
35592382
35554849
35545307
35503176
35528487
35603034
35581252
35469338
35621008
35459022
35510709
35593417
35512461
35524668
35518072
35430453
35509024
35523608
35500805
35542795
35603711
35470801
35645008
35522348
35619037
35541873
35432313
35489907
35484426
35512913
35403236
35540234
35518331
35574196
35647394
35461668
35617324
35728343
35612527
35722527
35482816
35532877
35449393
35586944
35620786
35605076
35576242
35489270
35590583
35577350
35371187
35561878
35402298
35453471
35483443
35535500
35529725
35608415
35583279
35513479
35601891
35530066
35474846
35584967
35575151
35654509
35603518
35460256
35524943
35613209
35605694
35566654
35506893
35562058
35612852
35574472
35470896
35595926
35561711
35594553
35504850
35514074
35590576
35534464
35514394
35480427
35384151
35483779
35602580
35547571
35474736
35567322
35567854
35520701
35686856
35549632
35465449
35399924
35528000
35417063
35618456
35477966
35472974
35507018
35653586
35593525
35474595
35620734
35593657
35579137
35536218
35665614
35485784
35456103
35534333
35504462
35538764
35495657
35680872
35585892
35548159
35585359
35487104
35613643
35523939
35569690
35417927
35545130
35570486
35515674
35678290
35458533
35461651
35521413
35473803
35518231
35506128
35638830
35489587
35527979
35529939
35569450
35416206
35571610
35431683
35471622
35488455
35598087
35494341
35544464
35501555
35484476
35481724
35539879
35513205
35489777
35542307
35508087
35483831
35459263
35476041
35485161
35612235
35486214
35612306
35581960
35492065
35531600
35448225
35549789
35515384
35561556
35346463
35629061
35574662
35613594
35602170
35525164
35375501
35537642
35550048
35562567
35578847
35678698
35672181
35520832
35596439
35585950
35602543
35479118
35613895
35365423
35587861
35492467
35455247
35444367
35549466
35462879
35470075
35467307
35601475
35584437
35673111
35494017
35554953
35651451
35514355
35505990
35625700
35540049
35532661
35612510
35540076
35581674
35480227
35593800
35392369
35521727
35633521
35583758
35575204
35622225
35572073
35525600
35541626
35470883
35484936
35602650
35433113
35551429
35496790
35464293
35446402
35417449
35401073
35444925
35455802
35624774
35511319
35550060
35554541
35485817
35645034
35640669
35486142
35649678
35601113
35507786
35537783
35557390
35492156
35504054
35562406
35592208
35572561
35478384
35542682
35610816
35585155
35512686
35409919
35615499
35380363
35496797
35668708
35521558
35589795
35426925
35516637
35625978
35570808
35559612
35559256
35607028
35516083
35644177
35484016
35544139
35489905
35516095
35593806
35498377
35565578
35509095
35590172
35630305
35584095
35509950
35501020
35495146
35549294
35596035
35454322
35480279
35546805
35497947
35605432
35447181
35490954
35498197
35438390
35554793
