0
171
297
463
561
770
823
988
1149
1274
1374
1488
1607
1745
1855
2057
2210
2404
2588
2702
2852
3048
3187
3424
3489
3581
3736
3802
3937
4049
4194
4245
4322
4505
4610
4738
4864
4932
5095
5242
5474
5583
5762
5931
6065
6150
6268
6388
6598
6730
6852
6896
7039
7234
7399
7482
7677
7800
7856
7990
8055
8154
8261
8379
8496
8569
8695
8788
8912
9018
9195
9339
9462
9682
9782
9885
10072
10177
10329
10394
10572
10694
10745
10926
11087
11191
11249
11305
11322
11473
11592
11659
11854
11946
12107
12306
12469
12562
12669
12794
12932
13056
13180
13425
13569
13675
13698
13792
13958
14114
14269
14427
14531
14640
14732
14828
14947
15120
15217
15309
15368
15487
15628
15691
15792
15908
16067
16204
16342
16459
16617
16755
16817
16849
16967
17165
17243
17375
17627
17805
18044
18127
18322
18403
18626
18776
18968
19105
19237
19322
19509
19640
19707
19831
19933
20155
20336
20464
20613
20656
20678
20812
21016
21186
21357
21532
21811
21930
22040
22115
22294
22474
22571
22751
22890
23045
23257
23422
23547
23694
23812
23901
24027
24170
24381
24537
24631
24715
24836
24961
25108
25275
25325
25378
25477
25643
25839
25910
26087
26190
26249
26379
26559
26677
26913
27141
27256
27313
27493
27705
27846
28101
28173
28328
28470
28630
28801
28910
29028
29080
29147
29278
29497
29681
29740
29837
30056
30198
30338
30467
30665
30789
31005
31103
31281
31398
31633
31812
31913
31948
32097
32264
32369
32414
32571
32685
32768
32869
32982
33073
33207
33338
33423
33509
33533
33630
33726
33805
33883
34007
34082
34271
34368
34455
34690
34848
34953
34994
35103
35213
35293
35591
35794
35933
36027
36125
36242
36381
36505
36643
36748
36803
36984
37077
37233
37309
37393
37490
37546
37666
37811
38013
38238
38295
38389
38460
38618
38727
38814
38979
39100
39236
39401
39543
39579
39775
39912
39982
40087
40248
40314
40371
40537
40615
40821
40914
40999
41057
41116
41338
41400
41512
41696
41828
41943
42104
42249
42429
42550
42683
42817
42986
43186
43296
43462
43593
43806
43938
44074
44177
44310
44525
44775
44947
45140
45317
45488
45545
45629
45768
45974
46131
46268
46357
46566
46674
46777
46948
47120
47316
47398
47484
47613
47717
47892
48157
48374
48490
48582
48654
48828
48896
49055
49240
49372
49453
49509
49606
49787
49968
50033
50132
50267
50377
50505
50645
50815
50956
51051
51248
51387
51483
51661
51813
51917
52016
52157
52262
52444
52651
52754
52929
53115
53301
53406
53550
53623
53700
53885
53949
54160
54250
54362
54381
54574
54697
54822
54943
55079
55125
55264
55279
55482
55540
55727
55875
55986
56057
56129
56254
56463
56502
56678
56843
56905
56986
57103
57192
57314
57486
57548
57625
57669
57875
58036
58175
58257
58372
58518
58691
58859
59028
59171
59401
59478
59538
59672
59858
60053
60226
60336
60434
60490
60571
60684
60877
60951
61010
61159
61223
61402
61487
61526
61583
61706
61814
61959
62069
62262
62465
62622
62674
62720
62900
63027
63096
63159
63330
63470
63677
63785
63895
63990
64144
64308
64447
64571
64685
64744
64844
64987
