0
565
1082
1628
2197
2718
3230
3756
4259
4786
5334
5852
6340
6811
7304
7763
8298
8830
9386
9905
10421
10958
11489
11982
12490
12994
13545
14044
14557
14999
15543
15999
16508
17022
17527
18058
18586
19099
19627
20088
20602
21131
21598
22151
22612
23184
23643
24228
24777
25283
25771
26322
26853
27379
27856
28409
28949
29454
30038
30602
31138
31685
32208
32683
33237
33744
34273
34842
35340
35832
36375
36933
37551
38032
38616
39191
39703
40275
40772
41342
41878
42403
42901
43471
44020
44564
45072
45597
46092
46598
47096
47570
48149
48675
49207
49682
50145
50639
51181
51673
52182
52665
53206
53709
54219
54731
55224
55701
56221
56729
57213
57714
58259
58827
59300
59805
60355
60887
61431
61925
62418
62938
63467
63937
64371
64918
65494
65969
66460
66985
67504
68069
68638
69142
69640
70132
70638
71169
71671
72171
72705
73142
73595
74125
74686
75185
75693
76128
76715
77235
77741
78190
78664
79148
79603
80085
80622
81204
81752
82230
82710
83230
83694
84226
84706
85220
85735
86252
86790
87310
87810
88325
88864
89338
89755
90367
90904
91377
91935
92451
92911
93443
93925
94493
94947
95493
96001
96478
97000
97533
98073
98591
99130
99684
100148
100651
101127
101667
102234
102749
103213
103776
104294
104797
105336
105910
106496
106967
107497
107997
108544
109037
109580
110126
110602
111081
111653
112150
112656
113176
113673
114173
114678
115245
115714
116249
116739
117249
117771
118264
118682
119214
119709
120248
120735
121315
121855
122360
122909
123452
123978
124484
125001
125537
126122
126655
127174
127778
128311
128865
129417
129955
130558
131091
131546
132058
132592
133084
133610
134171
134693
135163
135728
136260
136743
137288
137798
138299
138812
139330
139799
140307
140814
141352
141881
142424
142972
143511
144044
144550
145061
145588
146071
146609
147132
147626
148141
148673
149200
149683
150212
150722
151248
151733
152218
152671
153214
153742
154308
154780
155287
155775
156324
156831
157371
157826
158389
158868
159341
159883
160400
160932
161443
161995
162478
163004
163485
164056
164560
165054
165524
166021
166543
167047
167547
168076
168621
169105
169555
170070
170568
171043
171604
172143
172717
173162
173712
174186
174665
175184
175739
176226
176762
177287
177849
178329
178807
179302
179859
180372
180875
181424
181952
182445
182967
183408
183972
184449
184989
185500
186042
186485
186959
187537
188070
188596
189109
189631
190147
190646
191195
191712
192265
192750
193260
193787
194376
194915
195446
195942
196456
196944
197419
197868
198399
198944
199458
199951
200396
200911
201386
201868
202435
202905
203512
204034
204547
205144
205676
206165
206750
207273
207741
208250
208785
209270
209749
210292
210819
211307
211799
212376
212851
213365
213935
214433
214995
215492
215965
216511
217029
217560
218042
218558
219071
219595
220045
220582
221077
221607
222147
222631
223172
223650
224164
224690
225175
225756
226374
226833
227328
227866
228341
228861
229375
229849
230346
230839
231399
231869
232337
232861
233396
233883
234371
234896
235404
235938
236441
236999
237470
238033
238576
239086
239610
240208
240696
241131
241721
242228
242738
243194
243707
244188
244751
245252
245722
246242
246763
247303
247810
248331
248862
249401
249896
250352
250850
251340
251830
252339
252762
253214
253726
254186
254732
255231
255677
256134
256643
257108
257635
