0
98639
197408
296349
394899
493313
591903
690607
789161
887809
986491
1085243
1183838
1282447
1381000
1479819
1578549
1677157
1775938
1874714
1973151
2071629
2170426
2269261
2368263
2467088
2565879
2664853
2763689
2862387
2961027
3059931
3158920
3257540
3356532
3455292
3553868
3652597
3751240
3850089
3948561
4047374
4146141
4244906
4343799
4442661
4541394
4640218
4739120
4837883
4936494
5035465
5134345
5233085
5331820
5430364
5529140
5627817
5726755
5825538
5924539
6023116
6121640
6220348
6319293
6417783
6516414
6615269
6714147
6812764
6911508
7010061
7108719
7207760
7306402
7405451
7504188
7602962
7701893
7800185
7898983
7997495
8096092
8194868
8293856
8392598
8491326
8590526
8689330
8788045
8886997
8985906
9084552
9183517
9282192
9381059
9479644
9578253
9676960
9775665
9874540
9973338
10072091
10170579
10269549
10368294
10466669
10565200
10664098
10762823
10861421
10960076
11058692
11157489
11256000
11354745
11453570
11552312
11651016
11749816
11848519
11947185
12045989
12144475
12243279
12341781
12440571
12539301
12638038
12736896
12835474
12934022
13033066
13131691
13230424
13329041
13427868
13526359
13625434
13724484
13823157
13922179
14020753
14119381
14218162
14316862
14415914
14514795
14613569
14712216
14811045
14909950
15008702
15107465
15206050
15305075
15404019
15502475
15601235
15700041
15798702
15897026
15995784
16094826
16193415
16292204
16390806
16489308
16587929
16686436
16785063
16883625
16982167
17080731
17179316
17277926
17376580
17475556
17574286
17672988
17771797
17870341
17969061
18067637
18166361
18265202
18364086
18462920
18561430
18659833
18758396
18857115
18955833
19054497
19153230
19251796
19350571
19449297
19547884
19646533
19745218
19843667
19942709
20041714
20140572
20239351
20338213
20436954
20535567
20634254
20733316
20832205
20931131
21029790
21128558
21227495
21326174
21424925
21523848
21622840
21721617
21820532
21919285
22017828
22116441
22215137
22313951
22412767
22511482
22610419
22709273
22808160
22906962
23005524
23104412
23203227
23301890
23400493
23498913
23597672
23696477
23795405
23894195
23992993
24091694
24190589
24289439
24388492
24487465
24585920
24684520
24783125
24881813
24980538
25079132
25178164
25276891
25375462
25474135
25572852
25671515
25770638
25869261
25968266
26066684
26165683
26264346
26362607
26461495
26560102
26658759
26757456
26856405
26954840
27053458
27152290
27251262
27350033
27448824
27547742
27646276
27744969
27843625
27942449
28041072
28139880
28238562
28337304
28436257
28535006
28633389
28732247
28830957
28929431
29027968
29126740
29225473
29324291
29423218
29521849
29620524
29719239
29817978
29916710
30015686
30114556
30213358
30312173
30411058
30509728
30608511
30707032
30805924
30904722
31003546
31102460
31201346
31300020
31398875
31497664
31596365
31695130
31793715
31892429
31991327
32089990
32189116
32287976
32386597
32485570
32584200
32682772
32781476
32880321
32979229
33077732
33176644
33275371
33374174
33472969
33571542
33670567
33769217
33868206
33966873
34065409
34164270
34262934
34361803
34460295
34559025
34657836
34756532
34855356
34953732
35052383
35151037
35249688
35348232
35446895
35545532
35644184
35742989
35841613
35940460
36039267
36137821
36236544
36335363
36434164
36532748
36631471
36730147
36829084
36927918
37026618
37125521
37224062
37322509
37421336
37520006
37618733
37717297
37816101
37914888
38013336
38112025
38210897
38309799
38408367
38507260
38606625
38705177
38804000
38902833
39001670
39100523
39199329
39298223
39396824
39495559
39594475
39693127
39792273
39890926
39989646
40088384
40187037
40285755
40384750
40483379
40581800
40680470
40779269
40877995
40976781
41075729
41174749
41273487
41372379
41471083
41569704
41668565
41767168
41865775
41964395
42063112
42161975
42260520
42359397
42458210
42556876
42655660
42754551
42853590
42952177
43051367
43150076
43248636
43347489
43446225
43544885
43643743
43742388
43841198
43939903
44038513
44137186
44236056
44334983
44433754
44532503
44631133
44730188
44828781
44927156
45025699
45124656
45223189
45321608
45420246
45518730
45617434
45716131
45814906
45913631
46012122
46110630
46209283
46308242
46407099
46506005
46604581
46703137
46801774
46900467
46999302
47098127
47196827
47295590
47394168
47492984
47591676
47690334
47788845
47887682
47986418
48085352
48184231
48283005
48382027
48480597
48579547
48678336
48777257
48876082
48974959
49073871
49172792
49271589
49370564
