1
38470791
38524373
38421448
38507136
38456564
38278412
38455561
38561464
38448497
38296838
38537439
38478225
38538097
38448717
38420246
38355211
38408048
38366854
38590099
38550779
38396326
38600608
38317062
38386976
38492255
38479363
38430474
38636799
38292518
38314540
38399029
38221956
38453782
38390232
38252302
38603973
38579541
38352688
38498053
38404836
38360612
38392423
38412949
38540867
38475322
38381886
38409489
38331701
38398244
38490606
38488790
38354529
38410345
38546561
38492330
38454158
38270939
38185733
38347756
38224670
38356847
38328648
38328675
38442708
38508591
38395826
38419782
38540955
38364000
38579304
38252132
38580206
38388838
38376288
38332604
38418560
38332154
38480180
38407081
38180882
38406239
38476682
38360403
38511925
38467822
38435154
38550391
38462880
38545735
38296305
38132813
38472500
38593601
38470409
38401223
38455832
38309395
38184035
38492297
38526317
38508779
38479792
38593939
38266914
38513407
38548837
38400296
38506214
38498223
38344995
38258595
38372702
38525222
38474657
38519961
38380616
38380179
38317478
38457219
38570964
38314674
38567718
38455475
38471748
38406440
38344546
38312065
38439702
38485738
38424899
38451296
38426672
38411019
38404040
38515100
38291186
38592398
38466698
38455118
38339453
38488352
38671213
38432724
38232539
38381944
38554622
38236369
38424812
38499514
38410903
38363724
38268594
38389878
38465926
38312494
38512660
38275386
38338068
38438654
38559749
38376580
38592121
38408023
38337274
38384653
38515281
38432843
38287524
38525546
38349093
38349768
38341800
38546649
38409109
38454617
38533493
38484641
38443895
38250495
38460546
38209684
38497414
38461819
38362756
38387299
38491707
38445110
38393226
38457250
38313466
38531737
38664770
38556781
38453658
38562397
38396670
38206742
38567232
38350504
38400591
38484987
38351626
38476095
38376143
38480871
38538443
38556722
38560075
38561929
38282488
38538646
38531527
38444291
38360047
38430073
38430010
38372537
38710728
38502361
38615241
38518340
38375172
38329844
38575161
38400073
38573126
38321909
38502982
38361717
38403450
38448898
38378437
38381344
38373093
38406678
38640641
38133443
38498255
38447332
38570154
38620869
38603509
38678209
38485378
38630224
38496047
38570237
38431352
38398241
38551859
38592582
38403683
38373607
38354952
38598053
38365346
38531082
38328197
38248824
38602382
38354418
38328341
38525900
38391602
38644056
38455343
38261644
38471039
38262319
38280098
38364459
38614345
38491652
38360172
38371082
38363101
38554984
38537317
38526146
38538850
38368445
38429025
38291833
38659108
38354040
38499635
38375515
38457621
38432739
38576792
38361434
38597328
38362645
38454229
38666939
38503550
38377829
38378641
38356550
38291141
38491667
38434475
38317360
38346638
38344282
38216839
38594088
38379280
38426921
38459390
38344235
38450287
38308134
38384800
38425432
38330401
38430735
38548743
38385878
38421476
38467368
38395668
38355574
38526029
38448741
38432748
38433831
38320537
38573684
38481915
38294410
38716498
38397027
38405361
38601793
38467729
38340412
38495256
38348414
38379646
38561684
38263873
38569432
38425106
38407506
38555548
38375376
38372201
38633065
38556379
38413517
38436586
38595360
38387290
38474928
38218694
38189525
38331201
38269809
38398455
38276585
38491525
38330174
38413502
38335060
38320463
38558986
38653303
38314942
38470148
38630051
38378053
38311203
38303937
38186507
38519528
38583520
38414961
38150779
38202033
38365101
38625371
38382699
38457939
38431887
38499802
38409406
38425640
38442872
38415778
38388828
38489194
38381862
38392961
38613442
38405615
38313742
38428631
38485393
38424706
38487638
38371673
38423726
38588852
38517425
38343555
38485548
38421333
38328436
38435323
38448208
38415686
38442540
38410200
38491456
38429734
38332884
38286503
38365544
38556725
38471078
38276243
38202292
38586862
38663838
38559936
38486831
38419719
38503561
38401479
38494821
38551367
38468596
38409716
38302573
38667448
38306373
38551647
38460999
38409671
38389739
38542924
38422321
38534057
38618634
38445442
38556278
38554832
38358789
38429681
38346112
38368471
38321121
38402804
38458111
38491518
38364652
38343158
38421312
38459877
38431266
38611400
38562196
38401373
38454028
38473493
38230527
38357604
38374627
38262529
38480827
38509651
38535725
38549431
38527892
38476629
38367418
38288966
38340303
38439928
38373492
38518269
38257677
38430519
38384800
38422518
38361393
38326715
38510928
38446159
38471904
38552735
38236142
38629519
38390033
38600616
38548441
38437727
38404587
38358151
