1
31870527
31764014
31670354
31724459
31686605
31686341
31767455
31656806
31751887
31696412
31655229
31764528
31694312
31701118
31767670
31675180
31629350
31793735
31714888
31735028
31705046
31571235
31675976
31813418
31704543
31793196
31711910
31678734
31710510
31664952
31695946
31704350
31724714
31637065
31720816
31665584
31739941
31762778
31653631
31651837
31744966
31746366
31821729
31688651
31667835
31555566
31816833
31694314
31802628
31759605
31647951
31740522
31787253
31618391
31800201
31693953
31638278
31683061
31642741
31708833
31762569
31721321
31612985
31740490
31660308
31635272
31685441
31802621
31651871
31695948
31617495
31768803
31759580
31727727
31686555
31594323
31636498
31726906
31686118
31669224
31712002
31709544
31647036
31673112
31664632
31749272
31809764
31697412
31682820
31628742
31660601
31754938
31778430
31649839
31654044
31687651
31670026
31736547
31582030
31635339
31666941
31732049
31623398
31763981
31791207
31745251
31648468
31680097
31728366
31667966
31770151
31658544
31721748
31742305
31765342
31675121
31713050
31620176
31748426
31719784
31652700
31782510
31768026
31684478
31741434
31708283
31710657
31758300
31703459
31610643
31666933
31683020
31654718
31688653
31656830
31620935
31718778
31623896
31725314
31760652
31710739
31710806
31705124
31696102
31700093
31656984
31671273
31693668
31616929
31646241
31628744
31633792
31694997
31674931
31629911
31747546
31745542
31745375
31658406
31747773
31601974
31616807
31536955
31638469
31666672
31718249
31658125
31735131
31712097
31656796
31667535
31653984
31589109
31686192
31612969
31642685
31725899
31719209
31788862
31681924
31635376
31655876
31726353
31623396
31635542
31734329
31744554
31846827
31696010
31700256
31702403
31753625
31578564
31747977
31485467
31683654
31700667
31645489
31538794
31733222
31689378
31642536
31726565
31701363
31712706
31757949
31647946
31742987
31703668
31524715
31763356
31763221
31663907
31707523
31787299
31682274
31745686
31702835
31743195
31617046
31633920
31802684
31751027
31653684
31716566
31817907
31643746
31709382
31650261
31688060
31702515
31755536
31718923
31710147
31608677
31642296
31626435
31705086
31659891
31643162
31660785
31659324
31654892
31733512
31721112
31696785
31718572
31702579
31859443
31793018
31710608
31691211
31636860
31611779
31759496
31671638
31642446
31657067
31696621
31678285
31823343
31627600
31656750
31727382
31681317
31691139
31772309
31741520
31773024
31746372
31501127
31743209
31746326
31754601
31704197
31710950
31704669
31748243
31694649
31629616
31734956
31615925
31614085
31701197
31675073
31678923
31764877
31715863
31637585
31737377
31595795
31684987
31711452
31678800
31737621
31558983
31592287
31727612
31615466
31745200
31694849
31623017
31571641
31695456
31745246
31738110
31724359
31599312
31617747
31681697
31771956
31626345
31672637
31725914
31636724
31609830
31644037
31678040
31691585
31615897
31685584
31715344
31709094
31771107
31675326
31641317
31740257
31737899
31663365
31783062
31630533
31558031
31713591
31807769
31617965
31768225
31640240
31582762
31759291
31720853
31783117
31830531
31723277
31608962
31596828
31698716
31683316
31772102
31644678
31784561
31638923
31636106
31740965
31692659
31636140
31711182
31664902
31675831
31723703
31633499
31663531
31737701
31709517
31779653
31810896
31698921
31592775
31652869
31581454
31651756
31721216
31723503
31746225
31639261
31632008
31788789
31632744
31701863
31773378
31722346
31697850
31706159
31702040
31681504
31693998
31583339
31667227
31648273
31538212
31695393
31750442
31663304
31610878
31754360
31739735
31601973
31750862
31677373
31771751
31678991
31691398
31669692
31660368
31765093
31703547
31685694
31662398
31800352
31803702
31638524
31718255
31742574
31632184
31746784
31706561
31676467
31734642
31683612
31679250
31754759
31606033
31677430
31682848
31616149
31738897
31708830
31695303
31662999
31758537
31592659
31609587
31641513
31674110
31758070
31706875
31639623
31686335
31586584
31669363
31717573
31597718
31627450
31676479
31622708
31655653
31748139
31610983
31764549
31746902
31617559
31793329
31702712
31675039
31649874
31668413
31734912
31636870
31728074
31693923
31697519
31678715
31687865
31660307
31740882
31639301
31684966
31666246
31673006
31693033
31729657
31664831
31739802
31684735
31781497
31697925
31641436
31707797
31630033
31708097
31695113
31753657
31767135
31644289
31707289
31635715
31699653
31646431
31684595
31721367
31603130
31638374
31762980
31684346
31687632
31730355
31609456
31766802
31626675
31617043
31595329
