0
98591
197028
295547
394268
493099
591757
690356
788925
887769
986520
1085149
1183648
1282460
1380873
1480001
1579009
1677789
1776647
1875378
1974126
2072769
2171595
2270470
2369382
2468289
2566992
2665831
2764727
2863360
2962111
3061128
3160029
3258845
3357690
3456351
3555095
3653628
3752376
3851167
3950001
4048680
4147725
4246415
4345498
4444166
4542769
4641704
4740411
4838997
4937564
5036083
5134913
5233670
5332666
5431492
5530165
5628904
5727864
5826981
5925787
6024623
6123118
6221683
6320362
6419046
6517749
6616492
6715423
6814055
6912641
7011345
7110070
7208846
7307837
7406474
7505372
7603938
7702920
7801533
7899748
7998742
8097388
8195890
8294780
8393555
8491989
8590686
8689438
8788466
8887283
8986008
9085002
9183472
9282163
9380901
9479698
9578332
9677001
9775825
9874576
9973453
10072152
10170666
10269449
10368185
10466612
10565161
10663968
10762640
10861387
10960371
11059113
11157758
11256454
11355234
11453953
11552895
11651726
11750619
11849338
11948315
12046933
12145662
12244361
12343109
12441962
12540806
12639669
12738583
12837231
12936046
13034809
13133506
13232409
13330924
13429660
13528623
13627303
13726409
13825231
13923821
14022669
14121343
14220014
14318694
14417461
14516443
14615051
14713818
14812522
14911356
15010235
15108871
15207714
15306478
15405451
15504105
15602625
15701409
15800129
15899000
15997452
16096177
16195049
16293890
16392545
16490887
16589596
16688202
16786865
16885362
16984038
17082693
17181490
17280133
17378783
17477626
17576446
17674874
17773703
17872506
17971254
18069863
18168657
18267455
18366313
18465117
18563853
18662677
18761241
18859737
18958449
19057167
19155900
19254484
19353246
19452023
19550540
19649275
19748123
19847025
19945478
20044582
20143808
20242421
20341239
20440066
20538950
20637829
20736469
20835390
20934013
21032749
21131803
21230357
21329543
21428134
21526835
21625444
21724271
21823024
21921945
22020641
22119006
22217720
22316565
22415141
22514018
22613017
22711883
22810660
22909560
23008224
23106945
23205712
23304301
23402939
23501482
23600277
23699045
23797703
23896674
23995373
24094144
24192891
24291725
24390710
24489471
24588531
24687344
24785853
24884699
24983293
25082078
25180965
25279623
25378397
25477071
25575772
25674513
25773289
25872178
25971046
26069799
26168461
26267265
26365985
26464228
26562920
26661798
26760278
26858896
26957456
27055952
27154693
27253407
27352036
27450768
27549316
27647913
27746632
27845507
27944388
28043211
28141719
28240355
28339061
28437693
28536466
28635374
28734046
28832735
28931287
29030024
29128874
29227445
29326095
29424888
29523596
29622637
29721511
29820257
29919233
30017839
30116695
30215438
30314500
30413355
30512135
30611097
30710037
30808840
30907766
31006529
31105363
31204351
31303084
31401715
31500322
31599079
31697948
31796983
31895558
31994149
32092791
32191560
32290284
32389229
32488005
32586747
32685373
32783930
32882444
32981230
33079773
33178571
33277376
33376262
33475051
33573850
33672619
33771285
33870134
33968828
34067371
34166051
34264848
34363532
34462350
34560780
34659541
34758302
34857199
34955705
35054153
35152711
35251245
35349879
35448669
35547179
35645807
35744589
35842981
35941659
36040501
36139215
36237948
36336683
36435326
36533831
36632432
36731230
36830052
36929062
37027820
37126625
37225532
37324375
37423067
37521807
37620502
37719459
37818272
37917073
38015834
38114328
38213200
38311901
38410706
38509203
38608211
38706994
38805840
38904767
39003571
39102420
39201228
39299837
39398827
39497421
39596303
39695023
39793629
39892377
39990979
40089620
40188587
40287558
40386308
40485255
40583629
40682145
40780891
40879807
40978377
41077129
41176067
41274752
41373424
41472288
41570743
41669578
41768507
41867235
41966222
42064957
42163793
42262550
42360933
42459806
42558313
42656848
42755738
42854466
42953211
43052115
43151062
43249933
43348670
43447453
43546270
43645048
43743942
43842598
43941344
44039932
44138533
44237328
44336164
44434953
44533757
44632370
44730915
44829773
44928492
45026713
45125563
45224347
45322916
45421803
45520584
45619121
45717744
45816468
45915097
46013739
46112654
46211351
46309991
46408922
46507532
46606284
46704875
46803434
46902096
47000824
47099564
47198411
47297087
47395602
47494331
47593190
47692120
47790843
47889325
47988174
48086831
48185999
48284895
48383588
48482387
48581066
48679705
48778466
48877183
48976257
49074950
49173715
49272454
49371382
