1
27903850
27835722
27799668
27751757
27792561
27785778
27797403
27773886
27734325
27779432
27797172
27842725
27789935
27804649
27805903
27818553
27832137
27839099
27782813
27791821
27750995
27822985
27814251
27765879
27782314
27795823
27785470
27833713
27780465
27829746
27891105
27778601
27834541
27717717
27759835
27777967
27762064
27830290
27736342
27855749
27721582
27824620
27826882
27792839
27782198
27826271
27763001
27802575
27812712
27796446
27781892
27779182
27787499
27862177
27797933
27819002
27747220
27788177
27775273
27811809
27846577
27887537
27818558
27867272
27752392
27863542
27732847
27886859
27795289
27842454
27803097
27785156
27834839
27815629
27817026
27766284
27793509
27852191
27749133
27887865
27787136
27775076
27809654
27803239
27745630
27741682
27828876
27789490
27789921
27688016
27807498
27791669
27873917
27812513
27785204
27829553
27850673
27797557
27803277
27753607
27776181
27748307
27798486
27832998
27872177
27778617
27806300
27788279
27744987
27811614
27856256
27807717
27793895
27807388
27816888
27839262
27792463
27788037
27850542
27841081
27750415
27874396
27837454
27841052
27794665
27792055
27809895
27799382
27837379
27843356
27809804
27865992
27777654
27817682
27810572
27837131
27821391
27796756
27663557
27864689
27819975
27772236
27741912
27870367
27789660
27807492
27922286
27787013
27834123
27892798
27776937
27861616
27865465
27791142
27741100
27755862
27862266
27843900
27794220
27758900
27754475
27738600
27748649
27829002
27774486
27776398
27849885
27791171
27809365
27804698
27805791
27761318
27824254
27837574
27788016
27845243
27776913
27772931
27796866
27784286
27815726
27828513
27871751
27740694
27812564
27778446
27861286
27845996
27783120
27759438
27898538
27831236
27773343
27916724
27795814
27749262
27814413
27801824
27793991
27781827
27826134
27725393
27814948
27806078
27826968
27805972
27820156
27846003
27824295
27862179
27835466
27873027
27750780
27830609
27792817
27801194
27823755
27876263
27794400
27854830
27809258
27755647
27826933
27858150
27859161
27775594
27842056
27759050
27751377
27860571
27716463
27726163
27816254
27802257
27777397
27869036
27833994
27800931
27779523
27830067
27735750
27796103
27828822
27856965
27811721
27760743
27764106
27761653
27759589
27795860
27793835
27746339
27842656
27782162
27747216
27794661
27760905
27814152
27745177
27741542
27779671
27671178
27766919
27848955
27801253
27813891
27798063
27850117
27781835
27844498
27783607
27767635
27738497
27866375
27847658
27703480
27852673
27850532
27809100
27777641
27735366
27734641
27783070
27752416
27810208
27841931
27805055
27808609
27802115
27753000
27863219
27756129
27810971
27742733
27812070
27776429
27770010
27808681
27665032
27845804
27838283
27793782
27793080
27798406
27830951
27868451
27836671
27816883
27746993
27913562
27810689
27761101
27752563
27882990
27809529
27763106
27878484
27775783
27824420
27746355
27770658
27798528
27726343
27795874
27885742
27776798
27776663
27792686
27759847
27876816
27771557
27841023
27848459
27832764
27802612
27816296
27793973
27796760
27835621
27748778
27789193
27822334
27785952
27761924
27769775
27829955
27825750
27823228
27803624
27815329
27773140
27748816
27793267
27835929
27886922
27802356
27790308
27897577
27846215
27894318
27881889
27833849
27818036
27863849
27841804
27803760
27805286
27764968
27794230
27764851
27721192
27791418
27883645
27805516
27821179
27793814
27712028
27815701
27780987
27791781
27809193
27709632
27850352
27784478
27812624
27855713
27790366
27795478
27829471
27838329
27930111
27773873
27830479
27732870
27895193
27808892
27836743
27858389
27762273
27758567
27849523
27865686
27760602
27807448
27819756
27844271
27730949
27829113
27730839
27840707
27741888
27845753
27781222
27801675
27948999
27739645
27780557
27865265
27838235
27758777
27890762
27738048
27834997
27799393
27832337
27846862
27801864
27874594
27757693
27866804
27808758
27819016
27823712
27849354
27794920
27780846
27819970
27851100
27867160
27766357
27781919
27853385
27784613
27797092
27836974
27809732
27775457
27848524
27794853
27812679
27834995
27806994
27857948
27740979
27752324
27754756
27802466
27833115
27748365
27770786
27882286
27781911
27814089
27865191
27732012
27772617
27836253
27879453
27822480
27783749
27717375
27738336
27750083
27811091
27749631
27781686
27782766
27870455
27830803
27813513
27810730
27743930
27806445
27863278
27737864
27906243
27828533
27798408
27778433
27836743
27788918
27787679
27912196
27755722
27847936
27886459
27704077
27841620
27737517
27731678
