1
35495960
35587245
35556191
35478286
35424840
35572749
35574392
35467110
35508738
35487260
35700524
35630814
35598378
35550815
35588035
35450481
35471491
35546222
35584010
35536527
35469339
35464630
35592161
35487374
35505849
35489406
35641748
35479668
35623305
35585093
35643787
35724287
35588983
35613618
35554689
35619643
35546354
35584749
35580205
35503423
35610578
35642831
35545125
35574326
35438681
35573757
35451336
35583074
35563301
35534890
35550881
35483513
35537332
35524260
35476010
35421060
35514366
35525253
35684959
35518587
35443246
35544035
35555870
35558009
35463235
35486336
35525709
35661692
35536309
35375136
35650496
35552060
35615778
35566146
35456410
35478249
35529103
35594615
35574182
35656180
35455740
35621324
35608665
35486107
35583056
35446361
35431218
35545224
35628743
35600215
35623154
35496537
35522244
35615012
35656895
35692312
35532960
35681238
35576407
35452310
35659844
35579951
35499546
35573059
35434246
35530393
35649440
35491117
35564715
35524842
35499709
35489134
35554673
35684838
35514352
35629369
35602386
35425419
35630705
35488069
35526582
35610097
35552472
35550025
35536887
35581401
35519799
35579625
35573188
35670063
35561181
35573698
35550982
35576990
35406373
35652494
35575152
35402934
35549489
35469408
35514096
35541265
35553898
35544725
35579536
35496963
35546386
35508074
35577497
35474700
35535540
35416346
35604823
35433418
35627689
35523503
35457934
35597448
35559152
35624547
35522396
35576054
35444335
35486277
35538680
35529911
35507355
35379631
35572610
35572269
35521887
35521465
35622097
35464691
35548788
35513171
35519187
35503414
35520913
35651354
35595942
35456546
35587581
35410286
35473241
35594228
35474741
35544111
35536797
35504531
35475365
35576057
35504221
35472738
35415769
35568970
35523044
35556881
35588589
35546556
35494139
35637661
35356912
35377612
35468192
35511342
35468603
35563290
35519058
35470793
35511851
35609342
35519971
35426374
35502759
35461913
35584138
35441217
35584714
35514220
35405843
35540983
35452748
35601341
35497617
35558874
35512583
35574375
35619520
35553376
35550548
35577137
35590040
35405813
35580238
35591258
35653167
35444557
35590561
35494088
35597692
35590269
35592527
35382183
35484507
35484837
35458305
35594910
35516297
35561228
35423914
35556155
35466741
35685492
35468889
35539463
35593591
35502664
35577838
35453773
35470588
35566375
35514710
35403895
35416918
35562328
35472608
35597945
35538435
35632885
35559069
35575054
35469022
35541770
35572754
35551222
35504387
35635922
35499948
35472579
35610604
35422617
35519603
35579898
35514719
35617068
35612012
35549330
35485284
35519393
35463665
35542887
35521612
35416903
35594679
35435042
35666744
35466019
35597253
35580522
35670259
35562151
35492267
35417923
35538743
35642546
35543381
35502446
35543983
35504944
35486057
35548637
35584188
35453251
35517817
35497375
35536734
35394346
35446313
35663595
35550696
35623113
35553527
35569681
35546576
35535989
35682469
35590515
35344164
35642400
35329794
35578851
35615566
35475615
35503154
35593364
35563648
35482791
35598303
35642286
35510797
35559385
35495494
35479248
35640311
35556549
35504968
35549325
35548776
35540335
35517148
35661700
35478508
35660345
35541528
35390031
35646015
35405645
35464637
35644478
35632344
35412756
35552299
35535776
35512265
35383071
35497455
35591277
35475722
35451475
35565697
35607823
35506802
35531308
35576454
35522509
35528416
35575734
35538089
35446259
35532958
35580018
35579957
35596138
35379652
35543088
35515686
35630781
35521689
35603409
35512583
35430761
35465981
35631452
35449302
35449727
35447697
35482839
35404604
35611393
35606554
35580572
35567150
35537030
35576924
35526320
35439169
35594129
35598921
35627813
35457366
35576271
35459745
35537947
35714084
35504430
35596447
35610638
35457951
35580261
35549354
35447681
35614573
35538872
35535864
35564889
35614402
35439665
35527951
35481327
35512894
35517430
35356647
35469374
35524242
35510289
35534028
35402452
35544474
35556350
35391492
35524535
35547726
35670756
35533351
35452209
35587267
35582260
35563431
35502752
35430486
35550945
35452708
35604526
35512283
35454131
35465971
35511438
35534327
35488571
35588556
35528231
35405282
35561147
35557223
35548797
35576127
35544508
35575005
35458672
35523976
35584723
35341426
35592726
35538423
35663476
35464838
35464715
35390197
35511609
35563908
35460541
35544040
35469852
35510113
35455054
35494850
35614379
35454299
35469460
35567803
35468047
35640993
35441978
35404748
35505701
35429831
35596935
35384578
35517443
