1
31767694
31505353
31673374
31746249
31601028
31677383
31579059
31641175
31704290
31651483
31695121
31720819
31685897
31635076
31650622
31560568
31688134
31747843
31814887
31584253
31694558
31735144
31625244
31731676
31657082
31648281
31643045
31662519
31770399
31676050
31734005
31649949
31644638
31657589
31706871
31727078
31619434
31678454
31815067
31663647
31648839
31639846
31747111
31690679
31677818
31740155
31626270
31676242
31690080
31750802
31642976
31627849
31638969
31687415
31738260
31678728
31600511
31750570
31683277
31677717
31663803
31702354
31681493
31684944
31682543
31706482
31787991
31672658
31587863
31691443
31752836
31598389
31736075
31626265
31739528
31815965
31687099
31656745
31797529
31788297
31651254
31674914
31798308
31727011
31685692
31703948
31799979
31687822
31672493
31719972
31783430
31683227
31686289
31706294
31716174
31805477
31647058
31671139
31742728
31643626
31617035
31663947
31669360
31781618
31763696
31551347
31714820
31751540
31564753
31680165
31664020
31645547
31792438
31776645
31673549
31714430
31666283
31684415
31730789
31692503
31618652
31781860
31700197
31783759
31643838
31725330
31647849
31672872
31676309
31653334
31723580
31620836
31705021
31791311
31673287
31612716
31671068
31625320
31653127
31780757
31701818
31722900
31761765
31646881
31798419
31698271
31715269
31740071
31723577
31666438
31665003
31726745
31838857
31689766
31599923
31682324
31749300
31622334
31695768
31796597
31703967
31832180
31674084
31722918
31777110
31671241
31572593
31673439
31693615
31717164
31703382
31562696
31716219
31750183
31641576
31644637
31790113
31696123
31719578
31768080
31619240
31646934
31878805
31630013
31726392
31688854
31640915
31673619
31777059
31729355
31785312
31691253
31701764
31694814
31668698
31732982
31660211
31629396
31662481
31738849
31692360
31794237
31699530
31653344
31739755
31776504
31714556
31606569
31784567
31719115
31747661
31800858
31642261
31660371
31725295
31711018
31610351
31703942
31633854
31717204
31624585
31612793
31613298
31770645
31682278
31777098
31807923
31730283
31737413
31755943
31611729
31791900
31762557
31652940
31732157
31563572
31803561
31817400
31736453
31729485
31752549
31734603
31708853
31774149
31736341
31593924
31741289
31608892
31647501
31816474
31737456
31669992
31722514
31717823
31823457
31737875
31765674
31787948
31531587
31693630
31725881
31745492
31615820
31646718
31574826
31690828
31700702
31653803
31698531
31763082
31643179
31782688
31715643
31658516
31740909
31628818
31655355
31668859
31574342
31585681
31764243
31690390
31602696
31736124
31638371
31664351
31730218
31749074
31601126
31700180
31742504
31730292
31631923
31716040
31629134
31637955
31776142
31684470
31726586
31647065
31765827
31735711
31676530
31735154
31691749
31647776
31724681
31664549
31549113
31852310
31707580
31705954
31737413
31646982
31563862
31622029
31697341
31705009
31691900
31673001
31656398
31738712
31681561
31736602
31745698
31621534
31610461
31659876
31640046
31753184
31773200
31559297
31722855
31643652
31703706
31781652
31706136
31621400
31727985
31707232
31772043
31719497
31685443
31713579
31639228
31680196
31859358
31783633
31654591
31773130
31660599
31650653
31838232
31785310
31589145
31647574
31640811
31627598
31713671
31689637
31798335
31634820
31745813
31668660
31820662
31710392
31731680
31712463
31633119
31699118
31729755
31678077
31657246
31722391
31650945
31618052
31648781
31678845
31724926
31722901
31713005
31661734
31710159
31741751
31769487
31686980
31670974
31765616
31620607
31666728
31795972
31651592
31729417
31724466
31671241
31718208
31826148
31720228
31733684
31666389
31642083
31609653
31705854
31610484
31668190
31835048
31713658
31741109
31706215
31665432
31741541
31719559
31746855
31751558
31600940
31672256
31718076
31680588
31633092
31662663
31684055
31647552
31679344
31819015
31671235
31708461
31655676
31777454
31641741
31621085
31857140
31696112
31726480
31691889
31740860
31728376
31667861
31697773
31784076
31659955
31732277
31601459
31739832
31631168
31613037
31696139
31661627
31709827
31659470
31657069
31800945
31766210
31674786
31704130
31592632
31821665
31734836
31698913
31679235
31676741
31711654
31680487
31749599
31773397
31729178
31709596
31616667
31603871
31657678
31688959
31695109
31801298
31579814
31649650
31746642
31808130
31661950
31697281
31684954
31761221
31729692
31671338
31814380
31687184
31716076
31682596
31642199
31668445
31752831
31694569
31654276
31662450
31694770
31749479
31746227
31658795
31689711
31644107
31686812
31699140
