0
108
206
308
429
549
604
694
805
950
1030
1166
1287
1451
1538
1619
1760
1855
2022
2158
2207
2321
2423
2579
2657
2760
2820
2869
2984
3108
3273
3347
3429
3508
3657
3767
3912
4000
4130
4252
4418
4509
4615
4770
4896
5047
5109
5218
5323
5438
5527
5629
5717
5824
5900
6001
6095
6188
6282
6383
6435
6532
6616
6748
6834
6891
7005
7076
7183
7282
7385
7493
7649
7745
7816
7882
7999
8076
8183
8361
8463
8556
8653
8736
8854
8986
9092
9213
9290
9343
9472
9558
9686
9774
9828
9927
9970
10058
10200
10364
10441
10533
10600
10698
10818
10896
11017
11130
11234
11374
11512
11584
11683
11800
11908
11997
12103
12195
12285
12387
12503
12580
12713
12805
12892
12958
13108
13181
13259
13371
13496
13596
13704
13831
13965
14062
14160
14297
14405
14539
14644
14762
14882
15047
15138
15231
15318
15442
15559
15709
15897
15990
16121
16265
16369
16429
16518
16633
16742
16896
16972
17126
17228
17325
17461
17588
17724
17825
17920
18018
18130
18260
18402
18543
18695
18782
18861
18977
19088
19175
19313
19433
19541
19601
19693
19769
19878
19980
20060
20168
20265
20368
20451
20596
20692
20803
20940
21088
21169
21258
21408
21533
21609
21673
21786
21867
22041
22197
22306
22446
22556
22685
22772
22846
22925
23013
23128
23239
23365
23432
23522
23614
23725
23847
23921
24016
24100
24198
24271
24367
24466
24587
24683
24787
24889
24969
25025
25201
25273
25382
25453
25555
25653
25734
25828
25917
26014
26148
26219
26298
26403
26511
26631
26714
26816
26895
27055
27175
27294
27457
27595
27695
27769
27829
27962
28103
28198
28351
28443
28515
28588
28654
28796
28922
28993
29113
29196
29266
29389
29475
29544
29617
29726
29848
29967
30072
30206
30385
30455
30504
30570
30678
30771
30855
31002
31104
31240
31387
31514
31584
31689
31792
31948
32036
32130
32200
32294
32375
32497
32579
32678
32779
32867
32971
33129
33209
33299
33381
33497
33607
33709
33855
34003
34114
34213
34334
34453
34559
34617
34762
34934
35064
35177
35326
35463
35629
35716
35885
36002
36128
36228
36375
36476
36595
36703
36820
36903
37010
37116
37255
37367
37475
37594
37694
37801
37895
38007
38122
38244
38334
38483
38611
38769
38852
38968
39111
39242
39362
39464
39534
39664
39712
39814
39929
40032
40114
40189
40273
40412
40528
40635
40711
40831
40955
41102
41253
41348
41474
41612
41696
41775
41905
42014
42107
42243
42315
42408
42537
42648
42759
42879
42992
43079
43172
43264
43341
43446
43534
43639
43704
43785
43924
44033
44118
44218
44340
44461
44581
44703
44776
44892
45004
45112
45223
45298
45434
45497
45588
45712
45814
45917
45987
46054
46154
46248
46328
46472
46550
46649
46765
46894
46988
47091
47187
47300
47384
47512
47653
47781
47879
47941
48018
48154
48261
48384
48531
48632
48713
48809
48888
49002
49110
49230
49325
49405
49488
49602
49671
49757
49850
49917
50060
50181
50284
50400
50512
50595
50661
50732
50833
50964
51064
51203
51356
51476
51594
51722
51805
51951
52052
52187
52269
52380
52484
52625
52730
52876
52944
53036
53189
53291
