0
149
317
491
690
900
1001
1101
1150
1318
1561
1663
1887
1967
2048
2109
2153
2330
2502
2570
2699
2764
2819
2999
3074
3128
3201
3299
3443
3584
3727
3903
4176
4220
4278
4347
4477
4607
4664
4814
4935
5066
5293
5450
5485
5635
5765
5999
6106
6178
6298
6404
6461
6599
6667
6778
6864
6985
7072
7276
7375
7441
7495
7619
7812
7912
8129
8327
8465
8556
8660
8845
9003
9047
9256
9450
9668
9820
10046
10201
10450
10585
10826
10959
11113
11211
11356
11537
11690
11828
12000
12062
12239
12355
12576
12659
12787
12951
13084
13209
13298
13417
13544
13671
13760
14008
14144
14392
14507
14653
14781
15026
15152
15317
15394
15560
15621
15755
15867
16019
16079
16169
16245
16437
16562
16668
16731
16824
16991
17215
17427
17516
17694
17879
17971
18049
18160
18367
18451
18680
18734
18809
18982
19137
19301
19458
19581
19714
19789
19884
19979
20098
20198
20328
20388
20451
20642
20761
20824
20961
21157
21296
21447
21629
21731
21872
21996
22121
22250
22332
22555
22617
22758
22924
23007
23097
23154
23177
23310
23416
23492
23680
23791
23843
24063
24242
24351
24478
24600
24733
24859
25035
25219
25411
25523
25558
25568
25772
25902
26037
26208
26354
26437
26538
26616
26755
26896
27061
27125
27213
27240
27440
27515
27592
27736
27790
27982
28169
28283
28408
28587
28652
28690
28761
28881
29047
29143
29358
29578
29726
29941
30146
30215
30410
30589
30788
30881
31046
31148
31296
31386
31555
31637
31740
31954
32092
32237
32436
32510
32513
32596
32741
32954
33153
33289
33621
33740
33880
33982
34138
34331
34377
34572
34698
34880
35036
35259
35379
35546
35610
35748
35857
36008
36141
36317
36471
36579
36637
36840
36909
37067
37175
37214
37336
37470
37604
37759
37931
37994
38112
38244
38390
38520
38728
38892
39117
39180
39302
39517
39615
39880
40046
40119
40279
40434
40648
40762
40910
40964
41006
41112
41275
41540
41618
41710
41835
42043
42160
42326
42432
42595
42734
42967
43067
43208
43426
43601
43778
43803
43928
44042
44173
44279
44434
44519
44632
44712
44834
44940
45040
45134
45275
45310
45418
45477
45602
45666
45763
45890
45967
46100
46221
46347
46504
46715
46812
46870
46953
47091
47178
47351
47608
47719
47857
47954
48020
48177
48358
48480
48615
48655
48710
48909
48991
49166
49260
49293
49423
49464
49603
49826
50037
50138
50226
50302
50406
50551
50632
50802
50944
51030
51202
51373
51449
51553
51718
51820
51907
52038
52138
52224
52311
52445
52536
52717
52820
52886
52919
53144
53193
53309
53442
53599
53702
53847
53995
54205
54324
54427
54599
54749
54935
55067
55206
55347
55566
55686
55801
55918
56062
56228
56460
56720
56857
57011
57226
57334
57382
57511
57709
57827
58026
58087
58321
58425
58530
58710
58877
59039
59143
59241
59330
59441
59612
59842
60002
60226
60305
60393
60540
60664
60784
60995
61118
61247
61280
61387
61484
61678
61790
61879
62026
62137
62266
62328
62518
62631
62797
62960
63163
63242
63339
63534
63675
63738
63827
63977
64074
64351
64516
64610
64830
64957
65161
65289
65367
65467
65563
65716
65838
66019
