0
106
218
274
377
479
592
715
824
910
978
1129
1236
1334
1432
1567
1656
1742
1876
2004
2068
2145
2234
2370
2524
2638
2729
2865
3004
3096
3152
3228
3336
3445
3532
3643
3746
3858
3975
4062
4193
4269
4439
4561
4700
4817
4913
5022
5159
5248
5342
5455
5573
5659
5748
5862
5979
6081
6172
6321
6391
6531
6692
6777
6903
7024
7094
7259
7376
7554
7646
7803
7962
8087
8167
8282
8374
8470
8573
8687
8755
8819
8957
9066
9164
9320
9470
9533
9633
9759
9845
10004
10099
10189
10291
10397
10538
10634
10716
10812
10895
10985
11081
11176
11269
11407
11520
11606
11710
11842
11949
12036
12137
12317
12406
12480
12611
12703
12824
12901
12981
13067
13173
13282
13368
13452
13559
13681
13801
13914
14015
14126
14210
14322
14401
14491
14605
14727
14829
14934
15021
15119
15215
15263
15313
15396
15466
15538
15655
15804
15936
15993
16087
16206
16321
16390
16481
16609
16705
16820
16921
17015
17118
17234
17292
17366
17485
17602
17742
17897
18016
18092
18230
18324
18397
18512
18633
18697
18808
18887
19013
19090
19164
19257
19338
19436
19543
19666
19813
19953
20070
20129
20236
20379
20457
20598
20696
20817
20909
21025
21122
21191
21326
21456
21563
21677
21815
21943
22024
22121
22183
22306
22436
22548
22653
22809
22920
23002
23105
23210
23352
23461
23560
23673
23794
23915
24010
24101
24231
24357
24520
24585
24730
24830
24978
25086
25233
25318
25455
25568
25662
25809
25887
26018
26158
26265
26397
26526
26652
26801
26899
26986
27119
27197
27271
27356
27460
27664
27754
27926
28059
28197
28306
28421
28495
28606
28696
28811
28933
29000
29105
29203
29288
29405
29540
29629
29709
29890
29998
30125
30258
30355
30422
30510
30619
30708
30769
30855
30975
31064
31157
31246
31315
31435
31549
31705
31777
31907
32047
32138
32236
32353
32459
32579
32709
32768
32867
32955
33041
33097
33246
33398
33507
33593
33672
33799
33927
33993
34086
34227
34317
34403
34514
34626
34713
34786
34855
34947
35008
35120
35235
35351
35405
35500
35569
35657
35756
35834
35936
36011
36135
36255
36373
36492
36581
36692
36787
36888
36968
37095
37218
37349
37416
37529
37635
37759
37887
37998
38093
38159
38301
38399
38479
38636
38718
38774
38873
38976
39089
39153
39242
39295
39378
39494
39642
39752
39889
40019
40132
40213
40297
40416
40517
40648
40770
40865
40986
41118
41229
41349
41472
41630
41731
41874
41981
42067
42133
42251
42350
42439
42589
42723
42802
42953
43048
43130
43230
43311
43486
43598
43710
43810
43917
44033
44159
44226
44382
44477
44602
44694
44853
44991
45108
45246
45335
45418
45541
45664
45777
45922
45994
46128
46279
46398
46517
46630
46729
46834
46981
47033
47182
47272
47374
47465
47619
47750
47852
48003
48089
48155
48279
48399
48492
48604
48722
48810
48924
48995
49138
49265
49353
49477
49569
49690
49792
49943
50037
50126
50239
50325
50441
50533
50638
50768
50849
50965
51067
51175
51257
51345
51440
51550
51683
51801
51887
51973
52094
52214
52322
52441
52514
52624
52734
52762
52857
52973
53081
53143
53290
53403
53492
