0
98
175
299
354
487
626
676
793
867
931
1020
1120
1387
1493
1533
1632
1665
1784
1965
2010
2155
2245
2315
2412
2486
2632
2660
2713
2789
2824
2853
2994
3087
3152
3195
3216
3273
3371
3459
3498
3560
3627
3807
3913
3988
4053
4104
4253
4313
4363
4469
4610
4750
4827
4845
4981
5073
5197
5361
5440
5450
5674
5788
5811
5963
6105
6108
6198
6202
6397
6417
6425
6469
6537
6626
6740
6855
7071
7190
7376
7402
7464
7604
7680
7833
8025
8091
8104
8271
8410
8489
8693
8816
8954
9090
9257
9289
9334
9488
9563
9613
9706
9932
9982
10161
10253
10270
10368
10425
10597
10764
10836
10994
11055
11139
11279
11306
11415
11504
11582
11723
11831
12090
12185
12369
12514
12523
12641
12764
12881
13042
13136
13215
13339
13505
13729
13797
13886
13980
14161
14232
14333
14450
14558
14579
14696
14888
14993
15138
15247
15330
15404
15556
15632
15684
15812
15915
15965
16076
16152
16343
16384
16531
16594
16676
16788
16907
17010
17125
17224
17308
17366
17419
17570
17664
17731
17860
17914
17953
18095
18146
18228
18301
18401
18556
18644
18706
18785
18914
19075
19171
19226
19376
19458
19537
19562
19605
19705
19800
19957
20096
20184
20233
20353
20498
20622
20658
20720
20802
20919
20988
21039
21195
21291
21314
21363
21481
21521
21571
21722
21861
21941
22045
22088
22182
22399
22520
22599
22644
22792
22946
22999
23043
23093
23154
23294
23377
23435
23581
23668
23839
23866
23978
24117
24212
24309
24447
24594
24594
24682
24856
24893
24996
25170
25237
25350
25431
25608
25661
25729
25784
25917
26168
26270
26396
26505
26704
26842
26860
26885
26931
27109
27152
27312
27377
27416
27534
27623
27640
27850
28015
28187
28319
28428
28450
28566
28726
28782
28831
28920
29055
29166
29211
29309
29383
29465
29572
29707
29792
29891
30134
30214
30315
30457
30536
30685
30813
31039
31173
31307
31480
31659
31759
31831
31894
31982
32037
32197
32261
32296
32385
32517
32560
32770
32981
33045
33091
33235
33288
33392
33539
33603
33663
33801
33948
34004
34082
34152
34217
34293
34371
34388
34445
34570
34724
34784
34938
35058
35162
35224
35284
35505
35594
35680
35800
35882
35992
36059
36136
36198
36246
36353
36414
36431
36510
36640
36798
36946
36981
37077
37117
37253
37321
37348
37509
37621
37704
37837
37866
37916
38077
38121
38146
38210
38228
38268
38379
38585
38660
38689
38752
38848
38978
39015
39067
39196
39313
39430
39499
39543
39587
39737
39772
39794
39883
39999
40091
40382
40506
40533
40664
40758
40761
40919
41042
41069
41201
41237
41364
41422
41466
41561
41604
41678
41760
41882
42058
42224
42383
42431
42538
42701
42782
42929
43042
43167
43175
43343
43501
43531
43690
43795
43941
44032
44201
44326
44376
44471
44511
44619
44793
44902
45061
45268
45398
45435
45561
45632
45775
45905
45986
46146
46243
46337
46460
46501
46605
46736
46870
46936
47098
47252
47334
47412
47634
47669
47814
47918
48043
48183
48279
48417
48502
48668
48809
48935
49030
49103
49242
49289
49436
49553
49629
49686
49771
50086
50171
50292
50507
50672
