1
27783639
27743212
27825939
27687645
27760395
27736326
27809643
27673464
27772094
27556923
27751186
27734989
27734734
27635517
27733638
27752721
27704703
27690895
27751585
27764882
27806878
27805227
27766178
27689671
27687219
27787568
27787637
27707948
27734708
27747377
27746737
27711899
27722838
27872947
27592786
27731441
27755352
27775590
27693481
27761390
27767681
27717722
27817571
27713048
27799011
27792489
27754763
27860577
27741246
27727643
27766222
27602394
27746362
27655081
27653048
27766264
27696391
27832108
27744183
27719361
27819556
27800724
27727162
27871603
27772944
27701060
27713116
27689867
27672419
27756763
27745073
27685302
27792339
27722237
27760653
27822936
27658557
27704574
27695808
27809049
27704773
27776552
27808523
27770532
27689726
27651338
27738569
27747815
27750803
27855670
27798866
27768058
27801284
27699585
27754432
27809148
27723881
27672185
27722353
27673691
27701123
27736981
27730608
27646927
27755219
27739289
27680297
27790347
27819741
27785539
27618043
27694568
27739457
27659378
27805894
27724604
27594168
27673527
27812884
27796900
27774006
27741363
27712584
27726028
27741200
27744869
27702413
27583227
27665364
27763876
27585655
27716060
27721246
27810080
27719789
27764259
27624849
27766661
27827896
27737495
27686301
27735409
27781136
27679739
27727034
27674272
27677323
27836992
27833472
27700135
27832899
27672895
27665749
27747632
27698413
27834939
27764934
27758570
27666795
27686342
27723940
27710414
27772323
27686683
27795382
27683210
27679057
27739644
27776629
27729352
27716368
27769523
27781243
27727030
27728800
27729679
27759485
27779229
27770842
27815608
27819724
27702892
27740738
27716347
27766791
27782969
27694381
27769627
27701340
27674208
27790633
27763010
27731014
27719758
27726382
27881303
27812839
27716325
27753586
27656741
27650497
27809350
27630079
27590961
27834036
27833770
27671701
27680466
27779800
27767915
27703688
27727976
27731504
27826263
27665414
27793941
27620818
27639572
27780818
27766023
27693886
27715597
27753688
27834314
27661366
27726201
27740892
27658773
27718778
27788954
27692434
27679639
27763757
27805856
27732397
27663407
27763872
27686135
27725535
27769382
27723645
27705563
27710972
27787418
27667809
27627170
27734712
27791592
27805384
27730660
27655743
27737247
27620691
27719473
27729855
27680643
27724264
27693840
27680158
27679941
27806416
27672383
27824335
27751818
27701682
27742469
27737974
27756413
27622726
27648640
27775727
27728347
27726328
27669831
27718944
27614018
27759770
27650548
27761788
27630362
27764881
27768466
27714117
27748269
27754637
27724980
27681620
27761474
27852127
27812479
27733057
27735895
27747859
27701400
27758169
27735431
27806862
27674312
27706172
27754629
27737823
27726315
27662064
27688222
27672961
27729856
27753254
27704531
27732764
27792538
27707332
27820773
27684766
27663469
27611913
27738268
27777818
27712675
27728010
27655670
27624110
27715130
27730056
27735208
27775736
27657699
27756698
27802506
27713146
27780474
27756138
27771151
27765646
27738431
27678294
27736805
27632603
27660907
27781422
27705194
27755478
27786679
27731945
27794369
27651474
27703999
27719862
27723330
27658343
27753876
27707174
27809050
27816465
27752992
27730512
27812269
27710236
27717749
27805565
27816952
27747716
27751627
27714076
27765025
27690410
27738969
27770643
27656598
27679635
27724111
27846392
27779344
27651101
27729413
27759557
27828469
27802973
27755849
27731640
27768793
27878692
27744212
27768084
27686117
27775418
27631970
27714360
27737037
27728565
27742091
27608733
27800600
27793788
27803870
27848872
27676594
27672625
27811402
27780579
27748112
27847188
27800700
27623410
27787159
27692335
27628259
27759567
27755274
27690909
27673633
27770894
27740275
27766288
27758828
27706626
27729687
27718467
27720241
27707231
27716236
27777571
27767893
27841036
27788951
27835368
27857037
27785959
27630023
27664643
27764797
27691441
27768605
27828686
27680248
27768308
27654334
27700075
27825379
27796094
27741764
27720455
27750562
27721884
27784614
27705544
27738430
27747213
27688912
27738997
27805387
27621522
27638067
27700685
27794796
27634138
27816298
27692116
27768410
27695299
27749344
27788334
27716472
27868969
27798786
27699141
27813971
27771386
27714214
27730268
27746484
27766418
27765849
27726608
27793638
27749633
27795685
27763985
27828086
27674551
27717839
27724020
27693558
27693231
27782063
27729647
27737887
27653366
27731040
27710636
27699558
27759738
27715523
27789593
27731457
27809782
27687446
27589008
27702002
27747730
27614201
