0
98573
197310
296281
395023
493797
592953
691770
790455
889420
988335
1087018
1185937
1284674
1383421
1482038
1580706
1679390
1778192
1877012
1975794
2074542
2173040
2271952
2370716
2469101
2567627
2666581
2765298
2863892
2962467
3061209
3159848
3258420
3357216
3455983
3554779
3653465
3752299
3851002
3949650
4048454
4146927
4245732
4344193
4443071
4541736
4640453
4739325
4837919
4936434
5035427
5134137
5232874
5331511
5430226
5528787
5627832
5726897
5825578
5924568
6023141
6121826
6220577
6319238
6418319
6517196
6615993
6714648
6813428
6912389
7011130
7109900
7208464
7307525
7406428
7504878
7603643
7702494
7801135
7899471
7998255
8097239
8195848
8294589
8393214
8491749
8590421
8688895
8787486
8886058
8984632
9083160
9181745
9280347
9379065
9477999
9576643
9675363
9774265
9872732
9971507
10070048
10168757
10267615
10366490
10465357
10563786
10662274
10760841
10859539
10958284
11056959
11155678
11254207
11353007
11451792
11550336
11648988
11747662
11846123
11945146
12044117
12143060
12241737
12340636
12439403
12538021
12636714
12735816
12834614
12933538
13032282
13131010
13229908
13328639
13427407
13526260
13625309
13724089
13822968
13921687
14020287
14118857
14217640
14316363
14415166
14513911
14612810
14711681
14810548
14909428
15007934
15106831
15205706
15304395
15402931
15501336
15600096
15698889
15797830
15896693
15995431
16094150
16193080
16291891
16390904
16489895
16588365
16686926
16785574
16884275
16982941
17081575
17180577
17279346
17377911
17476598
17575301
17673971
17773077
17871707
17970772
18069147
18168133
18266811
18365066
18463920
18562555
18661165
18759954
18858892
18957356
19055940
19154747
19253729
19352500
19451242
19550164
19648679
19747392
19846053
19944897
20043536
20142322
20241009
20339745
20438734
20537459
20635830
20734716
20833423
20931899
21030385
21129167
21227908
21326744
21425627
21524244
21623035
21721728
21820401
21919109
22018165
22116952
22215722
22314659
22413512
22512162
22610922
22709484
22808419
22907130
23006012
23104922
23203795
23302523
23401314
23500101
23598791
23697596
23796150
23894889
23993789
24092418
24191538
24290416
24389028
24488026
24586645
24685217
24783950
24882851
24981662
25080163
25179051
25277773
25376655
25475403
25573993
25672988
25771644
25870633
25969364
26067892
26166682
26265394
26364242
26462745
26561455
26660252
26758969
26857819
26956115
27054777
27153512
27252163
27350692
27449317
27547967
27646661
27745394
27844014
27942852
28041751
28140274
28239036
28337886
28436597
28535199
28633904
28732630
28831528
28930378
29029122
29128000
29226491
29324958
29423780
29522414
29621120
29719711
29818517
29917317
30015802
30114461
30213354
30312213
30410778
30509757
30609059
30707632
30806410
30905225
31004146
31102949
31201808
31300668
31399257
31498036
31596903
31695621
31794706
31893392
31992114
32090827
32189471
32288198
32387193
32485852
32584321
32682948
32781717
32880484
32979241
33078183
33177197
33275944
33374815
33473577
33572169
33671017
33769609
33868207
33966893
34065558
34164417
34262935
34361839
34460628
34559314
34658096
34756959
34855983
34954585
35053829
35152540
35251096
35349947
35448600
35547337
35646225
35744867
35843641
35942385
36040927
36139666
36238523
36337428
36436228
36534989
36633577
36732600
36831224
36929644
37028179
37127071
37225661
37324117
37422724
37521197
37619940
37718581
37817337
37916064
38014606
38113107
38211711
38310697
38409595
38508514
38607023
38705630
38804205
38902930
39001733
39100518
39199282
39298031
39396580
39495376
39594121
39692810
39791319
39890138
39988894
40087775
40186644
40285443
40384441
40483042
40581969
40680783
40779649
40878511
40977424
41076295
41175215
41273989
41372995
41471720
41570595
41669439
41768382
41867030
41965615
42064348
42163124
42262162
42360774
42459443
42558199
42656657
42755501
42854435
42953211
43051951
43150700
43249137
43347705
43446479
43545123
43643895
43742487
43841365
43940290
44039237
44137941
44236542
44335291
44434065
44532662
44631186
44729983
44828833
44927632
45026102
45124742
45223517
45322455
45421087
45519473
45618043
45716584
45815199
45913798
46012488
46111135
46209827
46308315
46406832
46505763
46604479
46703111
46801981
46900615
46999191
47097706
47196446
47295324
47394254
47492977
47591769
47690789
47789584
47888304
47986988
48085746
48184725
48283516
48382307
48481187
48579661
48678363
48777140
48875978
48974466
49073337
49172220
49271028
49369915
