1
34337628
34465135
34267399
34323347
34289342
34275897
34436286
34404328
34256936
34231132
34323812
34415739
34300630
34392209
34357771
34250691
34371664
34352304
34344172
34435759
34433158
34252410
34291115
34354742
34360200
34197987
34411678
34410192
34351947
34333432
34298453
34385865
34256616
34443921
34272956
34367048
34348763
34316592
34234622
34355899
34376851
34286573
34351862
34311817
34394544
34325256
34205696
34357898
34268007
34381458
34334497
34216965
34265908
34363966
34284616
34340911
34276004
34347750
34329090
34251566
34292611
34484148
34241837
34269233
34413009
34271488
34382250
34355653
34369680
34231789
34403796
34288232
34386158
34395062
34288948
34420350
34382344
34351945
34344987
34254915
34279632
34396677
34325301
34355237
34262183
34428676
34303066
34329247
34298331
34276833
34419908
34432070
34246742
34348321
34359648
34341758
34340904
34337005
34265071
34199894
34462071
34290089
34285908
34410976
34346150
34457723
34446594
34460041
34360609
34355198
34263584
34285347
34417223
34292506
34344566
34296362
34342898
34372243
34302452
34225209
34403358
34472446
34382135
34386163
34366682
34313439
34366602
34381491
34414250
34274172
34354368
34365427
34233946
34438405
34270745
34412741
34305228
34325864
34369949
34254181
34428584
34414637
34357950
34315224
34237737
34242871
34333285
34368441
34390963
34234708
34336280
34270886
34375061
34261456
34295659
34231096
34400932
34490603
34314485
34290894
34414263
34303935
34240972
34418386
34294441
34325132
34394395
34316230
34516397
34286007
34369118
34339667
34458492
34381640
34269330
34259732
34305486
34329565
34295659
34383974
34373855
34346679
34342910
34397150
34393118
34313151
34203305
34331625
34378902
34309773
34428027
34288413
34271349
34325192
34343244
34289913
34337067
34232099
34315710
34320201
34224995
34340343
34316854
34413293
34458638
34320224
34293116
34231232
34437528
34325609
34426345
34339085
34310155
34396759
34326843
34441112
34398888
34424935
34403188
34423506
34386459
34350605
34480909
34288107
34287109
34363751
34402139
34250252
34389434
34294979
34397169
34361964
34338886
34367756
34285407
34411392
34304401
34307536
34312753
34326650
34405987
34257779
34263496
34320368
34347590
34344915
34292225
34306176
34324763
34288315
34383011
34436554
34246003
34221156
34368001
34371557
34316204
34185582
34368728
34360182
34297444
34387594
34317845
34312031
34373086
34400558
34296032
34298316
34346732
34354628
34395869
34198100
34349292
34256871
34298997
34303952
34367827
34278366
34379507
34317685
34183966
34374180
34348412
34327370
34326198
34391450
34336124
34304268
34314320
34332139
34312118
34304543
34246155
34302036
34300303
34328885
34350797
34322447
34339543
34257842
34284344
34337359
34387161
34323640
34271770
34261578
34389941
34261983
34389670
34353524
34305812
34349749
34357016
34290831
34389577
34271397
34303340
34489051
34385460
34295359
34272815
34406986
34356870
34279928
34290438
34386583
34424639
34333519
34390243
34278128
34392395
34325604
34278851
34259241
34291723
34338548
34278274
34444860
34359036
34327790
34286595
34409387
34381595
34463350
34375724
34438564
34183251
34442260
34356231
34291931
34307779
34362080
34362414
34353862
34300859
34329420
34269606
34392572
34377529
34401736
34251016
34318909
34322986
34483008
34300752
34448941
34342068
34439584
34302623
34342729
34416898
34309804
34499191
34317387
34311291
34356168
34351111
34318346
34314579
34303462
34276313
34301283
34391019
34342745
34490448
34257313
34377627
34311925
34280076
34356444
34355122
34408560
34281487
34269796
34334869
34345363
34290859
34327072
34428048
34374841
34283435
34442187
34419229
34180913
34248272
34391364
34320988
34218954
34403957
34371016
34305535
34386296
34397408
34453113
34213427
34341365
34404473
34377607
34337523
34355914
34289945
34295817
34156345
34433333
34304022
34415503
34350386
34436589
34369960
34555890
34311205
34441818
34264146
34395900
34367311
34248370
34282549
34317767
34424664
34326207
34421053
34525620
34216424
34322812
34395366
34335291
34503030
34282270
34332110
34448536
34387342
34319108
34410640
34402441
34293263
34297399
34214746
34397945
34340733
34290287
34363296
34436107
34460021
34299797
34337285
34212479
34319822
34369573
34213940
34411081
34265560
34322997
34413089
34399644
34222134
34341361
34282312
34306934
34364594
34392904
34425508
34193453
34252436
34330548
34334277
34358624
34263911
34216035
34400502
34214307
34366882
34302641
34360538
34345978
34333578
34342784
34314739
34339970
34290003
34398114
