1
45916100
45982459
45839753
45786264
45761593
45791984
45855322
45595188
45813343
45780492
46083300
45918271
45922215
45833856
45864478
45666389
45896680
45878652
45767734
45861635
45829076
45889840
45820056
45969747
45857854
46031359
45846121
46014641
45815659
45938944
45944431
45836026
45645534
45756502
45877962
45803457
45843363
45816763
45750324
45860870
45638455
45784942
45905558
45872755
45935405
45653940
45698037
45913288
45872959
45860666
45891406
45779109
45725636
45975003
45833328
45718615
45782151
45890991
45662716
45751894
45817685
45986510
45952286
45872926
45970331
45775726
45869875
45857292
45878135
45597261
45785463
45991475
45873521
45879726
45742101
45973017
45819817
45967700
45767576
46042169
46062789
45894560
45862168
46015143
45791414
45839580
45871350
45847298
45931999
45991527
45854239
45897685
45772583
45941139
46039666
45932391
46077710
45945046
45653018
45876278
46102847
45942779
45785886
45773383
45977388
45645757
46258971
45734309
46005896
45957334
45837914
45833717
46063739
45865313
45904756
45679650
45852565
45769627
46019973
45783439
45847288
45799859
45770391
45770187
45989846
45764603
45779226
45731429
45983146
46057285
46110818
46044524
45914586
46156910
45889956
45954745
45891584
45741233
46141645
45975742
45748072
46021527
45773966
45924947
45985869
45835446
45672649
45738529
45946532
45766051
45757789
45791597
45978571
45982829
45781535
45631180
45947434
45668873
45685222
45850615
45921243
45785316
45853691
45847225
45916923
45872362
45855337
46052076
45895371
45733713
45781298
45845291
45967499
45737667
45917257
45821766
45902457
45817874
46082816
45735419
45957917
45826135
45952758
46119218
45809536
45938584
45758564
45580044
45815778
45842677
45765543
45792265
45734334
45815185
45849701
45857879
45688519
45922679
45795258
45839180
45749543
45836952
45745010
45583988
45828289
45962913
45813089
45938777
45870913
45835250
45822214
45704633
45958761
45866659
46088466
45886702
45698063
45872522
45677751
45759429
46136363
45920925
45933651
46106294
45832768
45855490
45890143
45667287
45908241
45940907
45817961
45981073
45787328
45923426
46027783
45793986
45789523
46066747
45861858
45801000
45843317
46030932
45750457
45844374
45577969
45706539
45767487
45745621
45845683
45707925
45962334
45815767
45966233
45613746
45863485
45952131
45931196
45870219
45920124
45927381
45712066
45724429
45836255
45802118
45843604
46120453
45705747
45647849
45659598
45752098
45922499
45878404
45937076
45873530
45974080
45772980
45757919
45798563
45772301
45913714
45826896
45731714
45893950
45836715
45695056
45847342
45877241
45889377
45934669
45801543
45806688
45657413
46062667
45922996
45924066
45869025
45951398
45668613
45761587
45948085
45855596
45909322
45949008
45868622
45898299
45699059
45812158
45831358
45873397
45925523
45607840
45670666
46053491
45973187
45962868
45824686
45858512
45914746
45850080
45834195
45920642
45935094
45799466
45812367
45988488
45885471
46035989
45916100
45724451
45960857
45932387
45856102
46106501
45939556
45862716
45879700
45876044
45777101
45969892
45807712
45768881
45627782
45898784
45832956
45931951
45857272
45769128
45836600
45902817
45921392
46011998
45940208
45779433
45938138
45802600
45694600
45703857
45738621
45793617
45943569
45880878
45993946
45988512
45996330
45846827
45812114
45789672
45709552
45886478
45808862
45908586
45705503
45809303
45649844
45874237
45676752
45762444
46024397
45809322
45958405
45966897
45740009
45830870
45906208
45914555
45869411
45925777
45687096
45891767
45909006
45964938
45799788
45917886
45882027
45912843
45469628
45847942
45969252
45894922
45748684
45804247
45912565
45848350
45751845
45739053
45928626
45842886
46059719
45708518
45635846
45945739
46005302
45705794
45773855
45737049
45887881
46110028
45793701
45544638
45892354
45733780
45958023
45921350
45816501
45884135
45744253
45981051
45810589
45785224
45920899
45771579
45981931
45783941
45831996
45751053
45794694
45966213
45804116
45943364
45906019
45758619
45829418
45744913
45854850
46029812
45861455
46027282
45878267
45738518
45963569
45807724
45876736
45961402
45754056
45825942
45855693
45640107
45688398
45900276
45770712
45710045
45918300
45935781
45814302
45977324
45698345
45730770
45838766
45667773
46005389
45933065
45884608
45839802
45727600
45805087
45969497
45809317
45873822
45999056
45938831
45937998
45944476
45920868
45558191
45793441
45699583
45838359
45635906
45769123
45997744
45922139
45830250
45854218
45856476
45746427
45945878
45881363
45819573
45848060
45737799
