0
98709
197866
296685
395274
494047
592718
691396
790332
888970
987739
1086370
1185069
1283774
1382646
1481582
1580344
1679054
1777770
1876755
1975337
2073789
2172182
2271129
2369881
2468279
2566799
2665491
2763956
2862755
2961464
3060133
3158815
3257296
3355906
3454862
3553789
3652534
3751239
3849810
3948326
4047084
4145752
4244648
4343489
4442105
4540696
4639420
4738240
4836911
4935488
5034222
5133051
5231832
5330745
5429519
5528509
5627097
5726141
5824802
5923595
6022664
6121535
6220379
6319240
6418119
6517066
6615841
6714710
6813532
6912491
7011161
7109678
7208424
7307274
7406237
7504978
7603603
7702259
7800740
7899637
7998532
8097316
8196114
8294719
8393232
8491797
8590563
8689203
8787934
8886614
8985440
9084436
9183308
9281983
9380677
9479329
9578251
9676737
9775302
9874102
9972853
10071712
10170233
10268869
10367713
10466597
10565166
10663605
10762184
10860817
10959247
11057904
11156572
11255257
11353919
11452519
11551003
11649889
11748615
11847246
11946066
12044847
12143366
12241817
12340531
12439373
12538287
12637165
12735854
12834874
12933712
13032454
13131051
13229927
13328859
13427468
13526372
13625238
13723741
13822511
13921275
14020063
14118569
14217437
14316300
14415147
14514037
14612906
14711721
14810499
14909415
15008016
15106828
15205738
15304479
15403083
15501817
15600418
15699138
15797886
15896714
15995487
16094573
16193121
16291565
16390404
16489307
16587842
16686365
16785358
16884203
16982849
17081570
17180182
17278767
17377890
17476628
17575487
17674376
17773178
17871966
17970368
18069032
18167555
18266192
18365029
18463899
18562588
18661375
18760490
18859353
18957906
19056804
19155667
19254427
19353141
19451957
19550702
19649276
19747912
19846641
19945525
20044358
20143138
20241864
20340201
20439117
20537878
20636225
20734841
20833642
20932434
21031103
21129740
21228465
21327173
21425748
21524610
21623296
21721993
21820679
21919464
22018263
22116963
22215783
22314213
22413013
22511427
22610228
22708998
22807695
22906559
23005133
23103612
23202640
23301476
23400171
23498826
23597530
23696148
23795324
23894299
23992927
24091819
24190347
24289085
24387795
24486520
24585485
24684293
24783150
24881845
24980751
25079613
25178244
25277127
25375795
25474849
25573709
25672093
25770987
25869817
25968598
26066948
26165685
26264617
26363150
26461956
26560602
26659196
26757818
26856317
26954817
27053461
27152051
27250546
27349065
27447577
27546301
27645091
27743672
27842299
27941279
28039824
28138653
28237249
28335860
28434676
28533545
28632426
28730910
28829364
28927840
29026593
29125278
29223907
29322605
29421134
29519921
29618608
29717246
29815821
29914438
30012976
30111852
30210916
30309940
30408659
30507524
30606346
30704848
30803545
30902586
31001373
31100205
31199194
31297825
31396749
31495468
31594182
31692951
31791994
31890700
31989497
32088348
32186916
32285477
32384300
32483048
32581965
32680718
32779662
32878729
32977634
33076541
33175079
33273865
33372788
33471435
33570051
33668511
33767238
33866156
33964953
34063707
34162449
34261183
34360018
34458864
34557952
34656973
34755496
34854125
34952745
35051485
35149987
35248616
35347635
35446362
35544998
35643649
35742295
35841023
35940146
36038688
36137719
36236235
36335246
36433957
36532346
36631001
36729589
36828277
36926960
37025831
37124310
37222952
37321707
37420680
37519376
37618211
37716968
37815575
37914459
38013170
38111831
38210460
38309201
38407821
38506628
38605570
38704231
38802715
38901551
39000268
39098938
39197366
39296077
39394730
39493618
39592561
39691175
39789897
39888720
39987440
40086151
40185273
40284076
40382750
40481693
40580555
40679315
40778060
40876586
40975526
41074248
41173090
41271874
41370788
41469549
41568343
41667055
41765828
41864603
41963061
42061660
42160501
42259145
42358210
42457157
42555841
42654776
42753348
42851976
42950660
43049494
43148262
43246861
43345723
43444490
43543338
43642033
43740662
43839623
43938254
44037236
44136037
44234527
44333361
44432113
44530901
44629515
44728194
44827133
44925775
45024545
45122905
45221480
45320093
45418669
45517249
45615977
45714734
45813337
45912098
46010656
46109585
46208441
46307086
46405849
46504756
46603287
46701880
46800497
46899245
46998121
47097063
47195693
47294560
47393171
47491593
47590365
47689075
47787921
47886644
47985586
48084385
48182928
48281528
48380457
48479349
48578004
48676983
48776096
48874818
48973572
49072249
49171146
49269871
49368732
