1
27850018
27808408
27845946
27789613
27770254
27835646
27753198
27783883
27812559
27838959
27756867
27831640
27762833
27835659
27759211
27775309
27853760
27762878
27868305
27752496
27796296
27852721
27756268
27825371
27777580
27840850
27772758
27812108
27879419
27769153
27797605
27809861
27865333
27669809
27783582
27771750
27740115
27812643
27831673
27755661
27874549
27818105
27778673
27853778
27789780
27839013
27800389
27837961
27804695
27790643
27825300
27705708
27770808
27789085
27762097
27778922
27801234
27830275
27866787
27889906
27815166
27775689
27847689
27778577
27853722
27817767
27857018
27747164
27803865
27800866
27747214
27788645
27799453
27761012
27844569
27767994
27820278
27793383
27824528
27803899
27781991
27779749
27797399
27906015
27796703
27744731
27793436
27861482
27796877
27805270
27788725
27785413
27758575
27759041
27792410
27833902
27830815
27846320
27854298
27821172
27819477
27854761
27761443
27778657
27755644
27749983
27750100
27788027
27786826
27663995
27778553
27863177
27819585
27847925
27763068
27839173
27826606
27834610
27788321
27779072
27859827
27887616
27733079
27806680
27779973
27868890
27825614
27779344
27852428
27765584
27751501
27759312
27776707
27790480
27791320
27839403
27800793
27751708
27797596
27826893
27769508
27816741
27838907
27830000
27725532
27828672
27776782
27703993
27774296
27737137
27888940
27771150
27805034
27750684
27778696
27813173
27739453
27799809
27797614
27752605
27756529
27798607
27804141
27853482
27850898
27759053
27828793
27749331
27861928
27763594
27816900
27792408
27774982
27870204
27733082
27847394
27800146
27828209
27817415
27733535
27768213
27841087
27805213
27813474
27742145
27843153
27759688
27800656
27838012
27784252
27861061
27762013
27829449
27808604
27845755
27681613
27864558
27856133
27811768
27807495
27766341
27800692
27839057
27851819
27741814
27761342
27781168
27790705
27832813
27829140
27747467
27842219
27713283
27827991
27825659
27806869
27697430
27761607
27790603
27731974
27807661
27796518
27804740
27746891
27764186
27819221
27897849
27795642
27803231
27820677
27725400
27769811
27848563
27812088
27897818
27823942
27838297
27828533
27772763
27736406
27840105
27760829
27780220
27848922
27855687
27812585
27880013
27779704
27795078
27794143
27722335
27834755
27820275
27814035
27900651
27867542
27775372
27804458
27796566
27811350
27819822
27871040
27863286
27792313
27814926
27818270
27766966
27796852
27823704
27829253
27819526
27851992
27838074
27781398
27752736
27720180
27895585
27800120
27801699
27831393
27820277
27727431
27828050
27741971
27774916
27881746
27726089
27752479
27759686
27826381
27819339
27811054
27823077
27822842
27825131
27767513
27843336
27840093
27820966
27770827
27937217
27754739
27835890
27777759
27730970
27786889
27831851
27788815
27829305
27851565
27748052
27761809
27882269
27839294
27818906
27773397
27803414
27817052
27857449
27778054
27728133
27812168
27762639
27820039
27852162
27808914
27848100
27850006
27755705
27810572
27828828
27769961
27819187
27758295
27799227
27939656
27900878
27784649
27727999
27802164
27854162
27810640
27808582
27786800
27842461
27830857
27778419
27760204
27867260
27791829
27762245
27793309
27776890
27747299
27860932
27830063
27790290
27795860
27836213
27784286
27811168
27821633
27760144
27839636
27836370
27815183
27812807
27796524
27828422
27789631
27855343
27694727
27813601
27732830
27768672
27809636
27835405
27747496
27765561
27766082
27834504
27842170
27824551
27782422
27758643
27754688
27833303
27803161
27797297
27809536
27826745
27749730
27770082
27828955
27889901
27788775
27730140
27865054
27810295
27777770
27784077
27767282
27769373
27767862
27758372
27782198
27779771
27773415
27769790
27783945
27810162
27832422
27757700
27864096
27741711
27782411
27726399
27765432
27823401
27807142
27711588
27811142
27857488
27746491
27786688
27756783
27738891
27826966
27795111
27701635
27764251
27779068
27872078
27852323
27759527
27776088
27816131
27695370
27794631
27906962
27801007
27897145
27802128
27811022
27794818
27826320
27700724
27768187
27689116
27810161
27816005
27762713
27729833
27796905
27751107
27770225
27844248
27790684
27823842
27833209
27883037
27763545
27879927
27716298
27764884
27791919
27759948
27828812
27723888
27810318
27914375
27795710
27806722
27757982
27818057
27808203
27831545
27870181
27861828
27815889
27885926
27770911
27852831
27834292
27801909
27784397
27843470
27807440
27776212
27827045
27749405
27771008
27803521
27752906
27762496
27791872
27810633
27811594
27801868
27791006
