1
31637159
31754415
31748472
31719202
31638150
31780902
31675673
31710481
31727999
31673226
31686223
31783828
31724698
31723144
31750135
31715491
31744228
31731308
31753388
31777564
31639850
31676367
31711207
31675070
31672390
31692323
31702279
31715319
31760004
31661659
31700772
31652917
31622614
31718222
31704292
31689905
31755581
31830389
31650260
31733014
31712879
31676683
31736577
31687693
31686653
31679803
31733947
31770081
31637717
31642005
31679791
31742646
31767438
31700248
31717143
31716180
31648475
31648089
31694213
31709553
31715921
31713817
31656178
31658436
31761621
31647802
31825735
31623400
31741578
31673017
31745115
31790689
31749785
31690049
31627179
31607367
31578851
31788662
31764818
31744603
31720700
31650568
31732187
31628619
31671204
31739537
31708399
31688301
31787879
31746293
31732391
31756773
31675180
31687466
31726514
31701444
31675910
31708087
31651999
31766494
31725439
31685969
31666604
31691566
31657470
31647871
31804686
31689039
31749518
31755357
31741042
31727071
31739548
31747884
31702858
31772985
31785932
31642056
31780150
31696658
31703332
31740000
31638294
31815579
31627389
31665976
31711287
31697377
31702220
31636455
31726425
31619001
31680527
31840057
31690893
31681972
31727369
31694258
31700154
31630035
31747952
31675894
31686230
31668198
31698621
31671654
31758768
31725455
31761122
31752184
31687598
31775964
31696678
31596585
31636655
31721890
31668369
31634869
31787139
31652532
31661464
31704118
31746959
31752550
31739475
31723533
31778474
31693462
31724471
31702626
31784179
31696385
31658581
31682251
31671011
31795557
31663700
31745302
31711722
31663115
31669123
31693334
31663777
31703879
31543296
31693734
31767730
31697072
31727082
31728814
31711961
31726116
31686309
31729352
31528988
31787163
31769270
31606903
31605875
31646962
31654178
31641021
31687194
31585960
31739579
31668219
31654614
31740135
31694288
31607889
31748852
31634755
31745843
31713259
31809653
31736373
31811335
31668468
31830590
31712428
31741972
31767568
31717746
31788114
31653644
31684558
31718773
31720791
31808109
31715166
31590345
31576931
31611276
31713706
31718126
31743441
31742959
31797515
31700288
31740223
31716310
31706323
31768956
31709787
31730073
31611679
31708828
31708881
31672720
31733866
31655621
31754181
31705406
31702149
31738277
31619317
31676370
31737716
31729513
31766782
31717662
31699270
31711690
31718963
31667847
31697026
31698816
31687969
31644783
31699059
31733375
31722936
31653835
31646080
31618878
31795224
31775412
31684054
31648154
31712687
31619960
31702119
31738530
31668408
31777865
31801210
31759359
31728159
31737999
31654778
31682300
31646339
31706708
31860054
31855680
31726677
31950982
31662474
31690871
31675792
31709636
31731477
31820969
31738802
31739961
31791003
31814726
31682882
31701063
31657977
31788319
31695331
31771797
31792215
31702139
31823550
31657702
31654409
31622854
31781154
31783754
31656083
31659348
31786510
31650676
31707776
31710354
31725961
31647733
31788797
31669605
31643451
31633605
31622931
31535495
31793018
31692383
31639312
31656415
31823033
31622533
31656695
31724428
31722007
31796519
31700201
31694358
31660650
31754499
31670878
31748482
31743561
31707959
31711513
31684961
31710359
31735593
31662029
31636091
31712518
31724759
31643652
31714367
31704105
31678457
31708048
31539652
31807158
31764156
31761389
31664865
31722521
31674310
31770806
31749468
31734772
31773092
31659187
31705902
31762860
31730678
31683899
31764675
31684470
31726217
31828856
31744262
31675079
31706777
31668149
31717129
31687382
31695379
31644335
31732435
31743292
31702456
31727615
31690578
31635867
31724680
31751562
31659246
31723674
31664638
31656142
31644550
31703417
31770098
31657978
31737551
31749251
31651159
31729569
31738641
31658521
31770964
31765371
31723504
31815432
31732355
31703996
31724934
31703737
31658965
31691678
31743195
31661683
31657614
31638038
31765830
31780242
31740195
31692161
31675293
31690705
31712967
31790230
31675819
31692251
31703703
31648885
31680566
31856659
31834920
31705519
31706292
31705841
31672017
31638452
31661604
31703811
31643249
31683218
31609274
31679325
31650731
31755745
31575980
31653484
31696421
31690018
31669619
31733856
31682481
31636744
31691547
31631882
31667816
31716589
31650958
31764561
31780362
31608887
31537202
31720695
31657133
31695392
31639766
31618687
31743243
31776957
31729494
31721598
31729551
31686475
31657197
31605027
31695397
31698248
31630657
31755388
31718766
31657687
31752220
31721178
31652623
31668699
31687259
31690736
