1
30535700
30431039
30436417
30375661
30442263
30392147
30613227
30483715
30394999
30406007
30454238
30554035
30400747
30568572
30474545
30368308
30514301
30415593
30476068
30492232
30489239
30404051
30397539
30557258
30462220
30410562
30473692
30422687
30471237
30406795
30361750
30458149
30391458
30514334
30410327
30523553
30471127
30437876
30380292
30455032
30477301
30394173
30436763
30529070
30376633
30412592
30342187
30469157
30481785
30583677
30465763
30436271
30383239
30490993
30482414
30482992
30440476
30431137
30406352
30424191
30497994
30509996
30473057
30424695
30516092
30413320
30482369
30502326
30513740
30390904
30506381
30404958
30582529
30483466
30477754
30524136
30454215
30516578
30464211
30469061
30423372
30529961
30466361
30431676
30456312
30451571
30433320
30411183
30413141
30402384
30488972
30523727
30432602
30486724
30418387
30424943
30508797
30419806
30546363
30375258
30513900
30402167
30489492
30545459
30531273
30427519
30437887
30485833
30563829
30478094
30495013
30464717
30444373
30400369
30380410
30500399
30465805
30513118
30453608
30379974
30529379
30576020
30470475
30511472
30444123
30425713
30535595
30429015
30450770
30412303
30478186
30482079
30402250
30499149
30440288
30593042
30297413
30473512
30441674
30451743
30473823
30504208
30433876
30515085
30406353
30351195
30421422
30541421
30482095
30433668
30392502
30405014
30484420
30489184
30392327
30403198
30494237
30530036
30465648
30487821
30544048
30445661
30426437
30481014
30446496
30491875
30534353
30479975
30595817
30424079
30525858
30403419
30512420
30432081
30392057
30337006
30514183
30465766
30403369
30522707
30494952
30403257
30495470
30522503
30517876
30329154
30423824
30520785
30505304
30468548
30583490
30446676
30461934
30476675
30500266
30436610
30442070
30408824
30410878
30418663
30354379
30518609
30434107
30566721
30511053
30504794
30505511
30417827
30492441
30397780
30556605
30450827
30445390
30518507
30469591
30528101
30487562
30551105
30409409
30554028
30530847
30437124
30540877
30436503
30406994
30548964
30534334
30430753
30520492
30367378
30460939
30484869
30548875
30477587
30392693
30477269
30386662
30421881
30554106
30400717
30497953
30342013
30300767
30404450
30447958
30401168
30492794
30501936
30479036
30442482
30540654
30561097
30405997
30386768
30456619
30441160
30466862
30326567
30484454
30464093
30456494
30444176
30473158
30377809
30432703
30540080
30393200
30444863
30516965
30488714
30492835
30315894
30467904
30426335
30478179
30390560
30447015
30388469
30538601
30428562
30517724
30456317
30504396
30457422
30433887
30505049
30445171
30498059
30542549
30396840
30493722
30383483
30421874
30367542
30468608
30435788
30529402
30450671
30489283
30421249
30403517
30455374
30429957
30396483
30355455
30448024
30478342
30428958
30502943
30446113
30399573
30495651
30484194
30475809
30474183
30387351
30467390
30586755
30455660
30409870
30457554
30541033
30478664
30452100
30496671
30538288
30491867
30444809
30450026
30476509
30504871
30537969
30420282
30404133
30397710
30518361
30359557
30526414
30467977
30456771
30354631
30571076
30457365
30531418
30497436
30485433
30345840
30477240
30437455
30365412
30375719
30496857
30449889
30437187
30435201
30421675
30459666
30518579
30448739
30495106
30523258
30451584
30468118
30520974
30450636
30506060
30435773
30517601
30459849
30395250
30565578
30442979
30575011
30447935
30497960
30416441
30510357
30556961
30449851
30428875
30442910
30380155
30383664
30468970
30642867
30411906
30504345
30421477
30457340
30481817
30547289
30529085
30446595
30441374
30543453
30489516
30510770
30469912
30484841
30439632
30471070
30526980
30504296
30480314
30397962
30453459
30458080
30410992
30573440
30517050
30389158
30507679
30525266
30519783
30411091
30490765
30435154
30429779
30415784
30551779
30428240
30534229
30348630
30489077
30400699
30486035
30438042
30477567
30514727
30508497
30423906
30524004
30430703
30528744
30427712
30416315
30391828
30490568
30481858
30497381
30428356
30591891
30385322
30492364
30472503
30524932
30498675
30409577
30467084
30515491
30420553
30467265
30479005
30470981
30376922
30435317
30432239
30549212
30510555
30419630
30479417
30473685
30586725
30475157
30468215
30342563
30365145
30411837
30453244
30497309
30418041
30519852
30527403
30535983
30438167
30469150
30485947
30464088
30463969
30449790
30499067
30371615
30408577
30432035
30462633
30428567
30440024
30368305
30478768
30502747
30459142
30377772
30455393
30491532
30495928
30466094
30434692
30442854
30445523
30551836
