0
136
300
461
583
698
881
1039
1279
1407
1519
1637
1850
1960
2110
2274
2408
2445
2578
2839
2923
3097
3236
3332
3434
3628
3743
3826
3966
4080
4165
4328
4450
4660
4693
4864
4957
5068
5199
5366
5529
5628
5770
5902
5985
6088
6249
6365
6463
6625
6720
6814
6966
7046
7137
7228
7387
7552
7651
7736
7847
8015
8194
8320
8376
8575
8684
8763
8812
8884
9025
9165
9324
9495
9608
9699
9864
10062
10193
10243
10341
10472
10606
10706
10776
10967
11119
11147
11217
11370
11451
11548
11730
11897
11992
12141
12224
12347
12591
12746
12847
12990
13085
13276
13357
13442
13526
13613
13829
13885
13962
14149
14285
14468
14524
14690
14830
14973
15109
15268
15428
15443
15585
15788
15858
15979
16198
16281
16409
16551
16751
16797
16884
16977
17117
17373
17496
17631
17800
18010
18167
18210
18264
18324
18523
18622
18809
18891
18982
19101
19247
19300
19508
19690
19900
20096
20203
20250
20403
20577
20640
20734
20869
21014
21126
21254
21360
21474
21612
21725
21900
22021
22159
22397
22508
22646
22819
22937
23145
23293
23516
23680
23845
24036
24239
24358
24487
24556
24673
24750
24928
25000
25076
25196
25363
25427
25651
25886
25985
26064
26239
26290
26444
26583
26692
26810
26969
27130
27206
27318
27436
27526
27607
27720
27789
27886
28065
28209
28310
28494
28639
28787
28904
28977
29223
29334
29436
29584
29718
29861
29970
30056
30162
30252
30378
30457
30524
30631
30805
30984
31134
31197
31315
31392
31546
31643
31719
31903
32079
32175
32337
32416
32484
32671
32715
32750
32859
32903
32969
33109
33330
33453
33492
33598
33720
33895
33951
34019
34189
34313
34455
34576
34639
34736
34921
34986
35043
35187
35290
35444
35727
35882
35943
36099
36237
36269
36453
36636
36689
36854
36895
37069
37150
37230
37371
37422
37542
37650
37790
37990
38214
38375
38447
38590
38760
38867
39053
39224
39381
39420
39603
39775
39819
40019
40154
40321
40443
40637
40775
40854
40976
41053
41243
41400
41509
41684
41902
42062
42133
42299
42390
42585
42743
42860
43032
43167
43281
43431
43503
43665
43782
43975
44034
44251
44419
44525
44665
44912
44951
45116
45247
45401
45610
45709
45883
46037
46200
46383
46584
46690
46860
46974
47054
47255
47395
47492
47563
47682
48031
48117
48268
48522
48732
48924
49052
49168
49305
49407
49640
49762
49853
49979
50113
50168
50345
50505
50601
50653
50891
51054
51220
51398
51524
51546
51672
51766
51861
51927
52002
52063
52162
52297
52384
52455
52602
52760
52897
53013
53190
53424
53546
53667
53821
53887
54062
54214
54289
54423
54527
54626
54716
54848
55164
55294
55330
55472
55571
55716
55897
55986
56144
56278
56351
56488
56584
56735
56799
56847
56940
57005
57095
57268
57387
57450
57536
57595
57670
57830
57899
58004
58089
58210
58381
58528
58639
58733
58831
58976
59068
59146
59314
59503
59692
59737
59798
59956
60091
60301
60415
60516
60535
60796
60961
61024
61203
61348
61364
61512
61559
61782
61802
61884
61944
62000
62155
62340
62502
62708
62865
63037
63090
63233
63318
63436
63666
63832
63924
64041
64190
64336
64478
