0
494
1057
1476
2034
2514
3069
3561
4093
4561
5022
5585
6094
6615
7136
7656
8130
8648
9170
9708
10236
10724
11194
11698
12289
12798
13335
13881
14453
14980
15476
15937
16483
17022
17558
18049
18511
19036
19545
20069
20593
21090
21716
22252
22775
23355
23848
24382
24923
25412
25938
26432
27005
27510
28025
28571
29055
29551
30046
30623
31140
31672
32236
32759
33286
33788
34322
34891
35419
35981
36454
37007
37560
38123
38569
39086
39577
40080
40595
41074
41609
42096
42617
43177
43640
44221
44826
45287
45787
46332
46824
47346
47872
48347
48877
49387
49957
50471
50954
51470
51960
52428
52955
53415
53917
54462
54990
55525
56042
56610
57174
57673
58217
58849
59355
59781
60346
60839
61348
61830
62290
62774
63321
63813
64283
64812
65331
65857
66392
66929
67445
67994
68507
68964
69487
69984
70503
71055
71520
71996
72503
73017
73546
74054
74497
74939
75433
75890
76389
76972
77478
77991
78497
79014
79642
80090
80600
81126
81636
82185
82736
83180
83681
84228
84703
85224
85731
86252
86819
87354
87880
88349
88853
89359
89837
90331
90862
91375
91873
92413
92973
93412
93905
94385
94847
95336
95881
96357
96897
97441
97996
98468
99030
99584
100091
100613
101077
101627
102172
102728
103191
103688
104196
104791
105276
105823
106418
106906
107390
107900
108432
108967
109464
110001
110515
111053
111553
112057
112555
113046
113584
114089
114631
115170
115667
116231
116713
117234
117756
118240
118806
119287
119829
120388
120886
121385
121891
122354
122879
123392
123923
124475
125004
125544
126072
126538
127064
127582
128066
128562
129087
129616
130181
130662
131146
131710
132223
132793
133322
133931
134470
134989
135539
136040
136545
137079
137566
138108
138643
139144
139659
140186
140687
141217
141775
142281
142758
143301
143820
144385
144896
145446
145935
146431
146875
147385
147890
148376
148904
149427
149943
150431
150887
151397
151884
152422
152923
153443
153973
154484
155001
155553
156079
156627
157101
157558
158062
158592
159086
159567
160118
160673
161197
161716
162240
162772
163317
163805
164303
164838
165338
165875
166424
166937
167423
167947
168431
168934
169458
169987
170475
170977
171424
171970
172449
172985
173452
173968
174448
174927
175478
176033
176571
177076
177581
178067
178533
179026
179512
179997
180489
181047
181525
182033
182553
183059
183576
184095
184544
185004
185574
186111
186609
187154
187647
188073
188565
189056
189600
190093
190635
191098
191620
192126
192702
193254
193796
194322
194820
195301
195774
196303
196804
197375
197866
198361
198903
199442
199967
200556
201107
201686
202244
202705
203247
203832
204304
204813
205320
205848
206369
206910
207461
208003
208474
208972
209477
209976
210541
211075
211576
212121
212577
213117
213601
214070
214614
215109
215641
216127
216713
217179
217697
218316
218813
219313
219864
220433
220921
221469
221970
222551
223168
223717
224255
224779
225294
225839
226397
226877
227407
227883
228394
228884
229474
230055
230573
231140
231612
232179
232682
233191
233691
234190
234740
235245
235763
236237
236759
237253
237784
238309
238816
239376
239859
240376
240910
241461
242016
242510
243002
243563
244071
244591
245119
245667
246143
246670
247169
247657
248175
248676
249172
249710
250168
250617
251183
251669
252196
252694
253185
253684
254217
254634
255181
255711
256270
256778
257325
257863
258373
