1
29613570
29471047
29570643
29536378
29457702
29471040
29584046
29459153
29505900
29577715
29441535
29515938
29465125
29560040
29507034
29608614
29540843
29569325
29535647
29583737
29522665
29600497
29505821
29490834
29562697
29559647
29556890
29462595
29579237
29532301
29449371
29588400
29617178
29570597
29483868
29575036
29482103
29560099
29598904
29498413
29573106
29594949
29607463
29562326
29547914
29578238
29523590
29508410
29450225
29575548
29451009
29457200
29451372
29496147
29687245
29616182
29635860
29593163
29596642
29467780
29530567
29656512
29519950
29564227
29474080
29614744
29549601
29552882
29592726
29569458
29660174
29533213
29490613
29508674
29565595
29471219
29579686
29610061
29514534
29609117
29460240
29605230
29601216
29542592
29536319
29629264
29548391
29528197
29492334
29616585
29568432
29474898
29516349
29600060
29654727
29462612
29520390
29442496
29524198
29559565
29538738
29494278
29536295
29594058
29563740
29479341
29572537
29537946
29508918
29496263
29544589
29527578
29442196
29608528
29599032
29586500
29550035
29572121
29581906
29571557
29496973
29509643
29451338
29576640
29567436
29493342
29556459
29573574
29620868
29638068
29534275
29476471
29620417
29576772
29531314
29500701
29591569
29470411
29503243
29514417
29500399
29621120
29562112
29557753
29523940
29606691
29568906
29605686
29514201
29559103
29543121
29499588
29526048
29553180
29522570
29551358
29553071
29634594
29553128
29483196
29593665
29472917
29578099
29497602
29581847
29582059
29519356
29553838
29547656
29612018
29463629
29479557
29526968
29528715
29672873
29482140
29576732
29566831
29631729
29486620
29610112
29587658
29569510
29592164
29632433
29409806
29599861
29503746
29532298
29577271
29501594
29597319
29459829
29574649
29523647
29610117
29577492
29504030
29598710
29545709
29484889
29545570
29508344
29457953
29575898
29541214
29674991
29568136
29550957
29539012
29612496
29588322
29500664
29567096
29480945
29495857
29593933
29568110
29539643
29499894
29536738
29564199
29507469
29602168
29532572
29521253
29531319
29601845
29533700
29600947
29589034
29450043
29548197
29565169
29562567
29581519
29497553
29590077
29467924
29493779
29576971
29559554
29557228
29470908
29581621
29550632
29549275
29460698
29555222
29471182
29554710
29545422
29511713
29518228
29562816
29560343
29534761
29551581
29541714
29528189
29563261
29543160
29564530
29501806
29634135
29536008
29538574
29574495
29666412
29491622
29601356
29567032
29551314
29608276
29527136
29544570
29461046
29661591
29499819
29474984
29473073
29479296
29559647
29552785
29562274
29610323
29506735
29520973
29551589
29502440
29544383
29622470
29471037
29476812
29554171
29565655
29515514
29493477
29589962
29562966
29514120
29596459
29594684
29519571
29487351
29478295
29671906
29589732
29544266
29521230
29572972
29556167
29667877
29502229
29540625
29490130
29579305
29601476
29547414
29464264
29576612
29550187
29477904
29518885
29498014
29487013
29523634
29535581
29604929
29593381
29517345
29546293
29540101
29527219
29559212
29625113
29597417
29542377
29574950
29583823
29475347
29508152
29523367
29622408
29557144
29619427
29595740
29622518
29543918
29529224
29500688
29530225
29597361
29514300
29536404
29516632
29458271
29563707
29588699
29641826
29573281
29577453
29566154
29535684
29516350
29511358
29579788
29571875
29624226
29499262
29621938
29504786
29576091
29417998
29596601
29503137
29577985
29527924
29567625
29538779
29523923
29478410
29481027
29524518
29514762
29521167
29531505
29614475
29558640
29508350
29417649
29501964
29547835
29588683
29454361
29532952
29558955
29544706
29479565
29608405
29457733
29491586
29533167
29563663
29581226
29544367
29449594
29555036
29484365
29547611
29501099
29494375
29434838
29493371
29462088
29643266
29572159
29590287
29536415
29548670
29557045
29507110
29471436
29503232
29518952
29488372
29570808
29496703
29513343
29498949
29567514
29488391
29555886
29564091
29507719
29583330
29458896
29570189
29528812
29488883
29607854
29473281
29492140
29585026
29571466
29549562
29506412
29569774
29601293
29566576
29577683
29487990
29652681
29613976
29580899
29541506
29467176
29586463
29643455
29601664
29587117
29596006
29548389
29482246
29573523
29639048
29656097
29532485
29489757
29504562
29518293
29552773
29575392
29478012
29506110
29481718
29458240
29552244
29457795
29572705
29525728
29507017
29509980
29440890
29540864
29592230
29586252
29524658
29708519
29545012
29542948
29503770
29568212
29487700
29479573
29551879
29547472
29516063
29550006
29580868
