1
29561537
29534594
29560295
29484244
29599116
29491609
29552637
29513472
29569253
29558877
29591570
29624819
29496866
29549790
29527083
29503861
29579988
29490081
29527638
29487654
29499736
29571510
29466705
29582643
29485584
29482057
29495045
29490775
29514937
29526119
29586486
29646870
29530836
29622289
29514000
29530680
29472728
29521066
29670473
29565273
29536242
29614083
29555383
29600801
29426009
29619580
29519353
29517256
29440222
29566302
29510213
29557157
29550448
29464514
29478849
29611791
29535195
29547175
29585169
29468921
29551482
29526632
29539885
29604596
29514398
29635439
29482242
29493166
29609709
29563468
29519236
29588540
29599189
29525879
29555278
29468161
29576293
29533616
29577990
29496789
29577909
29495417
29586325
29640800
29559050
29578234
29552927
29510347
29619027
29525278
29543999
29571686
29591382
29541945
29417134
29542223
29512649
29603978
29517959
29545990
29551649
29528223
29499146
29527697
29496815
29416106
29532612
29490260
29523638
29487318
29557067
29569211
29609285
29476187
29620269
29476771
29506701
29688518
29589704
29537079
29485800
29507977
29546186
29572520
29601240
29487657
29511763
29582025
29557894
29605304
29520314
29530115
29540645
29664398
29543770
29581908
29604303
29597811
29518979
29596305
29580587
29595046
29434430
29663177
29511857
29539838
29569482
29598271
29555005
29480379
29582887
29448603
29631107
29465573
29500444
29526263
29568769
29536004
29555933
29637008
29681379
29553883
29594614
29623957
29501228
29546907
29606112
29544367
29471354
29537090
29558550
29559958
29496948
29550132
29517882
29644950
29626910
29434780
29524363
29615931
29553275
29588708
29584177
29562505
29497369
29515118
29556412
29621762
29537025
29556827
29576624
29496710
29552482
29482747
29587636
29599352
29542118
29489225
29540508
29451488
29479343
29522979
29599276
29581423
29606349
29603517
29568591
29534112
29479901
29552743
29526679
29597980
29454141
29537263
29447006
29579558
29591012
29584364
29642249
29504824
29604842
29493378
29612591
29570924
29415528
29581548
29531348
29617166
29472296
29472820
29502908
29531775
29516041
29496037
29556131
29501724
29521641
29418432
29541649
29586700
29599238
29574003
29575920
29518010
29516976
29547432
29631484
29518329
29523176
29555417
29596214
29569504
29549188
29607707
29500543
29548371
29599225
29532439
29524227
29577703
29522458
29551879
29559728
29532477
29450499
29550118
29474521
29682778
29583488
29542196
29546448
29627627
29512100
29522652
29543147
29499896
29417427
29533997
29524276
29452477
29576798
29541723
29525480
29385320
29550798
29545004
29503222
29539703
29498912
29600487
29545151
29502039
29602252
29565187
29553207
29550133
29484166
29591382
29540148
29557980
29512983
29575381
29629776
29458105
29486556
29525309
29620660
29597225
29488043
29597899
29524425
29569592
29509645
29562049
29537555
29530403
29557509
29632307
29503246
29590371
29523719
29526659
29444739
29559724
29545463
29588515
29499775
29572917
29564265
29549615
29538976
29558755
29478674
29556907
29599899
29520876
29593663
29556855
29557508
29523158
29583901
29513162
29471270
29572004
29531716
29617495
29589496
29488057
29529543
29428173
29573499
29579626
29528630
29519561
29620392
29546390
29539620
29579675
29584880
29466396
29428055
29514283
29546642
29526721
29533175
29460193
29630396
29432792
29546535
29682547
29473745
29523578
29588232
29450180
29533664
29517181
29544148
29592103
29528064
29583986
29553521
29582899
29518559
29589725
29567566
29479150
29496267
29599375
29499982
29539822
29619593
29570523
29609452
29476224
29576000
29557763
29527921
29553520
29541806
29578446
29499618
29583858
29492189
29536105
29562021
29561796
29515633
29566120
29641832
29490127
29571222
29572850
29563699
29535967
29616315
29503410
29558909
29609231
29624751
29547186
29587833
29484025
29472825
29558441
29689696
29534750
29624253
29626897
29632816
29520060
29584264
29584357
29491585
29512336
29597021
29509499
29551396
29512674
29545897
29461727
29584028
29663092
29485626
29620468
29541741
29513747
29548610
29476309
29539338
29515921
29455804
29621408
29469352
29600500
29604830
29496362
29564727
29467994
29574705
29515364
29558534
29575844
29573052
29565082
29448699
29549045
29651016
29522092
29481788
29521082
29509279
29645230
29458945
29571210
29553696
29486765
29467920
29601324
29515891
29555972
29589428
29532869
29542647
29518013
29562121
29556669
29430079
29568047
29481704
29498935
29525203
29582157
29568082
29630040
29556882
29505371
29475127
29577483
29487676
29511900
