0
98827
197797
296424
395357
494438
593068
691951
790746
889174
987984
1086641
1185047
1283201
1382063
1480820
1579586
1678310
1776966
1875662
1974281
2073068
2171934
2270764
2369605
2468476
2567263
2665991
2764428
2863055
2961792
3060751
3159462
3258170
3356701
3455126
3553768
3652434
3751312
3850037
3948661
4047322
4146061
4244997
4343919
4442774
4541654
4640476
4739710
4838340
4936980
5035930
5134765
5233568
5332297
5431165
5530065
5628686
5727483
5826216
5924864
6023569
6122176
6221229
6319995
6418554
6517304
6616024
6714809
6813564
6912514
7011380
7110085
7208770
7307548
7406379
7505294
7604255
7702965
7801582
7900270
7999122
8097903
8196766
8295378
8393964
8492675
8591430
8690115
8789072
8887983
8986371
9085086
9183586
9282475
9381112
9479721
9578253
9676789
9775564
9874316
9973113
10071611
10170398
10269075
10367870
10466595
10565067
10663842
10762553
10861307
10960149
11058666
11157490
11256236
11354989
11453774
11552403
11651114
11749841
11848639
11947365
12046101
12145031
12243709
12342507
12441274
12540283
12639103
12737800
12836270
12935009
13033703
13132239
13230826
13329560
13428456
13527484
13626347
13724891
13823753
13922442
14021038
14119906
14218951
14317798
14416580
14515373
14614050
14712855
14811452
14910067
15008486
15107456
15206168
15304837
15403703
15502281
15601164
15699892
15798399
15897131
15995907
16094747
16193315
16292266
16391158
16489964
16588946
16687713
16786058
16884915
16983818
17082483
17181104
17280007
17378458
17477159
17575805
17674508
17773189
17871716
17970311
18069411
18168324
18266810
18365448
18464304
18562995
18661897
18760637
18859205
18958150
19057244
19155696
19254464
19353159
19451724
19550362
19649097
19747585
19845841
19944586
20043354
20142064
20240967
20339813
20438505
20536993
20635851
20734408
20833317
20932023
21030908
21129532
21228338
21326940
21425818
21524715
21623490
21722280
21820975
21919565
22018158
22116943
22215589
22314321
22413047
22511841
22610464
22709212
22808052
22906780
23005491
23104391
23203349
23302234
23400879
23499788
23598551
23697335
23796028
23894653
23993265
24092043
24190744
24289318
24388146
24487039
24585592
24684146
24783128
24881831
24980374
25079024
25177539
25276148
25374917
25473768
25572469
25671138
25769704
25868632
25967136
26065851
26164866
26263642
26362537
26461312
26560085
26658778
26757527
26856117
26954744
27053630
27152370
27250876
27349796
27448496
27547134
27645866
27744435
27843413
27941968
28040816
28139291
28237984
28336829
28435697
28534556
28633205
28731837
28830724
28929531
29028204
29126898
29225551
29324383
29423416
29522254
29620676
29719473
29818216
29916919
30015762
30114498
30213322
30312098
30410897
30509444
30608137
30706836
30805402
30904233
31002999
31101996
31200673
31299454
31398104
31496860
31595314
31693996
31792667
31891395
31990399
32089136
32187965
32286613
32385386
32484301
32582875
32681578
32780470
32879324
32978078
33076952
33175611
33274253
33373101
33471702
33570387
33669227
33768033
33866748
33965511
34064229
34162936
34261530
34360276
34459132
34557722
34656455
34754829
34853750
34952622
35051413
35150236
35248880
35347316
35446204
35544865
35643276
35741880
35840728
35939413
36038217
36136804
36235599
36334331
36432958
36531630
36630699
36729550
36828335
36927074
37025879
37124629
37223348
37322095
37420838
37519842
37618689
37717375
37815867
37914577
38013337
38111806
38210569
38309137
38407547
38506257
38605019
38703472
38802385
38901297
38999882
39098368
39197459
39296057
39394912
39493782
39592682
39691541
39790053
39888932
39987478
40086267
40184994
40283775
40382272
40480950
40579529
40678327
40777045
40875859
40974929
41073720
41172521
41271177
41370235
41469096
41567777
41666456
41765185
41863969
41962820
42061662
42160215
42258916
42357502
42456155
42554728
42653238
42751856
42850698
42949296
43047902
43146627
43245455
43344386
43442950
43541831
43640553
43739054
43837937
43936607
44035538
44134078
44232963
44331746
44430533
44529248
44628174
44726702
44825409
44924244
45022852
45121710
45220658
45319244
45417908
45516482
45615365
45714134
45812977
45912024
46010681
46109159
46207916
46306795
46405509
46504017
46602802
46701254
46800110
46898888
46997645
47096602
47195208
47293635
47392333
47491125
47589697
47688222
47786916
47885592
47984490
48083044
48181557
48280588
48379259
48477884
48576727
48675413
48774241
48872904
48971708
49070319
49169029
49267706
49366296
