1
31693532
31644165
31841287
31799734
31672583
31720745
31722840
31702772
31795736
31749276
31618149
31777379
31707153
31679788
31743059
31632880
31620815
31722667
31747709
31643071
31834291
31649924
31687943
31847390
31745982
31772525
31693729
31742686
31659939
31723597
31711650
31725268
31748830
31518498
31622722
31712582
31738681
31637374
31722925
31660645
31755818
31738366
31804186
31742148
31665742
31599903
31745516
31616751
31648422
31607119
31675014
31658838
31669480
31612069
31725701
31717303
31674271
31741811
31656646
31692763
31793672
31738801
31704280
31629385
31684366
31626304
31762047
31687480
31684345
31637765
31766858
31655250
31750073
31741061
31691700
31722199
31670636
31685081
31656725
31754605
31635228
31705996
31730248
31661013
31633774
31564332
31622371
31702679
31675697
31706497
31763485
31686820
31613408
31691734
31663855
31743939
31590907
31581892
31708028
31667039
31702804
31690682
31650564
31724286
31722756
31668062
31743315
31736963
31639251
31730116
31772359
31711426
31650597
31787484
31650824
31706511
31787744
31686182
31733968
31666294
31760625
31597211
31821903
31751607
31638409
31578298
31663699
31715832
31651889
31757465
31689232
31696260
31674912
31774791
31783358
31679426
31785919
31657107
31669981
31732059
31645598
31656465
31596326
31710231
31647440
31688808
31632970
31702333
31647361
31709706
31715396
31656793
31770063
31716034
31697187
31670903
31656795
31700170
31649463
31739153
31649521
31636201
31804026
31620979
31731395
31705080
31730897
31742250
31780135
31669944
31705766
31639490
31552573
31744756
31709033
31699388
31842366
31700678
31674570
31697584
31645501
31713814
31848039
31764478
31566517
31664148
31659342
31752981
31668263
31653131
31674269
31657212
31626137
31849252
31714806
31688831
31638585
31754225
31664647
31649801
31824160
31678710
31739842
31716445
31695341
31819613
31649347
31718333
31846581
31698691
31633157
31754293
31682109
31693982
31547170
31675772
31663414
31675295
31705755
31660109
31791864
31694530
31627987
31756287
31622943
31800729
31732683
31655709
31691292
31697380
31701082
31754231
31712472
31723899
31779440
31613509
31674142
31700330
31629659
31708723
31636650
31784739
31677970
31702545
31712813
31667267
31699579
31663904
31719086
31770518
31746843
31719759
31725637
31688763
31711714
31747027
31621841
31642541
31653748
31715688
31676851
31655912
31707592
31766278
31704992
31679430
31646441
31639100
31650727
31728784
31655520
31646927
31699738
31568696
31638416
31673205
31571878
31683806
31639512
31632077
31712160
31757826
31580702
31783783
31652422
31742078
31724779
31668533
31634094
31779855
31641687
31774002
31652655
31674800
31745689
31728088
31674151
31681402
31774224
31646479
31637989
31721780
31681712
31685362
31770576
31708325
31725785
31697827
31569682
31695932
31715646
31640516
31721591
31553631
31596126
31794163
31634871
31622156
31752873
31661337
31682544
31645789
31594770
31715375
31732402
31755727
31636318
31646822
31737845
31760718
31716082
31658079
31635532
31605709
31743411
31808572
31700514
31647760
31712122
31601954
31668305
31749464
31727647
31667789
31660232
31704331
31745683
31698081
31591601
31776356
31708265
31569343
31831261
31697575
31609707
31766421
31647689
31630079
31703058
31639848
31707204
31691765
31670810
31582728
31793955
31723889
31694249
31565155
31617612
31721258
31685141
31676024
31726758
31651613
31675473
31641321
31631768
31713557
31739229
31689977
31545555
31731705
31823360
31740707
31668232
31683090
31719162
31755480
31717828
31772024
31745204
31685674
31677557
31842605
31635468
31720749
31738232
31724974
31745341
31688603
31676607
31773790
31778980
31667300
31739625
31700959
31686533
31675800
31618417
31637487
31756822
31685441
31634850
31748382
31744065
31557872
31722055
31622173
31628496
31764757
31798559
31640449
31720316
31580852
31675602
31754007
31728691
31642519
31727356
31713380
31805577
31711169
31688948
31717851
31612097
31648922
31709675
31688259
31712292
31692240
31743826
31706958
31612732
31632188
31671348
31742688
31683374
31632947
31702038
31784095
31765289
31773745
31662619
31759231
31687816
31694841
31739226
31716988
31622123
31838097
31699977
31638253
31744868
31728254
31734754
31586003
31676206
31682727
31788619
31710648
31767924
31650939
31700916
31614495
31674144
31704162
31754710
31606410
31696763
31617113
31789404
31598292
31744918
31684053
31653401
31812385
31740225
31678333
31676414
31823832
31652468
31719953
31681312
31679617
31665218
31744182
31701263
31828544
31685745
31728366
