1
27855721
27812333
27729713
27870827
27865668
27762950
27764368
27771385
27814373
27865727
27797057
27721992
27847117
27790286
27811722
27819298
27794840
27871041
27849261
27770707
27768960
27819889
27746330
27795927
27741650
27810781
27925672
27878451
27783953
27747204
27851812
27865823
27774004
27828247
27791155
27813094
27868960
27812573
27714462
27811164
27819065
27757661
27801673
27787421
27760933
27833558
27831188
27769743
27792900
27831578
27768929
27804871
27841004
27763086
27860121
27780538
27838577
27848203
27791467
27811468
27802774
27858635
27735442
27829392
27721755
27786178
27761747
27814422
27745029
27783139
27788428
27794878
27867892
27822390
27788769
27749240
27793082
27852060
27823142
27772273
27812281
27784574
27765969
27778531
27826208
27864216
27761560
27770470
27856160
27821171
27767140
27746214
27767767
27755947
27741470
27729146
27728211
27796699
27759779
27792198
27758928
27826715
27837067
27752729
27891098
27740488
27730103
27709356
27776909
27773584
27824454
27731903
27791588
27819214
27810730
27781244
27777646
27785505
27807038
27783545
27716539
27721609
27799753
27863246
27826148
27788254
27748671
27832849
27750493
27773438
27877633
27839249
27859458
27798967
27816267
27835768
27818343
27710138
27766695
27678752
27798069
27787600
27783320
27730530
27761058
27767769
27771220
27786664
27813554
27846013
27820609
27872235
27785668
27870941
27713345
27823801
27803267
27796016
27822375
27720602
27802149
27919788
27794616
27806847
27743842
27798375
27824571
27825275
27899007
27860011
27832539
27856031
27791359
27869440
27795744
27805631
27796773
27774432
27806257
27793522
27796634
27734219
27825724
27772761
27806760
27730476
27811834
27847657
27800826
27790635
27798409
27820859
27851288
27845565
27767928
27795094
27833633
27816091
27802706
27832480
27819831
27760719
27806681
27846481
27843635
27872917
27724513
27734143
27777063
27800602
27779999
27797469
27855192
27833014
27869324
27808451
27857570
27801913
27808363
27793245
27863828
27813868
27832037
27810471
27806003
27746438
27744609
27800285
27838048
27805357
27839708
27850498
27777946
27820032
27792311
27792149
27804536
27837788
27821155
27816513
27735304
27896983
27749430
27855020
27858636
27737795
27802439
27743103
27815754
27811865
27782566
27840223
27751172
27803016
27756009
27846394
27875560
27801096
27775808
27805302
27802994
27681503
27823831
27763704
27782783
27861648
27769849
27841448
27840910
27743267
27783686
27829206
27825576
27838531
27766940
27728693
27797521
27865406
27821295
27748792
27800521
27757931
27748214
27775505
27791156
27827669
27860424
27882358
27779283
27820902
27888912
27791325
27753356
27777146
27856208
27773546
27819857
27782023
27750970
27785284
27742087
27790180
27917262
27782905
27789030
27769319
27749294
27845919
27820418
27851169
27785757
27869273
27806077
27795279
27839232
27824872
27786479
27824186
27818777
27782884
27799076
27786920
27766221
27853522
27852501
27815004
27797801
27795824
27828708
27839088
27723759
27750098
27741633
27729452
27805829
27865594
27745488
27733013
27794232
27850015
27843976
27804669
27768346
27893357
27825431
27809650
27760570
27813081
27864297
27831370
27711986
27789068
27810544
27832397
27872825
27745397
27846128
27777456
27707926
27769737
27812365
27760207
27804404
27811103
27838345
27753825
27791493
27765954
27762901
27776734
27804642
27831476
27714042
27892511
27734723
27789132
27770699
27777873
27909882
27734241
27801312
27740875
27812979
27826800
27755490
27795380
27827618
27785281
27786307
27751488
27808539
27832716
27848263
27770578
27840369
27813553
27791087
27816310
27799775
27793117
27848168
27822400
27719440
27839712
27834027
27774288
27881754
27701105
27839762
27806295
27796164
27777282
27751810
27949090
27722282
27801414
27836372
27785311
27900811
27783861
27793783
27850639
27788996
27710179
27815887
27793892
27783197
27805343
27834731
27776745
27824490
27798829
27766387
27758878
27752929
27813172
27850933
27849918
27745754
27812259
27739044
27897740
27739455
27754763
27700460
27744554
27826544
27747574
27815785
27813125
27734181
27796436
27763751
27785982
27875060
27760810
27783862
27817561
27746210
27756697
27883039
27769732
27855039
27806542
27791811
27852755
27767496
27759242
27827686
27782081
27747380
27837952
27874693
27813174
27841570
27811672
27777244
27826960
27785471
27799391
27846745
27834784
27867355
27840674
27791247
27786789
27778364
27768774
27888242
27847524
27859351
27765850
27836701
27841182
27749561
27832637
27793012
27810047
27778521
27879265
