0
98471
197220
295909
394537
493488
592158
690819
789994
888864
987625
1086587
1185344
1284192
1383036
1481766
1580608
1679284
1777796
1876523
1975483
2074209
2172821
2271784
2370389
2469145
2567862
2666380
2764851
2863640
2962501
3061068
3159688
3258466
3357192
3455735
3554393
3653058
3751867
3850720
3949421
4048212
4146940
4245525
4344283
4442975
4541414
4640170
4738832
4837541
4936416
5035174
5133614
5232501
5331317
5430039
5528771
5627327
5726022
5824867
5923946
6022754
6121692
6220375
6319099
6417769
6516413
6615478
6714274
6813063
6911752
7010540
7109487
7208387
7307087
7405676
7504581
7603537
7702108
7800777
7899656
7998417
8096720
8195397
8294303
8393012
8491819
8590458
8688986
8787521
8885967
8984620
9083262
9181854
9280377
9378906
9477490
9576251
9675180
9773759
9872424
9971395
10069978
10168716
10267173
10365884
10464886
10563497
10662385
10760996
10859433
10958042
11056807
11155502
11254167
11352714
11451413
11550154
11648866
11747535
11846272
11944788
12043317
12142068
12241184
12340104
12438923
12537858
12636618
12735229
12833799
12932919
13031725
13130498
13229575
13328037
13427111
13525768
13624490
13723328
13822331
13921141
14019995
14118772
14217688
14316033
14414879
14513493
14612256
14711055
14809903
14908803
15007749
15106538
15205140
15303925
15402811
15501581
15600014
15698520
15797192
15896057
15994931
16093886
16192633
16291296
16390114
16489126
16587974
16686918
16785736
16884162
16982728
17081457
17180055
17278933
17377602
17476421
17575024
17673621
17772538
17871061
17970145
18068988
18167605
18266418
18365241
18464023
18562487
18660888
18759813
18858394
18957031
19055892
19154563
19253211
19351791
19450761
19549699
19648353
19747353
19846041
19944659
20043268
20141905
20240669
20339431
20438102
20536972
20635777
20734499
20833162
20931837
21030533
21129025
21227588
21326324
21425101
21523827
21622718
21721371
21820282
21918785
22017663
22116306
22215196
22314051
22412788
22511849
22610646
22709308
22808058
22906673
23005448
23104185
23203188
23302027
23400913
23499600
23598422
23697164
23795967
23894700
23993367
24092019
24190885
24289505
24388600
24487562
24586347
24685061
24783651
24882488
24981075
25079783
25178725
25277412
25376182
25474892
25573590
25672427
25771273
25870130
25968709
26067838
26166514
26265019
26363777
26462427
26561247
26659979
26758573
26857389
26956179
27054956
27153492
27251995
27350637
27449284
27547922
27646492
27745206
27843765
27942471
28041053
28139964
28238863
28337390
28436067
28535039
28633671
28732190
28830910
28929794
29028612
29127469
29226295
29325043
29423642
29522177
29620956
29719588
29818197
29916761
30015519
30114380
30213008
30311527
30410527
30509177
30607986
30706864
30806054
30904773
31003585
31102320
31201260
31300038
31398890
31497832
31596562
31695130
31794009
31892781
31991760
32090549
32189213
32287899
32386685
32485236
32584189
32683110
32781671
32879999
32978794
33077584
33176286
33275267
33374205
33473000
33571791
33670681
33769306
33868123
33966880
34065406
34163983
34262606
34361547
34460191
34558798
34657813
34756603
34855319
34954070
35052993
35151712
35250781
35349655
35448336
35547178
35645651
35744405
35843427
35941911
36040638
36139431
36238066
36336793
36435688
36534551
36633322
36732094
36830944
36929746
37028339
37126834
37225152
37324131
37422959
37521278
37619849
37718477
37817067
37915693
38014490
38113127
38211864
38310314
38408962
38507887
38606782
38705407
38804270
38902908
39001364
39100087
39198689
39297705
39396474
39495153
39593684
39692362
39791181
39889912
39988586
40087197
40186090
40284830
40383697
40482548
40581500
40680250
40779062
40877873
40976660
41075652
41174523
41273314
41372201
41471075
41570091
41668863
41767708
41866572
41965416
42064210
42162723
42261407
42360201
42459178
42557985
42656635
42755260
42853856
42952709
43051514
43150341
43249056
43347710
43446397
43544903
43643430
43742289
43840878
43939648
44038480
44137463
44236223
44335000
44433772
44532402
44631314
44729739
44828332
44927131
45025776
45124573
45223296
45321820
45420697
45519647
45618242
45716743
45815142
45913800
46012311
46110874
46209658
46308290
46406926
46505493
46603974
46702901
46801484
46900239
46999022
47097867
47196360
47294795
47393498
47492409
47591206
47690141
47788856
47887883
47986674
48085370
48184105
48282879
48381694
48480502
48579365
48678252
48776754
48875459
48974266
49072886
49171691
49270380
49369299
