1
27814498
27875775
27767770
27828846
27806725
27862484
27755157
27838634
27771341
27861894
27806869
27797001
27838715
27862603
27851856
27760232
27779005
27808632
27803398
27802515
27797499
27779024
27794515
27818882
27817203
27877357
27791669
27818764
27848464
27714950
27816893
27768910
27773877
27829175
27790159
27767896
27892139
27804046
27802102
27877984
27697629
27771152
27844602
27914657
27821252
27746538
27727271
27732374
27824183
27790587
27774577
27754976
27810530
27832759
27821659
27785546
27771981
27778226
27805653
27805205
27819688
27825450
27753299
27916336
27818333
27816303
27794936
27757268
27910416
27819152
27823803
27859802
27735700
27773618
27730081
27734747
27846347
27798875
27726151
27803379
27746506
27852784
27720991
27776085
27757212
27796071
27837373
27871533
27796274
27809030
27833493
27765440
27804805
27816118
27725738
27738055
27773285
27763180
27731105
27812126
27769214
27799826
27745380
27780639
27808429
27785882
27754752
27919575
27856182
27790086
27763954
27761443
27814785
27836397
27759806
27793241
27770258
27746462
27840482
27813864
27748618
27809719
27746957
27802256
27883153
27752349
27718223
27798519
27835744
27856075
27775354
27753787
27785757
27795892
27814685
27820684
27762829
27716832
27783978
27820768
27798128
27819586
27752205
27854393
27823995
27778342
27762063
27784834
27786816
27777590
27836061
27863064
27785247
27719703
27828613
27762290
27803618
27831314
27755770
27771277
27802708
27849562
27807237
27835768
27762103
27801216
27861178
27817770
27753817
27774614
27789048
27705280
27803413
27817406
27845686
27820529
27807856
27775447
27849335
27829308
27826316
27716432
27874716
27734960
27803964
27895473
27841896
27843757
27802525
27733133
27849170
27813817
27891568
27769485
27703189
27809975
27804600
27778660
27746147
27818326
27822542
27754928
27751054
27808716
27804707
27892830
27724558
27796046
27847107
27887122
27854765
27839200
27718275
27791468
27834726
27810137
27805582
27824137
27740639
27765913
27816710
27796470
27787253
27868378
27799283
27783089
27846183
27836261
27796608
27772350
27784068
27858926
27823494
27763495
27918400
27808806
27880542
27719870
27813814
27794148
27841321
27834736
27793631
27829865
27895790
27761791
27793581
27776560
27774588
27857735
27872925
27719177
27855530
27750158
27790357
27739738
27784891
27812562
27859018
27822823
27705690
27902267
27869086
27845207
27812252
27794206
27802363
27785582
27773459
27841160
27791178
27846636
27776967
27874320
27671455
27767976
27832698
27773669
27827038
27837488
27821768
27817919
27884564
27742355
27750906
27936815
27789793
27822782
27826864
27797313
27818326
27808439
27814196
27766381
27868917
27799114
27849218
27748916
27672105
27828235
27875509
27793328
27770846
27908320
27801348
27773061
27851077
27840421
27764133
27846341
27744621
27831892
27799908
27804630
27779491
27790041
27830127
27893940
27797758
27828292
27840103
27807242
27861652
27939862
27812993
27753602
27832162
27840204
27787735
27850282
27826448
27796741
27864815
27785642
27768851
27840570
27872840
27836840
27740118
27881702
27717820
27848605
27790798
27792312
27762349
27756188
27765310
27817177
27875591
27832464
27742774
27771881
27877864
27776022
27815176
27852849
27824968
27788333
27758536
27773599
27770015
27762698
27779437
27758893
27753843
27814053
27841931
27735971
27719105
27756930
27810147
27787865
27743856
27806905
27662574
27814235
27850977
27775490
27780001
27840567
27807388
27805516
27881543
27750709
27771724
27834545
27846957
27783341
27786396
27830209
27796152
27746128
27760392
27731159
27749195
27748750
27788131
27857598
27825603
27806194
27787108
27851674
27807852
27804686
27778559
27775604
27753637
27842905
27750567
27793702
27744908
27718698
27830248
27788711
27817690
27870720
27789982
27787672
27882199
27833324
27767480
27756179
27927059
27837922
27739930
27786727
27843431
27790933
27831602
27786982
27758086
27788631
27805955
27730710
27762201
27741787
27845274
27803875
27821878
27801601
27789392
27778469
27811037
27778544
27850159
27815880
27861922
27794083
27797081
27751209
27759939
27825726
27744393
27850687
27818486
27749258
27758818
27834653
27799659
27799121
27838923
27747311
27785405
27800099
27743157
27786679
27899800
27846607
27817968
27858871
27789493
27897261
27797004
27865983
27817809
27848029
27835494
27866623
27857144
27816299
27784551
27778856
27794938
27747493
27762695
27855256
27758637
27756399
27755942
27726009
27866866
27787172
27804430
27761612
27772092
27870476
27802430
27844458
27815651
27786925
