0
510
1054
1525
2102
2668
3201
3682
4220
4732
5298
5755
6299
6812
7344
7853
8467
9071
9645
10163
10680
11176
11704
12270
12828
13343
13874
14375
14919
15396
15898
16500
17005
17520
17981
18556
19073
19597
20132
20722
21246
21825
22312
22782
23338
23821
24364
24904
25409
25917
26361
26831
27330
27922
28361
28859
29361
29870
30405
30938
31515
32001
32499
33009
33524
34059
34627
35184
35758
36280
36798
37330
37806
38362
38961
39430
39978
40509
41024
41523
41978
42457
42964
43437
44015
44526
44971
45456
45958
46512
47084
47589
48107
48621
49100
49564
50089
50530
51056
51617
52106
52587
53102
53589
54185
54631
55154
55665
56146
56637
57149
57669
58165
58723
59226
59714
60189
60748
61190
61737
62217
62724
63209
63756
64287
64803
65386
65846
66319
66797
67287
67758
68304
68797
69334
69787
70312
70779
71223
71723
72202
72659
73180
73697
74263
74751
75262
75788
76291
76791
77283
77827
78367
78931
79475
79953
80400
80966
81473
81950
82411
82934
83528
84095
84655
85162
85662
86160
86720
87279
87783
88263
88761
89260
89778
90295
90829
91327
91902
92415
92932
93476
93979
94442
94953
95483
95970
96424
96994
97510
98089
98584
99063
99636
100123
100629
101162
101695
102202
102710
103264
103791
104279
104794
105375
105910
106434
106979
107467
107981
108514
109016
109572
110015
110535
111064
111655
112114
112636
113209
113717
114185
114687
115200
115768
116277
116826
117371
117923
118486
119011
119485
120029
120526
121100
121616
122123
122608
123080
123586
124084
124623
125108
125623
126160
126636
127126
127605
128136
128673
129191
129789
130262
130725
131261
131750
132258
132708
133237
133815
134314
134869
135371
135905
136499
137048
137547
138128
138622
139114
139680
140111
140545
141021
141566
142091
142616
143121
143637
144133
144614
145150
145652
146188
146739
147256
147760
148273
148809
149235
149762
150336
150862
151269
151800
152406
152930
153373
153871
154351
154870
155376
155883
156400
156878
157457
157999
158599
159105
159625
160107
160577
161068
161588
162174
162751
163264
163709
164198
164785
165299
165800
166346
166840
167343
167835
168316
168827
169376
169906
170389
170928
171423
171949
172395
172904
173419
173896
174398
174869
175361
175902
176448
176913
177471
178001
178542
179042
179567
180135
180661
181231
181664
182197
182715
183292
183800
184341
184862
185397
185924
186510
187037
187496
188066
188548
189136
189647
190151
190631
191087
191544
192026
192565
193128
193712
194208
194789
195317
195836
196350
196912
197482
197960
198514
199019
199530
200095
200628
201126
201607
202099
202619
203174
203694
204241
204772
205314
205852
206395
206935
207430
208031
208527
209044
209526
210021
210613
211099
211610
212111
212531
213070
213550
214069
214596
215191
215720
216146
216664
217213
217735
218298
218771
219257
219784
220312
220910
221451
221960
222453
222967
223487
224033
224568
225049
225531
226086
226590
227166
227679
228184
228764
229307
229814
230307
230825
231387
231971
232506
232996
233475
234064
234561
234998
235527
236028
236472
236958
237469
237910
238420
238902
239414
239897
240355
240880
241399
241875
242375
242821
243286
243777
244315
244808
245333
245842
246300
246793
247267
247800
248220
248723
249307
249842
250266
250790
251257
251752
252263
252832
253320
253831
254381
254840
255390
255896
256409
256886
257344
257898
