0
917
1872
2846
3913
4936
5840
6841
7839
8759
9651
10618
11679
12631
13649
14607
15554
16625
17641
18600
19561
20524
21526
22455
23371
24268
25159
26158
27051
28023
28962
30076
31058
31934
32876
33878
34909
35851
36931
37846
38841
39852
40805
41785
42693
43752
44582
45495
46556
47447
48406
49229
50225
51171
52107
53025
54014
54951
55864
56891
57930
58908
59920
60883
61848
62749
63798
64786
65834
66755
67669
68518
69517
70465
71413
72482
73396
74298
75217
76150
77122
78125
79101
79983
81011
81889
82905
83848
84817
85748
86582
87560
88555
89556
90537
91577
92438
93352
94299
95243
96178
97149
98192
99232
100212
101169
102229
103174
104223
105220
106285
107198
108197
109139
110140
111154
112132
113051
114063
115127
116068
117044
118106
118971
119799
120764
121721
122730
123772
124780
125855
126850
127836
128781
129747
130751
131614
132631
133562
134564
135569
136653
137545
138532
139478
140441
141400
142436
143482
144489
145444
146479
147389
148404
149364
150390
151346
152258
153214
154150
155132
156173
157226
158139
159037
159938
160999
161951
162946
163948
165077
165951
166923
168016
168944
170034
170999
171909
172932
173909
174934
175918
176943
177845
178822
179779
180766
181866
182807
183711
184752
185800
186768
187822
188769
189793
190810
191846
192766
193733
194803
195800
196855
197779
198683
199680
200704
201593
202623
203591
204506
205453
206425
207316
208296
209218
210250
211255
212176
213111
214050
215079
216066
217013
217878
218858
219872
220846
221794
222778
223697
224642
225519
226507
227403
228363
229372
230380
231273
232249
233206
234209
235261
236235
237193
238098
238975
239973
240918
241935
242872
243780
244646
245553
246581
247656
248720
249590
250481
251471
252515
253466
254399
255444
256343
257305
258302
259259
260208
261117
262139
263100
264031
265014
265985
266876
267786
268761
269763
270758
271719
272616
273471
274542
275502
276470
277442
278400
279425
280388
281395
282446
283445
284362
285359
286325
287316
288253
289272
290212
291300
292274
293278
294281
295271
296201
297261
298368
299370
300390
301427
302413
303321
304319
305365
306282
307307
308252
309273
310214
311193
312166
313156
314117
315128
316088
316975
317950
318971
320038
321007
322142
323083
324027
325011
325908
326806
327802
328778
329736
330625
331570
332493
333555
334488
335428
336434
337376
338330
339267
340350
341255
342245
343187
344320
345232
346173
347247
348275
349162
350143
351152
352088
353192
354284
355198
356297
357276
358240
359201
360106
361049
362032
362997
363950
364942
365801
366704
367628
368533
369551
370516
371546
372452
373454
374377
375342
376304
377204
378160
379088
380087
381057
381924
383054
383904
384816
385738
386668
387705
388526
389523
390403
391383
392420
393280
394191
395200
396104
397115
398055
399049
399944
400981
401944
403008
404055
405039
405975
406917
407833
408818
409828
410746
411755
412672
413655
414540
415411
416409
417392
418332
419295
420325
421277
422290
423235
424126
425013
425946
426993
427981
428945
430017
431105
432005
432864
433745
434756
435698
436583
437551
438574
439611
440627
441652
442568
443541
444571
445638
446520
447428
448282
449202
450112
451125
452086
453048
454062
455012
456030
457084
457955
458840
459728
460797
461730
462683
463732
464681
465706
466683
467620
468602
469586
470518
471590
472629
473698
474671
475749
476676
477747
478736
479838
480785
481834
482799
483841
484809
485859
