0
375
718
1067
1428
1805
2172
2443
2712
3010
3447
3871
4270
4623
4999
5384
5628
5939
6200
6583
6956
7217
7590
7932
8273
8580
8945
9348
9677
10028
10277
10606
10931
11274
11675
12067
12347
12607
12901
13244
13490
13851
14229
14596
14831
15044
15313
15655
16013
16247
16584
16875
17159
17493
17869
18228
18547
18836
19246
19572
19856
20230
20594
20930
21174
21466
21762
22127
22532
22818
23180
23529
23933
24187
24515
24750
25079
25416
25712
26096
26372
26629
26854
27178
27516
27789
28079
28423
28684
29026
29247
29612
29884
30154
30498
30885
31134
31391
31725
32068
32305
32639
32917
33213
33467
33792
34074
34371
34720
35021
35284
35491
35872
36234
36537
36870
37133
37532
37846
38212
38630
38988
39349
39651
39851
40204
40629
40950
41306
41653
41869
42171
42422
42718
43098
43333
43621
43900
44191
44534
44809
45060
45332
45646
45933
46235
46538
46914
47350
47654
47881
48089
48466
48776
49017
49298
49641
49994
50418
50780
51066
51354
51746
52084
52429
52705
52999
53284
53541
53905
54141
54526
54782
55139
55388
55807
56083
56311
56563
56882
57239
57543
57901
58226
58609
58915
59180
59544
59850
60168
60505
60894
61284
61651
62042
62444
62811
63141
63561
63912
64322
64669
64998
65403
65714
66049
66317
66650
67020
67326
67600
67990
68310
68637
69061
69341
69682
70030
70289
70603
70889
71316
71625
72038
72306
72635
72965
73368
73693
74059
74341
74695
74981
75185
75550
75869
76218
76463
76715
77118
77428
77757
78019
78333
78634
78965
79419
79693
80074
80443
80771
81037
81347
81707
82048
82361
82672
82926
83284
83678
84049
84344
84696
85036
85293
85595
85850
86184
86488
86829
87087
87281
87677
87938
88266
88556
88930
89220
89534
89947
90217
90503
90873
91231
91573
91801
92169
92443
92709
93070
93399
93672
93907
94186
94476
94739
95020
95337
95678
95949
96292
96690
97067
97367
97669
97989
98230
98534
98935
99365
99711
99949
100158
100464
100828
101184
101536
101893
102118
102426
102756
103050
103359
103714
103957
104277
104510
104881
105132
105349
105695
105935
106291
106642
106920
107273
107652
107950
108166
108406
108752
109108
109404
109777
110137
110470
110880
111235
111525
111850
112213
112562
112914
113180
113539
113869
114221
114530
114757
115164
115509
115879
116150
116521
116742
116955
117179
117439
117836
118233
118595
118959
119340
119684
119931
120248
120625
120933
121303
121580
121948
122270
122684
122988
123355
123606
123898
124220
124533
124846
125192
125539
125867
126136
126475
126782
127180
127550
127771
128060
128338
128637
129050
129291
129620
129884
130156
130522
130844
131162
131511
131962
132261
132512
132832
133201
133574
133952
134231
134567
134850
135278
135612
135923
136149
136418
136742
137049
137478
137767
138027
138278
138668
138993
139385
139681
140047
140379
140788
141081
141454
141792
142152
142573
142875
143126
143450
143798
144106
144411
144710
145041
145296
145567
145863
146188
146514
146837
147087
147367
147621
147935
148257
148523
148851
149099
149424
149729
150051
150322
150738
151079
151348
151618
151890
152188
152509
152906
153258
153540
153865
154200
154506
154770
155061
155425
155730
155961
156325
156589
156910
157187
157419
157665
157905
158215
158617
158969
159301
159542
159788
