1
27756603
27737460
27730082
27761236
27707950
27768793
27689821
27799716
27834816
27758666
27865539
27723520
27677018
27763818
27635285
27870481
27682658
27630285
27831766
27648808
27727460
27626890
27692828
27696031
27828073
27794615
27664107
27823750
27811891
27782974
27818852
27743357
27746630
27809451
27750651
27688752
27788453
27761841
27727848
27656589
27862284
27702649
27826043
27764233
27648014
27753229
27666995
27703070
27829591
27782457
27649815
27755068
27718017
27805431
27707357
27732996
27754056
27722255
27684688
27784998
27819439
27787299
27751850
27702002
27685845
27715303
27723404
27775132
27664432
27748016
27863495
27842476
27764208
27665090
27770595
27733369
27726032
27704019
27764464
27759938
27608782
27686828
27685835
27683345
27738143
27669261
27653684
27733290
27822386
27757516
27780233
27653379
27772990
27764384
27784205
27644428
27793151
27750793
27794064
27606922
27807028
27741266
27757027
27809344
27723980
27735682
27747306
27683385
27805047
27777501
27557829
27831586
27737532
27708924
27808888
27723446
27657755
27725468
27735679
27685325
27713387
27613843
27761697
27672804
27686105
27758317
27680281
27738382
27706945
27625426
27658131
27715936
27798033
27794977
27705065
27765056
27767223
27724980
27727841
27697999
27652181
27675381
27756963
27724115
27712768
27660457
27784062
27741173
27691144
27761940
27800990
27653797
27828602
27770305
27723993
27743983
27835951
27751628
27721425
27717935
27684942
27567920
27775589
27732713
27764976
27775409
27609264
27659901
27741513
27868277
27659406
27753305
27822561
27756265
27703192
27710603
27815433
27636992
27733022
27785139
27650218
27757406
27655966
27750610
27716488
27734493
27721123
27649958
27716928
27799956
27774902
27799304
27744353
27769130
27731315
27836457
27829817
27654843
27741233
27680924
27850865
27641008
27808742
27834836
27807819
27630786
27822890
27665776
27783761
27810093
27707907
27825555
27708953
27785179
27675408
27750822
27678523
27739135
27667597
27768233
27657326
27707597
27647975
27720170
27774450
27764125
27752567
27749681
27725916
27778012
27679438
27769028
27719693
27675666
27709815
27679309
27835627
27765543
27699746
27758980
27715353
27728589
27782968
27781345
27752943
27717978
27692612
27737015
27761141
27647230
27701914
27677307
27743689
27717954
27773519
27766093
27879544
27807783
27756400
27779797
27717110
27740100
27830922
27634053
27727775
27635098
27782028
27809170
27698563
27726615
27676360
27807592
27596138
27791398
27782111
27729167
27793897
27756280
27746837
27690345
27653434
27663615
27778401
27759389
27813915
27690430
27700751
27736936
27742716
27699572
27714290
27663013
27818057
27798778
27753067
27678781
27884214
27757224
27751974
27879331
27683408
27728101
27707675
27776993
27774722
27781362
27804757
27714515
27806541
27693331
27790123
27708169
27688660
27766812
27732411
27736304
27821721
27675720
27790799
27767290
27779571
27725644
27665202
27788803
27753206
27729549
27686073
27674639
27702358
27758786
27736198
27707777
27726633
27599374
27762918
27782066
27668297
27725855
27752233
27775692
27797625
27745309
27713057
27656957
27723017
27775420
27778760
27750152
27704162
27725702
27707025
27730876
27768535
27775223
27762596
27785243
27795365
27712743
27842384
27702570
27611244
27818433
27732495
27623530
27782879
27724971
27819675
27721824
27716123
27853772
27754791
27771453
27744758
27744899
27710142
27644956
27809892
27628725
27625392
27709155
27782831
27689730
27699817
27781339
27760639
27766882
27791983
27748151
27639103
27634895
27755967
27743998
27708769
27691498
27689267
27769482
27727390
27765584
27716625
27703832
27691703
27759165
27687754
27729297
27724603
27756512
27759210
27706026
27780720
27763786
27687846
27762728
27749759
27744429
27834916
27727100
27795229
27763751
27732184
27712344
27775979
27804547
27741924
27772838
27685810
27661197
27778128
27741256
27746935
27610591
27630164
27721576
27792437
27675855
27776627
27670016
27680446
27786229
27688115
27750585
27676458
27697627
27758621
27726130
27825737
27664627
27668525
27759749
27751469
27733732
27765821
27709871
27632818
27810753
27754824
27851941
27672712
27726452
27832368
27690007
27734971
27821686
27801476
27742499
27755222
27790037
27808256
27782810
27695052
27654146
27730739
27766040
27667001
27753786
27747570
27727325
27783832
27793557
27775469
27719018
27787835
27708146
27699495
27708198
27769893
27687001
27618298
27751875
27783966
27704153
27678932
27696411
27744478
27825841
27741211
27738418
27715569
27732509
27615478
27761251
