0
337
681
896
1213
1533
1880
2240
2561
2834
3057
3464
3750
4095
4382
4756
5040
5357
5740
6092
6344
6624
6948
7314
7745
8063
8362
8734
9155
9414
9647
9916
10270
10615
10912
11225
11514
11829
12120
12401
12780
13042
13473
13848
14227
14570
14871
15169
15543
15822
16154
16464
16807
17094
17391
17748
18083
18361
18671
19096
19350
19726
20139
20452
20787
21124
21396
21838
22160
22610
22910
23316
23692
24070
24355
24663
24938
25202
25529
25836
26096
26369
26751
27066
27370
27789
28216
28424
28720
29057
29279
29668
29962
30257
30575
30937
31327
31634
31880
32211
32490
32787
33049
33370
33653
34048
34347
34657
34946
35317
35621
35878
36185
36632
36926
37164
37547
37840
38190
38476
38740
39004
39307
39617
39877
40115
40475
40824
41164
41506
41827
42135
42429
42729
43028
43287
43612
43960
44243
44568
44852
45112
45417
45629
45823
46115
46378
46647
46969
47362
47713
47935
48251
48642
48997
49265
49534
49921
50172
50519
50855
51149
51477
51799
52001
52272
52629
52931
53320
53701
54010
54238
54607
54901
55153
55500
55855
56101
56433
56718
57056
57308
57555
57869
58155
58460
58811
59142
59523
59911
60265
60460
60810
61169
61436
61836
62155
62470
62723
63110
63400
63680
64040
64423
64758
65076
65465
65803
66063
66351
66594
66961
67308
67645
67963
68386
68685
68951
69261
69602
69995
70288
70654
70988
71318
71649
71926
72233
72618
72939
73341
73579
73986
74301
74686
75025
75416
75701
76079
76407
76711
77116
77391
77746
78113
78413
78787
79128
79504
79870
80188
80447
80841
81126
81373
81656
81978
82466
82812
83237
83598
83980
84329
84661
84943
85262
85530
85904
86286
86560
86840
87150
87429
87750
88131
88427
88710
89161
89495
89864
90235
90571
90802
91118
91427
91752
92008
92301
92610
92925
93262
93540
93806
94127
94426
94834
95090
95470
95854
96114
96448
96805
97093
97427
97780
98017
98302
98578
98842
99108
99520
99952
100260
100533
100810
101181
101540
101785
102107
102518
102792
103136
103460
103774
104034
104302
104581
104866
105064
105408
105714
106037
106226
106553
106770
107076
107369
107655
107953
108235
108606
108972
109348
109718
110001
110336
110634
110963
111238
111562
111919
112258
112486
112806
113099
113456
113821
114180
114460
114700
115113
115406
115674
116090
116391
116601
116907
117216
117530
117781
118087
118339
118622
118939
119317
119649
119987
120383
120695
120957
121239
121584
121887
122288
122645
122943
123279
123642
123967
124312
124676
125117
125428
125795
126180
126461
126709
127057
127362
127671
128046
128414
128690
129070
129367
129618
129886
130186
130619
130953
131312
131632
131957
132289
132648
132871
133305
133619
133991
134290
134707
135067
135405
135789
136101
136389
136723
137085
137401
137801
138062
138445
138868
139210
139566
139897
140191
140548
140954
141149
141533
141836
142124
142384
142796
143121
143462
143859
144135
144382
144740
145056
145350
145659
145983
146256
146593
146893
147269
147616
147907
148242
148563
148920
149243
149644
149932
150221
150575
150856
151158
151472
151785
152141
152452
152799
153128
153448
153705
153964
154271
154589
154954
155304
155600
155879
156250
156572
156853
157184
157448
157781
158113
158306
158589
158939
159249
159478
159902
160270
160553
