0
765
1631
2491
3328
4169
4986
5894
6759
7621
8504
9396
10179
11022
11836
12677
13496
14311
15165
16002
16760
17658
18495
19289
20156
21008
21781
22646
23489
24252
25071
25891
26709
27511
28350
29149
30020
30813
31587
32420
33179
33900
34754
35623
36446
37230
38032
38892
39678
40474
41327
42107
42900
43690
44452
45263
46075
46929
47793
48723
49539
50436
51153
52006
52819
53589
54407
55214
56077
56902
57673
58459
59310
60145
60905
61760
62547
63371
64213
65071
65887
66673
67490
68171
69065
69902
70706
71509
72364
73185
74084
74867
75722
76533
77310
78087
78842
79706
80537
81406
82260
