1
42057653
42084172
42245867
42119857
42168224
42263636
42130231
42095412
42052594
42208170
41935972
42250785
42079073
41870553
42265945
42285143
42270273
42236871
42112587
42200032
42076810
42140496
42151416
42143333
42071608
42134062
42388411
42051431
42225145
42141778
42201790
42098075
42217672
42039816
42269558
42427550
42094735
42189146
42227255
42139075
42089171
42082995
42132290
42104994
42103096
42122537
42179217
41938085
42152849
41999976
42119928
42088978
42418783
42207430
42145384
42246115
42068466
42007978
42046078
42072466
42078559
42014915
42217273
42234151
42354347
42121395
42238668
42067113
42058086
41961104
42159976
42122897
42210216
41929726
42140081
42061807
42045281
42059940
42046223
42137395
42164586
42196522
42307787
41997566
42227408
42022620
42343345
42239441
42052456
42134931
42124587
41969119
42365675
42039617
41966126
42245623
42147901
42102626
41887988
42110106
42292126
42256449
41958943
42126878
42120246
42144738
41988930
42251920
42129821
42116264
42058460
41990864
42076497
42428851
42015424
42051770
42085096
42201338
42224092
42231882
41870969
42021799
42248552
42071985
42238528
42130773
42178086
42137596
42167060
42249560
42153904
42285196
42131976
42002866
42056606
42196284
42127066
42053792
42157396
42094876
42145025
42205456
42034076
42126326
42279128
42087515
42309514
42212894
42180087
42190938
42049701
42183657
42238523
42244928
42078301
42234261
42034255
42038010
42174181
41989748
42192800
42034631
41990586
42315406
42220472
42065898
42156749
42072715
42139642
42020182
42105694
42154378
42251433
42074954
42112103
42059415
42201981
42087768
42280308
42097939
42095924
42214668
42281753
42116454
42135546
41920788
42102683
42007594
42006836
42007071
41949229
42086302
42242122
42118234
42111697
42320963
42108854
42177561
42017576
42242954
42021925
42113327
42045538
42165164
42105178
42160593
42122642
41983238
42082005
42305902
42045097
42176795
42178056
42257212
42188365
42193605
42269187
42024014
41876101
42199977
42190741
42089211
42101640
42095367
41951717
41972651
42196797
42151743
42194569
42098165
42240954
42021621
42316312
42184403
42104654
42075330
42170399
42040494
41986976
42121024
42214955
42168481
42124964
42128896
42151478
42065106
42176960
42214274
41848070
42357121
42134409
42283321
42117571
41898612
42062764
41977172
42190368
42135809
42078217
42113754
42224903
41952373
42291890
42035793
42331648
42127526
42136155
42005978
42222970
42284558
42159719
41941070
42119129
42206176
42002258
42096381
42200807
42147368
42022608
42065302
42082629
42208574
42152630
42181915
42069142
41947248
42130983
42171577
42045226
42312469
42137264
41975615
42104862
42329801
42039191
41907567
42159983
41984447
42056146
42101917
42262414
42140643
42073644
42318225
42108197
42055833
42071962
42128139
41988009
42152628
42173858
42122985
42139197
42292812
42056473
41991422
42107426
42018009
42120742
42346814
42223292
42204748
42248662
42187502
41950842
42297258
42214751
42164646
42142530
42147248
42160044
42048564
42204286
42114979
42410769
42300295
42245581
41962934
42233341
42212743
42200723
42113338
42031134
42199419
42101068
42286490
42240796
42263935
42160765
42117133
42056251
42184946
42145756
42244418
42073692
42205732
42100984
42236538
42123149
41934994
42047741
42170550
42029557
42322091
41917019
42110326
42164343
42166525
42233046
42285575
42303670
42049850
42419960
42169890
42209612
42146186
42155185
42186790
42413561
42068869
42132344
42020971
42282095
42057923
42187418
41965222
41956061
42271385
42007970
41978960
42208043
42106375
42420189
42153123
41990348
42183406
42004988
41869317
42176860
42161950
42224870
42033380
42141135
42132138
42230610
42223111
42263665
42119459
42064476
42070432
42130236
42300618
41935025
42196182
42050529
42147488
42008683
42207423
42084068
42283813
42007350
42208561
42342626
42206333
42108883
42143106
42024492
42054396
42195138
42063307
42121551
42063434
42033599
42005997
42263008
41964340
42121129
42075908
41966026
42109793
41957830
42047571
42101735
42063763
42122797
42168176
42072221
42084705
42222343
41956424
42165694
42228699
42082602
42218600
42106167
42069163
42276148
42027155
41930543
42481029
42052891
42248457
42278487
42104158
42072550
42270385
42051462
42039084
42339343
42026339
42342701
42264081
42080228
42270796
42103269
41980206
42318965
42097410
42035024
42218001
42361482
42070391
42203084
41972980
41880699
42041276
41969956
42099273
42007903
42195003
41965268
42109263
41983995
42092207
42146983
42311621
42031543
42196102
42344352
42069900
