0
131
270
387
571
773
829
895
929
1062
1261
1323
1505
1566
1617
1662
1680
1818
1961
2002
2098
2139
2167
2342
2392
2424
2479
2532
2658
2780
2877
3035
3275
3295
3308
3353
3446
3545
3579
3685
3779
3867
4059
4182
4198
4312
4409
4616
4691
4720
4812
4904
4927
5034
5069
5162
5214
5308
5361
5527
5592
5635
5670
5763
5923
6011
6193
6365
6462
6517
6590
6741
6852
6871
7054
7187
7387
7494
7698
7845
8066
8181
8391
8504
8639
8704
8821
8980
9102
9217
9347
9399
9542
9623
9829
9876
9974
10116
10225
10317
10372
10470
10572
10671
10742
10929
11024
11232
11335
11447
11547
11747
11834
11980
12035
12175
12215
12319
12412
12540
12576
12639
12688
12879
12962
13030
13073
13130
13259
13469
13635
13704
13850
14009
14068
14104
14198
14371
14436
14624
14645
14682
14815
14936
15066
15198
15302
15394
15433
15499
15569
15660
15727
15831
15860
15896
16057
16157
16188
16287
16460
16568
16699
16865
16945
17063
17157
17233
17316
17364
17559
17595
17708
17840
17891
17949
17978
17979
18093
18166
18226
18368
18439
18475
18659
18813
18898
18987
19055
19159
19270
19422
19594
19761
19868
19886
19886
20031
20140
20242
20398
20514
20563
20624
20671
20769
20885
21021
21050
21108
21114
21300
21350
21390
21512
21548
21692
21862
21953
22047
22183
22206
22219
22275
22373
22512
22578
22789
23000
23115
23321
23499
23526
23701
23842
23989
24074
24211
24295
24400
24478
24610
24655
24746
24926
25041
25168
25326
25381
25381
25430
25546
25736
25895
25999
26303
26388
26480
26544
26664
26829
26843
27002
27096
27250
27357
27529
27616
27762
27794
27903
27966
28085
28183
28344
28460
28531
28584
28766
28811
28958
29049
29074
29173
29281
29385
29515
29649
29703
29779
29874
30006
30110
30293
30422
30616
30668
30764
30961
31038
31276
31425
31451
31586
31691
31865
31947
32081
32120
32146
32221
32346
32573
32607
32664
32752
32948
33040
33160
33229
33363
33464
33662
33746
33862
34045
34176
34299
34304
34389
34477
34586
34652
34788
34836
34923
34975
35067
35142
35229
35278
35386
35404
35484
35523
35618
35658
35728
35821
35875
35989
36079
36187
36328
36497
36578
36601
36651
36766
36820
36963
37194
37280
37385
37443
37483
37610
37757
37849
37950
37967
37990
38165
38215
38354
38415
38419
38526
38547
38648
38840
39037
39111
39176
39207
39292
39424
39470
39620
39756
39819
39966
40104
40154
40246
40387
40456
40512
40595
40652
40721
40782
40898
40956
41101
41184
41230
41230
41418
41444
41526
41627
41760
41846
41952
42043
42231
42328
42406
42550
42674
42835
42930
43034
43148
43335
43426
43524
43620
43722
43872
44065
44309
44429
44553
44745
44829
44856
44965
45119
45210
45362
45383
45579
45645
45718
45869
45991
46121
46200
46282
46336
46411
46567
46757
46885
47081
47148
47184
47291
47378
47475
47654
47751
47837
47859
47945
48017
48189
48284
48325
48433
48504
48587
48608
48780
48861
48993
49124
49303
49355
49429
49601
49698
49726
49779
49898
49971
50223
50346
50398
50589
50688
50868
50969
51016
51083
51156
51269
51353
51508
