1
29550154
29554524
29637878
29449589
29481305
29534594
29606536
29573036
29525854
29412662
29610021
29506246
29567826
29491780
29549795
29527101
29618639
29537243
29651597
29570849
29543439
29638842
29585971
29454518
29528895
29439566
29496122
29456219
29558695
29584085
29507424
29544316
29539980
29568155
29591925
29511190
29536677
29554710
29541732
29603220
29669814
29602564
29535555
29511425
29509660
29481288
29489738
29508960
29531728
29601777
29566427
29531329
29482516
29609947
29536743
29533830
29614564
29613917
29639122
29544149
29528684
29523138
29559610
29598417
29629156
29478525
29536876
29494349
29560336
29539818
29556933
29534420
29565138
29538037
29542167
29546872
29605770
29518339
29480122
29563617
29511342
29583402
29514963
29617404
29593615
29574498
29551430
29560749
29511002
29530201
29541716
29542751
29619355
29555970
29490257
29606200
29526802
29522643
29600051
29509141
29601325
29476973
29598484
29533730
29475114
29533994
29618220
29604740
29588893
29533865
29598462
29510325
29530045
29494667
29591794
29557035
29560488
29559361
29498074
29646843
29508331
29526787
29562612
29530818
29547660
29613992
29692168
29570313
29579626
29539193
29551110
29440650
29513534
29532306
29554264
29538545
29598875
29594496
29494390
29568501
29465635
29498773
29507607
29586009
29519049
29489669
29472445
29594337
29631534
29560013
29503801
29570887
29466759
29562492
29466633
29619543
29502645
29593185
29486302
29500437
29559741
29538581
29530418
29529375
29510778
29534117
29528997
29555905
29559699
29517538
29418175
29554501
29540325
29566504
29532185
29548257
29607785
29547654
29493870
29482917
29429034
29681791
29600474
29560975
29527018
29498857
29532665
29615470
29506383
29527244
29713213
29599634
29564332
29519720
29602924
29572374
29569972
29610775
29481874
29524441
29537106
29544180
29541522
29536869
29448259
29599066
29670983
29483965
29586049
29589587
29548962
29596818
29465906
29602217
29514950
29547692
29564325
29532735
29545889
29663611
29536699
29512294
29547309
29610339
29526140
29562956
29575217
29553605
29519987
29483061
29548907
29538579
29439156
29505456
29510305
29510718
29603771
29570790
29562476
29540066
29557906
29561674
29509169
29611942
29643830
29530428
29494119
29435592
29478570
29513619
29510086
29468129
29514426
29554193
29548337
29548089
29529630
29544928
29554061
29572947
29537716
29596186
29595167
29581716
29617403
29498371
29573935
29678392
29677158
29612733
29546408
29642717
29565655
29549496
29432553
29559626
29423887
29537623
29535189
29555651
29547134
29492269
29420508
29577134
29584765
29629733
29594026
29558226
29512697
29589485
29500488
29621421
29512166
29469804
29600713
29615028
29560543
29562878
29549813
29516467
29570614
29580674
29541597
29462656
29593181
29538541
29495221
29639114
29437398
29592014
29525626
29544422
29646255
29604072
29544874
29551141
29535066
29477058
29572488
29566852
29476248
29477284
29528464
29522625
29599294
29446148
29606055
29523194
29569805
29569736
29576670
29580332
29694689
29550300
29553804
29606433
29527781
29617355
29498561
29553682
29506605
29565399
29587138
29560990
29572499
29545958
29582750
29588238
29587507
29555766
29496458
29534491
29626409
29615508
29587829
29555416
29573527
29529537
29587344
29569269
29578938
29565026
29583557
29569334
29544133
29584211
29566955
29496572
29562058
29602310
29589734
29651504
29514222
29454263
29450530
29639455
29415101
29541959
29582751
29498504
29576924
29581727
29454902
29610510
29505324
29597723
29371332
29475200
29560765
29465518
29512233
29480510
29540609
29592068
29599116
29506282
29561861
29504536
29619771
29472221
29433697
29620875
29602807
29434866
29569202
29491278
29564164
29531591
29504586
29505373
29482593
29568838
29515352
29496208
29478283
29570536
29513450
29640596
29531188
29472175
29565288
29575799
29497351
29614840
29617406
29554507
29476511
29533844
29551117
29579531
29550127
29481450
29556400
29659438
29525416
29604998
29539804
29572545
29602394
29558123
29493562
29471118
29572191
29575683
29630135
29564853
29530187
29576288
29576265
29496566
29601499
29456140
29557211
29467442
29547520
29578515
29543087
29520461
29522535
29532523
29472925
29600358
29629394
29594952
29636756
29526747
29571274
29608843
29545271
29570543
29536762
29542980
29543507
29547918
29493667
29592925
29556687
29568746
29490593
29480607
29621575
29455313
29556969
29489909
29598650
29512452
29590851
29560753
29534912
29467332
29448343
29475757
29552474
29621381
29492118
29430480
29583762
29534306
29444328
29525791
