1
25622274
25590786
25636434
25639284
25651266
25597963
25543895
25605857
25574165
25641314
25572872
25525241
25610423
25601872
25537015
25632659
25611352
25644728
25664465
25673392
25643466
25637083
25669331
25594042
25582947
25633090
25620780
25584299
25662808
25580032
25628424
25579412
25609974
25607897
25623493
25638548
25628630
25620565
25606019
25588110
25561486
25605526
25684009
25661684
25627447
25582058
25646282
25602377
25579737
25625001
25590410
25577713
25620922
25595869
25593264
25558637
25645985
25645386
25591686
25566021
25716513
25648681
25579653
25601642
25534667
25530387
25615914
25636290
25550231
25550889
25590846
25586673
25582316
25595531
25595387
25668917
25600744
25655879
25569317
25594950
25647010
25598909
25591427
25616113
25658328
25649297
25717108
25560880
25646828
25617872
25548795
25565517
25678289
25548637
25581129
25640524
25565085
25532097
25607261
25576494
25550126
25611057
25606876
25648694
25595849
25700821
25543985
25586200
25514716
25623005
25606996
25603314
25614130
25583695
25667248
25598546
25566494
25643707
25636862
25534679
25576484
25571971
25598708
25602158
25621204
25674816
25622467
25579122
25657079
25593752
25629356
25660638
25651574
25589902
25514548
25610097
25629666
25587253
25642025
25553751
25593174
25655286
25589967
25600246
25597462
25726953
25560108
25583786
25639806
25587818
25686777
25552528
25622734
25633377
25593970
25574375
25652964
25565667
25587775
25598109
25604759
25611154
25694506
25582175
25598281
25497682
25614126
25676123
25571702
25643327
25573537
25674627
25547770
25706292
25580435
25625145
25561122
25585458
25588287
25584782
25597263
25663678
25554555
25573956
25535549
25594428
25531770
25667134
25621925
25581943
25552666
25606941
25670565
25678820
25670124
25617516
25616327
25639173
25598827
25577897
25623137
25568713
25632940
25574834
25573533
25614536
25604065
25667919
25653082
25576500
25576598
25665674
25626838
25666875
25680262
25650438
25587028
25637104
25638040
25589135
25687765
25660478
25666377
25579086
25624002
25625258
25583391
25632378
25606029
25608862
25630578
25577338
25637823
25631517
25550610
25582745
25645267
25645140
25548696
25633185
25621042
25573214
25668450
25565303
25590984
25620380
25564261
25531807
25598166
25622393
25550254
25627889
25602408
25637443
25601774
25654911
25659647
25604391
25550752
25604984
25634562
25556549
25579880
25649836
25576519
25587229
25577343
25571531
25624113
25648082
25608152
25626134
25614174
25621074
25592125
25619894
25624711
25612938
25610999
25659264
25507858
25653322
25636374
25563736
25669789
25660656
25625401
25602356
25597395
25679769
25659773
25616779
25612848
25592816
25641112
25640526
25649361
25631455
25559677
25634108
25621040
25602649
25652347
25585969
25598118
25651991
25602671
25612840
25603120
25654862
25612604
25642357
25623861
25603423
25626516
25603740
25586409
25552784
25624685
25610485
25597726
25627447
25610937
25679014
25638622
25625301
25683157
25651024
25627774
25600537
25668464
25555017
25555620
25528204
25556112
25622117
25635377
25595184
25636563
25605530
25594208
25595372
25646428
25569263
25612855
25586777
25654613
25597240
25574470
25637639
25573870
25580975
25619485
25603520
25627688
25603754
25581619
25624155
25646717
25595473
25620303
25575485
25526419
25573184
25635588
25599126
25570605
25667261
25592828
25622295
25635454
25600999
25535119
25632129
25564154
25594221
25546951
25589381
25598500
25656095
25628710
25651063
25654604
25592367
25575499
25622386
25588668
25625189
25572448
25565287
25558390
25538353
25614101
25593269
25564367
25577556
25613786
25600503
25648692
25621003
25576044
25684439
25564754
25652579
25602722
25649963
25551915
25632378
25606013
25622665
25574558
25652448
25557078
25633125
25638056
25629718
25636727
25621247
25674457
25633008
25680742
25578802
25589036
25573633
25560067
25549184
25618868
25611244
25567740
25630884
25595698
25596844
25558930
25557426
25616558
25588350
25588893
25646192
25683710
25646777
25649076
25605522
25616162
25613870
25534339
25616321
25582730
25577774
25655502
25545663
25544852
25671200
25549845
25646739
25645025
25643944
25617947
25620195
25562265
25615846
25636804
25640650
25618400
25614995
25581427
25621360
25590509
25591743
25596686
25617363
25597449
25609408
25641303
25624646
25628750
25632289
25545228
25623028
25622823
25624411
25561157
25645272
25667148
25644857
25630467
25659263
25603360
25611905
25644993
25593251
25648390
25632628
25550817
25668969
25599055
25549276
25602186
25614758
25630788
25535090
