0
98714
197468
296304
395004
493602
592531
691110
789952
888800
987542
1086264
1184994
1283864
1382825
1481637
1580368
1678811
1777520
1876146
1974759
2073342
2171891
2270686
2369653
2468518
2567207
2666040
2764888
2863578
2962138
3061281
3160183
3258904
3357718
3456275
3555058
3653833
3752517
3850690
3949485
4048497
4147040
4245882
4344571
4443271
4542080
4640645
4739410
4838068
4936829
5035541
5134232
5233052
5331966
5430878
5529760
5628287
5727063
5825942
5924612
6023186
6122106
6220732
6319280
6418074
6516750
6615408
6713983
6812579
6911503
7010376
7109071
7207676
7306469
7405204
7504138
7602921
7701546
7800355
7899485
7998084
8096802
8195389
8293938
8392563
8491290
8589791
8687872
8786694
8885520
8984159
9083032
9181893
9280571
9378971
9477704
9576396
9674816
9773943
9872748
9971494
10070239
10168980
10267720
10366603
10465497
10564369
10663085
10761716
10860309
10959201
11057852
11156623
11255540
11354222
11452885
11551569
11650450
11749227
11847919
11946826
12045740
12144716
12243378
12342057
12440887
12539742
12638336
12737076
12835526
12934179
13033068
13131716
13230659
13329366
13428156
13526649
13625565
13724285
13822844
13921512
14019879
14118705
14217431
14316274
14415151
14513749
14612285
14711182
14810049
14908770
15007644
15106482
15205453
15304047
15403103
15501821
15600533
15699263
15797938
15896792
15995456
16094250
16192931
16291587
16390335
16489156
16587746
16686665
16785244
16884017
16982784
17081355
17180262
17278952
17377980
17476747
17575281
17673899
17772950
17871610
17970339
18068965
18167523
18266507
18365242
18463786
18562577
18661383
18760102
18858655
18957418
19056260
19155093
19253861
19352433
19451379
19550044
19648755
19747482
19846254
19945093
20043833
20142538
20241116
20340054
20438552
20537203
20635750
20734427
20833235
20932017
21030861
21129645
21228290
21327094
21425777
21524407
21623423
21722492
21821254
21920302
22018897
22117643
22216450
22315128
22413778
22512515
22611314
22709846
22808614
22907382
23006064
23104850
23203446
23302400
23401067
23499717
23598103
23696775
23795746
23894621
23993101
24092083
24190656
24289423
24388209
24486596
24585011
24683982
24782716
24881425
24979952
25078894
25177414
25276351
25374650
25473659
25572576
25671416
25770087
25868906
25967692
26066691
26165268
26263870
26362841
26461854
26560376
26658945
26757581
26856174
26954828
27053634
27152439
27250624
27349338
27448094
27546533
27645313
27744309
27842992
27941546
28040531
28139295
28238123
28336900
28435795
28534673
28633255
28732019
28830608
28929395
29028350
29127138
29225563
29324227
29422616
29521416
29620129
29719012
29817929
29916622
30015486
30114098
30213222
30312112
30410823
30509601
30608335
30707216
30806029
30904914
31003592
31102509
31201162
31299868
31398538
31497141
31595684
31694507
31793116
31891751
31990464
32089272
32188191
32286805
32385481
32484233
32582721
32681484
32780100
32878945
32977837
33076627
33175254
33274055
33372733
33471582
33570393
33669199
33767856
33866544
33965539
34064219
34162851
34261684
34360050
34459062
34557758
34656653
34755578
34854235
34952898
35051505
35150271
35249153
35347829
35446420
35545099
35643794
35742703
35841481
35940270
36039043
36137492
36235768
36334813
36433676
36532178
36630567
36729340
36828340
36927027
37025496
37124380
37223125
37321842
37420491
37519301
37618248
37716906
37815826
37914299
38013124
38111659
38210290
38309048
38408164
38507147
38605646
38704335
38803203
38901855
39000552
39099340
39197936
39296730
39395670
39494359
39592904
39691950
39790662
39889672
39988347
40086921
40185921
40284663
40383490
40482228
40580808
40679583
40778270
40877001
40975497
41074218
41172881
41271464
41370252
41469226
41567938
41666868
41765645
41864280
41963118
42062036
42160669
42259707
42358679
42457349
42556264
42655005
42753488
42852274
42950979
43049429
43147511
43246200
43345190
43443852
43542516
43641267
43739971
43838583
43937381
44036312
44134955
44233842
44332714
44431585
44530242
44628790
44727366
44826146
44924923
45023729
45122469
45220929
45319380
45418094
45516758
45615553
45714409
45812971
45911670
46010338
46109205
46208054
46307001
46405961
46504731
46603880
46702660
46801255
46900193
46999071
47097832
47196574
47295494
47394270
47492937
47591820
47690563
47789193
47887891
47986468
48085400
48184196
48282810
48381596
48480237
48579090
48677842
48776753
48875601
48974331
49072993
49171773
49270663
49369557
