0
180
403
646
907
1115
1240
1431
1654
1807
2086
2288
2491
2586
2826
3013
3118
3346
3538
3745
3947
4187
4396
4548
4710
4833
5070
5287
5518
5682
5968
6165
6296
6507
6672
6930
7127
7285
7519
7689
7870
8090
8219
8482
8639
8913
9027
9285
9502
9719
9935
10241
10354
10598
10766
10993
11262
11422
11660
11879
12102
12354
12594
12786
13024
13204
13301
13593
13751
13891
14032
14221
14630
14778
15014
15276
15527
15744
15951
16108
16300
16457
16669
16883
16997
17165
17346
17476
17700
17928
18078
18225
18520
18729
18937
19181
19323
19411
19612
19757
19938
20041
20186
20367
20491
20679
20858
20961
21155
21348
21544
21747
21962
22223
22371
22533
22776
22936
23169
23351
23463
23655
23770
23938
24065
24322
24642
24836
24901
25096
25258
25473
25691
25847
26055
26222
26369
26571
26749
26918
27030
27121
27254
27382
27551
27733
27926
28016
28202
28308
28442
28644
28766
28950
29069
29260
29515
29702
29906
30053
30205
30403
30556
30698
30907
31155
31403
31505
31660
31847
32049
32300
32488
32668
32758
33033
33259
33382
33638
33810
33902
34083
34196
34459
34539
34670
34796
34904
35127
35382
35580
35817
36039
36239
36379
36551
36721
36874
37109
37316
37478
37673
37883
38092
38296
38540
38824
39016
39297
39485
39602
39753
39973
40134
40268
40497
40761
40903
41143
41302
41440
41554
41698
42035
42228
42438
42634
42777
42971
43191
43285
43574
43757
43979
44133
44383
44675
44848
45096
45304
45444
45632
45831
46062
46265
46423
46621
46940
47114
47331
47539
47682
47903
48149
48268
48496
48684
48845
48959
49224
49467
49576
49850
50038
50169
50376
50607
50758
50943
51149
51270
51491
51627
51831
52084
52239
52429
52591
52768
52965
53230
53430
53587
53789
54001
54118
54305
54498
54732
54862
55072
55222
55403
55576
55691
55818
56001
56209
56418
56560
56720
56904
57101
57306
57511
57597
57874
58029
58121
58262
58438
58550
58703
58984
59171
59352
59541
59771
60001
60214
60309
60472
60677
60862
61026
61135
61393
61583
61659
61827
62004
62105
62374
62549
62814
62912
63143
63267
63431
63683
63892
64046
64277
64444
64688
64808
64971
65099
65314
65489
65651
65813
66051
66256
66453
66563
66785
66992
67192
67418
67606
67769
67860
68101
68304
68491
68669
68920
69066
69214
69432
69627
69724
69867
70025
70270
70577
70766
70935
71173
71430
71572
71680
71800
72013
72234
72373
72593
72774
72949
73138
73279
73517
73648
73953
74167
74414
74580
74724
74887
75132
75257
75414
75621
75826
75972
76144
76329
76523
76692
76871
77157
77284
77537
77811
77954
78164
78370
78516
78803
79002
79322
79477
79761
80013
80288
80419
80631
80763
80918
81100
81281
81390
81514
81742
81936
82106
82374
82638
82739
82901
83124
83237
83490
83651
83797
83995
84205
84428
84581
84733
84897
85061
85224
85364
85515
85675
85895
86090
86249
86417
86665
86830
86955
87137
87454
87616
87741
87978
88161
88348
88485
88638
88767
88943
89096
89231
89360
89555
89775
89983
90183
90354
90536
90678
90868
90995
91148
91347
91575
91736
91907
92062
92226
92380
92457
92538
92681
92815
92916
93110
