0
522
999
1546
2035
2566
3047
3556
4146
4617
5186
5716
6202
6741
7242
7794
8331
8850
9394
9917
10378
10936
11419
12003
12502
13010
13520
13930
14435
14969
15499
16009
16502
17047
17505
18053
18545
19090
19615
20101
20689
21160
21647
22220
22734
23264
23742
24262
24870
25402
25939
26419
26950
27547
28087
28613
29144
29607
30054
30609
31067
31531
31998
32519
33026
33540
34014
34534
35079
35533
36050
36571
37011
37534
38055
38517
39042
39598
40081
40561
41084
41586
42052
42580
43151
43651
44139
44665
45155
45639
46135
46694
47173
47652
48147
48671
49240
49747
50277
50735
51197
51662
52204
52788
53346
53888
54340
54805
55378
55876
56427
56916
57435
57939
58426
58906
59428
59992
60503
61015
61529
62060
62657
63117
63608
64103
64603
65128
65652
66161
66706
67237
67723
68267
68779
69255
69738
70278
70862
71388
71951
72436
72961
73504
74066
74627
75197
75695
76181
76694
77279
77816
78296
78827
79307
79862
80397
80896
81420
81845
82303
82859
83400
83936
84485
85005
85586
86142
86643
87196
87757
88297
88768
89328
89846
90373
90934
91461
91981
92471
93013
93538
94084
94622
95182
95725
96228
96756
97278
97835
98380
98926
99462
99955
100419
100932
101443
101881
102423
102891
103299
103791
104331
104839
105397
105969
106460
106902
107427
107952
108434
108995
109455
109994
110536
111032
111614
112099
112553
113060
113591
114158
114683
115175
115652
116176
116720
117195
117761
118257
118797
119360
119907
120387
120912
121455
122072
122641
123127
123589
124100
124630
125175
125600
126149
126657
127125
127612
128173
128656
129242
129741
130232
130742
131242
131741
132253
132754
133290
133787
134290
134805
135296
135814
136333
136886
137348
137816
138274
138781
139243
139789
140345
140919
141415
141955
142480
142985
143526
144034
144541
144987
145559
146041
146595
147126
147671
148142
148609
149096
149637
150148
150676
151135
151615
152130
152615
153138
153644
154181
154682
155244
155788
156294
156744
157256
157725
158247
158772
159321
159806
160258
160771
161241
161795
162326
162797
163289
163814
164355
164867
165383
165889
166377
166939
167485
168040
168593
169092
169568
170087
170627
171135
171593
172155
172663
173228
173716
174272
174762
175264
175782
176368
176908
177460
178018
178549
179031
179543
180085
180624
181179
181699
182246
182734
183219
183717
184275
184760
185316
185813
186329
186817
187333
187890
188433
188999
189510
189989
190468
191004
191440
191965
192494
192980
193450
193893
194344
194879
195419
195885
196403
196876
197384
197885
198423
198946
199448
199962
200481
201016
201507
202031
202596
203148
203659
204187
204717
205271
205867
206404
206904
207446
207945
208421
208995
209484
209972
210521
210973
211516
212034
212547
212990
213449
214007
214547
215030
215566
216060
216546
217015
217541
217998
218508
219006
219522
219980
220485
220992
221523
221972
222507
223006
223532
223978
224426
224932
225471
225979
226460
226944
227398
227993
228482
228985
229459
229945
230427
230941
231483
232058
232586
233063
233559
234031
234578
235068
235594
236093
236612
237015
237502
238023
238517
239069
239582
240045
240594
241093
241613
242137
242622
243124
243658
244149
244710
245209
245762
246364
246909
247385
247856
248401
248908
249362
249860
250429
250931
251468
252037
252553
253029
253546
254076
254595
255073
255595
256062
256532
257051
