1
42203670
42172297
42185977
42101070
42141901
42369848
42211205
42100627
42296268
42297756
41832217
42211143
42103575
42178589
42069888
41985074
42128155
42131144
41912657
42248850
42189757
42099569
42158968
42192162
41971023
42328679
42153289
41973905
42182711
42209361
42075228
42220686
42118566
42117955
42092770
42040512
42272505
42255290
42155239
42191610
41975429
41826405
42221232
42281072
42027239
42025244
42229342
42142594
42154922
42236804
42040201
42080458
42370394
42209561
42160264
42148149
42084757
42018256
42190406
42114995
42290910
42078738
42057059
42243164
42104298
41879189
42324267
42309688
41940818
42230952
42087671
42283554
42134122
42062219
42063924
42320269
42027040
42177465
42219076
42041774
42051029
42070405
42141494
42112134
42210968
41970027
42360360
42261426
42284603
41885807
41940507
42105492
42011946
42091037
41909137
42162509
42204035
42039943
42227637
42037486
42150390
42123090
42077994
42016477
42240236
42150872
42113407
42146773
41950594
42056797
42073481
42125584
41993990
42210031
42148523
42235002
41968136
42026715
41934262
42092087
42070878
42154742
41983746
42168689
42137020
42040765
42166413
42165992
42144305
42109053
42193132
42207312
42238005
42124169
42118047
42295242
42105191
42037611
42287403
42108613
41899723
42237010
42231357
41896139
42206997
42076091
41969227
42020738
42052850
42084126
42427592
41900817
42209047
42170155
42170402
42061749
42148402
41937851
42081811
41888647
42381936
42464257
42271860
41961597
42206761
42112716
42174501
42256698
42043433
42067250
42248322
42085524
42088904
42234868
42080620
42230581
42226305
42231388
42327234
42042207
42030097
42069131
42081291
42135783
42156430
41957752
42121308
42274860
42185618
42141922
42176697
42160725
42237944
42180808
42273330
42143317
42101705
42130984
42152467
42197313
42157461
42178193
41921177
42212919
42144970
41995003
42194607
42152137
42187322
42176150
42109816
42079468
42292074
42239336
42304968
42049975
42277543
42314829
42020224
42015236
42108403
42208762
42223561
42159294
42046746
42317796
42001091
42241413
42019441
42127416
42130988
42160886
42230251
42217144
42144906
42037247
41988886
42020113
42127361
42264357
41943091
41859811
42236095
42096455
42136345
42064671
42060706
41917467
42122248
42083827
42281547
42146322
42123088
42060651
42071427
42142253
42209677
42084187
42087286
42133227
42093364
42030827
42186320
42116491
42044565
42039347
42122067
42015472
42299902
42399665
42127847
42041113
42186519
42100380
42161040
42231151
42048907
42070765
42109926
42031533
42055745
42079114
42118556
42048738
42254143
42192996
42150293
42425952
42147408
42028998
41947348
42225888
42476136
42277741
42241087
41952967
41921927
42151927
41978246
42084072
42159634
41970631
42250618
42061948
42040644
42124442
42042009
42161275
42177979
42232387
42039427
42089926
42051654
42050317
42095912
42104495
41929936
42211822
42125087
42069377
42222152
42095359
41971416
42235501
42013364
42324452
42178250
42244887
42152605
42103200
41976971
42104761
42030360
41897599
42019216
42300975
42191075
42085320
42097119
42158804
42159534
42331854
42051429
42166995
42240516
42121850
42261633
42190196
42063970
42117961
42095538
42153372
42333910
42213459
42329613
41949160
42124776
42052169
42141440
42090061
42160568
42326193
42208143
42078396
42284293
41994467
42169527
42078194
42148476
42214171
42253665
42067368
41982828
42090341
41948644
42010059
42017314
42114598
42207629
42173337
42125051
42110880
41980340
42229005
42047222
42164478
41952576
42168844
42178451
42039716
42228981
42240229
42084924
42306226
42212580
42102858
42469565
42135926
42099977
42164955
41975835
42091659
42171953
42098198
42005621
42138106
42237503
42225905
42084314
42279400
42009975
42357391
42014839
42281415
42001648
42169987
42185596
42211214
41943075
42110150
42061639
42023835
42221614
42163888
42202606
42114177
42049571
42227401
41933842
42141782
42035171
42090300
42149060
42116744
42077825
42196773
42192362
42274780
42061563
42234551
42161946
42101797
42201196
42157978
42070041
41984797
42027232
42295715
42281776
42028377
42000592
42184759
42126402
42165908
42210521
42089972
42156476
42068501
42060115
42136972
42088012
42165787
41982432
41908161
42120437
42079725
42284774
42094752
41947603
42018055
42055961
42318864
42219112
42330006
42257784
42164532
42368247
41917956
42146117
42118415
42174235
42036384
42334029
42195587
42191253
42165736
42225542
42031284
42216510
42143601
42136420
42305995
41911188
42171965
42180661
42204957
42173414
41995089
42101663
42168311
