0
273
577
1009
1369
1665
1938
2272
2614
2917
3234
3593
4054
4406
4767
5212
5556
5923
6302
6668
7080
7458
7753
8178
8437
8801
9060
9419
9726
10095
10333
10718
11003
11341
11700
12014
12323
12628
12916
13240
13573
13914
14270
14645
14985
15299
15634
15997
16337
16744
16979
17322
17676
17893
18253
18547
18876
19127
19406
19749
20086
20415
20702
20961
21319
21629
22043
22371
22752
23140
23460
23722
24020
24351
24767
25073
25382
25619
25961
26358
26718
26991
27372
27702
27935
28292
28540
28794
29089
29410
29744
29970
30292
30616
30890
31181
31530
31847
32160
32542
32814
33090
33503
33843
34176
34443
34805
35117
35313
35659
36049
36358
36578
36858
37079
37441
37710
37980
38347
38609
38963
39349
39756
40007
40336
40633
40924
41197
41523
41989
42295
42653
42858
43114
43504
43863
44195
44546
44825
45124
45411
45690
45988
46365
46645
46941
47185
47502
47803
48038
48335
48634
48951
49270
49590
49923
50336
50643
50871
51125
51423
51795
52107
52426
52856
53191
53624
53855
54221
54489
54856
55205
55597
55914
56216
56505
56911
57235
57491
57837
58147
58539
58892
59187
59502
59713
59903
60169
60585
60946
61305
61659
62130
62438
62702
62958
63350
63718
63977
64366
64677
65010
65382
65728
66047
66377
66680
66946
67286
67604
68007
68321
68625
68906
69237
69573
69905
70321
70545
70770
71062
71385
71792
72012
72382
72660
72902
73224
73600
73850
74239
74676
75019
75228
75564
75973
76289
76730
76976
77285
77604
77939
78333
78579
78864
79151
79430
79792
80152
80519
80761
81040
81424
81729
82089
82426
82806
83138
83550
83795
84189
84514
84955
85353
85698
85915
86248
86629
86924
87136
87488
87802
88058
88349
88642
88911
89275
89593
89865
90152
90390
90682
91027
91321
91608
91903
92148
92517
92792
93028
93461
93824
94118
94383
94640
94957
95170
95630
96044
96340
96602
96987
97303
97592
97871
98250
98567
98819
99163
99434
99763
100021
100296
100526
100732
101058
101370
101778
102129
102376
102631
102898
103215
103519
103762
104101
104389
104767
105165
105504
105727
106099
106415
106713
107008
107345
107615
107816
108200
108468
108870
109165
109470
109685
109947
110367
110590
110895
111235
111533
111835
112189
112510
112838
113157
113457
113787
114147
114531
114841
115204
115545
115939
116256
116583
116851
117164
117557
117998
118387
118772
119118
119484
119756
120021
120318
120716
121054
121377
121665
122072
122411
122685
123063
123428
123807
124106
124413
124714
125056
125412
125792
126201
126521
126788
127052
127423
127661
127997
128397
128705
129006
129225
129483
129835
130193
130432
130714
131031
131331
131671
132023
132398
132732
132987
133386
133714
134007
134367
134721
135046
135281
135568
135869
136205
136622
136920
137326
137659
138036
138341
138646
138881
139142
139538
139824
140203
140496
140767
140995
141337
141631
141950
142239
142574
142805
143136
143336
143737
143961
144293
144617
144973
145251
145505
145801
146165
146392
146738
147049
147308
147562
147876
148115
148439
148759
149090
149343
149583
149951
150273
150597
150886
151194
151540
151926
152253
152611
153013
153373
153664
153904
154233
154604
154978
155311
155630
155884
156167
156435
156729
157132
157350
157595
157918
158186
158545
158840
159069
159325
159678
