1
34389406
34295991
34464437
34261924
34406720
34422114
34311401
34356425
34272792
34307700
34353924
34259080
34351241
34240144
34300163
34334010
34258801
34351314
34298293
34356488
34269975
34426032
34480395
34400706
34402327
34369955
34224219
34215193
34360617
34261326
34364465
34275551
34414606
34391644
34405203
34256934
34407204
34277889
34325784
34364196
34439013
34364002
34262916
34222099
34350985
34280298
34360818
34343560
34290560
34260752
34288234
34334523
34352006
34268870
34344025
34412831
34406334
34315474
34414971
34318360
34357669
34222218
34328124
34332862
34422815
34372975
34255387
34365291
34350736
34223781
34404671
34279917
34275355
34403280
34277268
34280926
34417583
34357036
34204113
34322494
34350921
34198810
34289102
34288018
34312854
34345382
34204645
34355235
34312500
34367029
34362181
34191930
34310284
34386772
34406644
34237690
34222731
34402511
34445229
34289494
34228235
34248504
34332537
34308130
34454262
34346602
34380945
34290204
34314489
34314902
34323977
34442687
34487152
34259011
34320408
34419756
34254136
34302456
34360498
34343788
34225924
34388829
34453688
34241973
34270009
34328948
34376949
34383986
34213916
34352366
34353682
34339972
34278251
34356068
34373588
34290692
34289745
34262083
34372177
34425394
34304721
34301192
34322116
34282690
34307752
34207764
34370742
34458234
34447647
34353540
34145672
34375371
34403271
34327850
34305151
34341656
34374606
34256177
34313044
34393579
34398237
34433572
34397255
34412814
34305207
34438868
34366179
34292388
34369184
34290457
34376416
34431001
34322555
34369744
34321136
34417388
34328607
34325564
34202122
34415110
34264629
34381573
34375884
34423536
34379207
34224761
34262218
34387285
34358371
34463898
34314063
34344113
34385907
34386157
34403258
34337818
34340296
34323187
34300352
34386661
34350568
34289356
34458175
34325659
34339627
34369934
34343214
34351439
34281857
34269467
34377864
34343076
34239207
34346484
34326278
34348403
34449090
34296394
34429683
34376715
34405005
34371929
34300466
34244175
34288235
34318294
34278193
34303095
34344208
34442230
34269405
34406017
34328536
34466639
34270339
34407904
34392693
34348659
34431902
34378706
34315369
34352496
34320699
34242124
34310198
34414985
34345885
34365206
34246875
34277298
34306899
34291283
34297092
34240534
34401177
34390347
34340147
34232493
34438927
34324078
34255257
34298231
34352991
34303179
34356780
34439971
34464663
34481150
34367940
34265887
34416362
34213763
34323552
34226068
34350458
34327684
34417382
34332273
34324887
34233530
34327439
34286172
34404924
34274148
34226665
34376450
34256194
34241619
34429300
34358803
34323051
34402091
34318116
34337338
34459023
34148928
34279929
34294751
34340604
34261988
34264988
34333958
34463985
34415995
34382406
34289721
34460857
34255753
34433398
34346468
34365733
34408060
34307578
34361802
34415475
34354292
34374128
34366523
34313276
34374388
34462360
34393934
34242097
34345779
34380006
34326622
34315695
34380918
34325062
34277703
34415025
34225881
34384286
34349670
34332062
34245285
34379309
34289375
34311964
34300524
34316191
34322595
34394144
34337057
34348709
34329190
34431873
34261999
34449035
34476644
34184355
34258687
34340821
34367691
34387638
34217889
34380625
34334881
34255359
34307112
34269263
34250585
34407521
34401452
34349734
34188786
34306888
34354321
34388605
34352690
34308872
34212888
34252205
34268217
34297733
34313109
34303017
34361132
34275669
34461892
34332464
34339566
34388413
34310678
34419740
34386320
34286442
34273642
34265445
34322542
34199055
34229776
34305304
34350152
34349809
34353414
34320580
34374485
34381740
34302523
34333129
34270397
34157661
34275382
34318934
34265252
34340066
34374854
34263356
34309038
34341818
34374510
34266948
34357554
34345490
34410849
34408268
34323038
34329207
34349594
34498393
34203817
34323843
34414472
34415145
34339847
34364888
34396175
34344845
34332026
34298016
34299937
34296800
34373679
34396678
34268352
34414137
34393996
34187757
34347813
34350258
34469981
34315928
34385276
34228619
34373123
34370484
34301184
34326596
34347765
34322334
34322741
34213101
34295614
34351388
34438330
34369044
34362797
34389520
34297470
34330464
34400842
34350783
34348524
34384894
34338014
34482378
34263379
34420221
34320848
34434311
34272884
34374937
34381865
34467626
34308354
34366116
34284908
34292007
34249206
34275344
34333842
34463815
34415360
34428947
34302253
34280441
34376146
34440415
34407497
34291580
34251581
34336195
34427853
34366451
34364627
34313570
34452133
34329949
34386027
