1
42174333
42137344
42188852
42128121
42055638
42214038
42159209
42117757
42296173
41934992
42149661
42221901
42242624
42172807
41978553
42125744
42233584
42148910
42163267
42175234
42206615
42320209
42177333
42105069
42114049
42126967
42290048
42216267
42059332
42129393
42215014
42068589
41921785
42279890
42239017
42154816
42163343
41999404
42178491
42243530
42166495
42274709
42276275
42131052
42075967
42180612
42195038
42181576
42218301
42199696
42274763
42266008
42091051
42087490
42142802
42226726
42157480
42224993
42039122
42376814
42131274
42150617
42326018
42215039
41954049
42088101
42119951
42239680
42075500
41992031
42013197
42105230
42035699
42056805
42291701
42091736
42213031
42109875
42051488
42170439
42279829
42019307
42164678
42125084
42044091
42212446
42202161
42110598
42037513
41993805
42401320
42179022
42223548
42146458
41969358
41937972
42185280
42239225
42052568
42033146
42181340
42196944
42119277
42219209
42002401
42152172
42354849
42290979
42044348
42128167
42167730
42023573
42206318
42124759
42173506
42135330
42105462
42239355
41995286
41973422
42301361
42296848
42042109
42257700
42139836
42206776
42054846
42058506
42062805
42233189
42040733
42156251
42221883
41953198
42078049
42065737
42176915
42120660
42222590
41972488
42322941
42287008
42171735
41946733
41926179
42078358
42034775
42090971
41927203
42160930
42189185
42043571
42167389
42078783
42187767
42053207
42121345
42091320
42283770
42137441
42143369
42069555
42039894
42037776
42044177
42094181
41995593
42242848
42155145
42244370
42004010
41982234
41977665
42051923
42060357
42197189
41992908
42179846
42114447
42058109
42092961
42155115
42181055
42099521
42202774
42220094
42141520
42129115
42183754
42168543
42101142
42038673
42217461
42018465
41962904
42181533
42254399
41987735
42149495
41983805
42031929
42032147
42052918
42201137
42294904
41963481
42192546
42208987
42191501
42097332
42154550
41935308
42034498
42046658
42371751
42521352
42153690
42017559
42193669
42194704
42139728
42360512
41978405
42118115
42173825
42122909
42002169
42246560
42104821
42230319
42172002
42291151
42245628
42041741
42003865
42092315
42096456
42101883
42027664
42072305
42172592
42153840
42297470
42070501
42180811
42201912
42184350
42181503
42345676
42187913
42126104
42063423
42181738
42219377
42162996
42142137
41921446
42321168
42128769
42108061
42172743
42171830
42170991
42195472
42146408
42082320
42330282
42226145
42255226
41981346
42279351
42281549
42101476
41977657
42126085
42207291
42137515
42157616
42063661
42256558
42034330
42177543
42031715
42177926
42094918
42242300
42093222
42257301
42173828
42065345
41900019
42069352
42049969
42251310
41995866
41944798
42249061
42037183
42131414
42046070
42120199
41896819
42024361
42159658
42177786
42200345
42194845
42054918
42102318
42221915
42176524
42097679
41993342
42139323
42078224
42035974
42163503
42214383
41969438
42061059
42182611
42009079
42255781
42323389
42104442
42179696
42139336
42212645
42108311
42242951
41984011
42120961
42104797
42039549
42046928
42036648
42130664
42109888
42199072
42152217
42295286
42366244
42101645
41993664
42040383
42112465
42523343
42244945
42254067
41929588
42000161
42192627
41985530
42076711
42241616
41968808
42183981
42010220
42172294
42143589
42104441
42119619
42186501
42170231
42116064
42052455
42071155
42078214
42108819
42037612
41942757
42245217
42203848
42058383
42192894
42054287
42074325
42177150
42139652
42303706
42174561
42241601
42172740
41988828
42104319
42034590
42058464
41893995
42101427
42252585
42199242
42026975
42084796
42290272
42014160
42401155
42124914
42203673
42152169
42241705
42150242
42267750
41988429
42187974
42083920
42190545
42268609
42331068
42158966
41935138
42181883
42082321
42137053
42152758
42117570
42350188
42232548
42170532
42367170
42017573
42092313
42020729
42130089
42274321
42196441
42092100
41963219
42108521
41852095
42005672
42094681
42118949
42238547
42170215
42144601
42067029
42027464
42196917
42000612
42108714
41977297
42182878
42167762
41968978
42327591
42146442
42157125
42241747
42327999
42069075
42369069
42155639
42125454
42173228
41936288
42143122
42184604
42076494
42029991
42209834
42223891
42106850
42257510
42260700
42040933
42269012
41930790
42285619
42041062
42135872
42224116
42058688
41990833
42130943
42091687
41938872
42296208
42131439
42234361
42188004
42006707
42162242
42049246
41999439
42162446
42092807
42174932
42079257
42135025
42226958
42218433
42229843
42017592
42224829
42228383
42038435
42148131
42163477
42039483
41988821
