1
29539888
29484491
29541180
29549642
29532155
29581690
29519761
29622517
29558155
29618220
29589827
29602732
29541660
29532019
29582868
29473774
29641417
29474170
29505401
29599769
29558059
29556849
29604228
29522775
29558702
29522087
29528304
29600038
29718395
29573159
29458021
29523355
29554685
29572290
29479995
29504542
29636390
29510580
29556754
29449643
29627023
29484815
29543170
29511432
29538819
29480378
29630974
29518253
29478946
29591688
29560291
29657523
29529294
29621356
29522652
29507520
29491993
29570301
29523283
29531352
29539311
29675400
29493194
29508282
29520367
29559610
29508205
29622955
29553540
29489419
29597320
29561484
29581325
29533709
29572696
29573543
29586590
29668236
29627056
29558896
29579796
29608316
29445390
29524097
29612338
29638020
29500160
29570192
29551843
29477668
29595400
29558507
29581920
29567107
29583251
29503438
29542748
29626536
29597448
29562386
29539155
29549809
29542059
29476898
29601269
29541506
29477362
29515769
29457222
29557394
29440229
29518539
29486779
29518448
29404539
29560544
29530711
29549670
29604004
29589689
29482382
29542307
29602728
29560715
29501949
29555156
29554207
29608487
29531689
29552621
29544974
29582183
29515247
29606941
29442997
29534792
29587227
29536001
29535075
29548170
29601034
29651821
29548070
29663896
29507281
29585196
29493263
29539066
29598763
29477985
29510272
29456529
29650535
29551529
29548589
29617697
29550927
29555326
29533035
29547569
29486054
29464452
29556542
29591945
29562917
29534202
29573046
29547486
29615942
29610797
29505658
29528789
29678620
29541624
29637601
29554431
29521906
29649619
29530333
29559975
29606375
29549966
29576056
29488599
29545118
29562877
29596233
29515752
29580832
29530883
29529354
29494285
29570993
29538953
29556757
29534245
29551436
29571050
29491441
29508894
29487484
29519473
29559832
29490913
29532963
29573968
29569502
29483173
29427835
29504623
29530746
29558759
29561406
29601783
29546635
29532811
29496372
29678561
29504849
29524018
29424049
29514638
29570163
29620854
29513464
29514749
29589473
29624625
29545416
29494450
29520964
29500656
29522479
29549413
29566629
29574923
29451486
29508682
29596740
29619808
29478651
29539936
29491981
29577867
29528122
29551571
29483453
29481037
29505555
29509068
29577809
29505361
29550227
29563725
29579318
29565367
29603758
29507786
29545964
29589015
29546815
29525511
29550283
29554019
29581293
29626219
29544087
29600241
29558704
29508793
29530829
29575968
29727385
29521629
29569642
29538612
29605630
29492676
29549496
29523747
29588703
29485595
29496664
29531367
29472211
29539008
29519703
29526191
29508550
29458656
29576376
29499256
29484108
29587933
29566134
29588520
29582885
29531282
29493523
29484493
29470617
29575383
29644249
29510832
29607000
29551563
29513733
29582397
29665143
29562964
29574374
29599185
29552997
29443567
29570601
29534656
29504581
29503391
29574155
29506621
29481692
29536058
29566402
29520683
29585749
29516734
29547139
29506138
29528965
29564223
29524742
29584562
29532923
29524797
29483377
29700289
29513678
29584613
29532872
29565960
29565262
29448047
29550670
29553416
29524887
29537431
29554111
29471763
29613303
29594485
29542039
29502041
29508940
29528877
29575095
29638809
29520311
29494166
29535665
29532670
29546944
29515859
29559319
29600762
29538290
29527707
29474699
29539770
29557616
29516980
29578895
29563502
29529105
29519699
29575712
29611645
29518768
29486521
29571578
29606935
29671185
29601721
29593187
29586067
29583464
29604422
29537743
29537324
29568481
29472069
29660407
29529989
29532943
29564067
29531982
29574106
29523678
29461362
29601493
29637804
29531843
29520988
29508432
29530291
29503935
29552251
29492208
29515621
29510369
29555016
29566529
29646922
29585943
29472451
29509533
29618575
29639337
29568103
29545523
29592868
29540974
29581972
29532455
29616013
29552868
29576054
29594761
29572688
29551839
29494178
29581123
29639427
29567380
29600227
29610268
29550839
29572964
29597843
29524340
29585508
29513363
29572039
29470652
29558925
29581243
29558229
29520706
29578220
29453291
29479723
29471133
29527488
29643749
29620101
29557926
29574452
29477376
29642004
29567873
29551898
29676707
29551457
29473417
29545360
29545257
29578396
29544688
29524681
29527428
29558733
29541691
29503433
29529210
29540347
29511584
29398737
29503991
29566343
29594600
29524313
29610608
29504284
29532646
29521650
29636823
29613630
29547583
29603416
29638756
29453723
29522295
29485862
29547177
29546561
29570894
29531522
29418616
29533367
29470033
29514673
