0
255
485
737
1030
1432
1747
2109
2544
2911
3228
3598
3868
4278
4587
4965
5253
5562
5844
6182
6518
6893
7126
7483
7907
8188
8497
8885
9080
9242
9529
9864
10230
10579
10972
11399
11733
12035
12306
12652
13050
13258
13625
13957
14333
14626
15037
15321
15718
15923
16271
16566
16908
17270
17599
17898
18302
18538
18912
19179
19592
19907
20137
20472
20787
21084
21388
21745
22024
22281
22591
22966
23270
23597
23974
24408
24631
24917
25324
25591
26060
26361
26603
26934
27248
27661
27959
28262
28482
28751
29094
29427
29855
30129
30395
30725
31092
31383
31777
32059
32417
32796
33165
33523
33830
34241
34640
35015
35281
35580
35906
36258
36533
36850
37126
37394
37721
37986
38259
38580
38857
39231
39468
39750
40049
40384
40669
40975
41267
41514
41832
42121
42402
42758
43157
43439
43716
43966
44263
44516
44830
45291
45635
45882
46249
46495
46827
47166
47481
47806
48068
48320
48625
48900
49285
49537
49754
50038
50264
50583
50947
51345
51658
51868
52132
52415
52740
52971
53354
53655
53983
54382
54721
54986
55280
55605
55925
56227
56575
56810
57049
57350
57686
57995
58330
58644
58895
59114
59529
59753
60079
60398
60735
60997
61340
61664
62038
62351
62639
63024
63324
63700
64009
64392
64706
65120
65432
65765
66021
66391
66690
67143
67614
67982
68305
68695
69002
69254
69545
69941
70246
70593
70844
71234
71549
71889
72240
72597
73005
73268
73591
73877
74206
74530
74943
75259
75670
75933
76181
76567
76825
77166
77550
77869
78216
78413
78685
78933
79305
79620
79903
80183
80463
80827
81151
81518
81840
82157
82492
82938
83185
83454
83896
84249
84499
84766
85052
85303
85761
86138
86415
86866
87173
87538
87824
88076
88368
88688
89061
89367
89728
89922
90216
90542
90835
91133
91415
91730
92029
92332
92581
92916
93192
93517
93809
94113
94476
94726
94940
95388
95609
95918
96169
96471
96802
97046
97322
97611
97912
98281
98537
98772
99148
99441
99763
100066
100390
100655
101103
101412
101770
102207
102540
102895
103126
103377
103757
104161
104469
104839
105100
105385
105624
105875
106270
106579
106835
107139
107431
107700
108011
108289
108551
108850
109134
109459
109787
110095
110492
110901
111176
111362
111641
111990
112244
112516
112862
113205
113595
113960
114312
114587
114927
115258
115646
115924
116221
116504
116766
117062
117399
117687
117975
118315
118618
118919
119316
119509
119801
120100
120432
120712
120985
121408
121784
122039
122364
122681
123001
123319
123592
124000
124411
124792
125140
125587
125936
126324
126640
127073
127440
127814
128146
128561
128839
129222
129499
129860
130174
130507
130809
131172
131484
131861
132224
132528
132846
133164
133472
133789
134128
134448
134802
135099
135511
135824
136167
136556
136912
137284
137559
137845
138232
138441
138770
139085
139393
139662
139965
140235
140588
140926
141258
141460
141823
142157
142522
142920
143266
143632
144022
144271
144568
144924
145258
145554
145917
146176
146531
146889
147257
147555
147897
148205
148494
148828
149079
149370
149688
149977
150303
150539
150821
151195
151480
151760
152078
152423
152752
153100
153403
153709
154061
154402
154757
155047
155363
155731
155949
156237
156622
156924
157160
157432
157665
157998
158299
158537
158897
159161
159492
