1
23530682
23458611
23508918
23549446
23380833
23380278
23432573
23581543
23494514
23493037
23441169
23477720
23483870
23481477
23514174
23493624
23453611
23390961
23581329
23421123
23488778
23488256
23468317
23504386
23516054
23429849
23479042
23489161
23444087
23455616
23513670
23580754
23547069
23477927
23431410
23510000
23567051
23501568
23504111
23517247
23493983
23468701
23501640
23510525
23550076
23479081
23532703
23433629
23510182
23513901
23535859
23414298
23439613
23546426
23465583
23406796
23490131
23514601
23450914
23412032
23520034
23446837
23495748
23554691
23430570
23487033
23525561
23411009
23527034
23549433
23450589
23447150
23498748
23529507
23493770
23476546
23586576
23432880
23541366
23487919
23500568
23451995
23528862
23524971
23560631
23453488
23526149
23450074
23543949
23417367
23514766
23459551
23441114
23495822
23561235
23387475
23511066
23529294
23475702
23536130
23526788
23438824
23459860
23471014
23449669
23542282
23455853
23463061
23393270
23426611
23477199
23520264
23522790
23499129
23529126
23536611
23411309
23402830
23505300
23471532
23467188
23524140
23528876
23441088
23494059
23461593
23488615
23402577
23564558
23509538
23413858
23491189
23516936
23440380
23464256
23447220
23489100
23554708
23483129
23509772
23512440
23458064
23454402
23455058
23484641
23476990
23481231
23449690
23395928
23610423
23459935
23468324
23479676
23418215
23487671
23427527
23512374
23505522
23448138
23552725
23424659
23473758
23479404
23502657
23415096
23518572
23399746
23500599
23518398
23437999
23497231
23479916
23436639
23448222
23483889
23436635
23493293
23484002
23511328
23546337
23473200
23457284
23464284
23473563
23460249
23541187
23465599
23432940
23539703
23482089
23434440
23413491
23491941
23445656
23544883
23553745
23446900
23482309
23534993
23404833
23561021
23500440
23465117
23444945
23525829
23483073
23478611
23526681
23419317
23468328
23456634
23470717
23447930
23517073
23485971
23460595
23434124
23487187
23490491
23516459
23489682
23479107
23517569
23504122
23512422
23468675
23444479
23479361
23447845
23475881
23501601
23521591
23527580
23438474
23470682
23525699
23464587
23435632
23469210
23501080
23493103
23555151
23503511
23486680
23536361
23467090
23537787
23543125
23499400
23548227
23436693
23422895
23511484
23485020
23430314
23463085
23473693
23499301
23525962
23556970
23468068
23458658
23441998
23473905
23474949
23414906
23575829
23534189
23467436
23493994
23457895
23536177
23467495
23433548
23358721
23492080
23421435
23493624
23478458
23421824
23514920
23429207
23502986
23521122
23464590
23424856
23476616
23506236
23432123
23564757
23477353
23454216
23576125
23515013
23504520
23533776
23479859
23458752
23450203
23531834
23556527
23497948
23482339
23431751
23503855
23508509
23463461
23554631
23439343
23518566
23434295
23485640
23556730
23445714
23481994
23476184
23458100
23462939
23436036
23429175
23517674
23533521
23445201
23580457
23400132
23418132
23461533
23445639
23489826
23495156
23441102
23435692
23464292
23525622
23522818
23417821
23461889
23478484
23506685
23401360
23420406
23505058
23467506
23478281
23568875
23493067
23487389
23477351
23455962
23483492
23503282
23559328
23514528
23535270
23533365
23541556
23490829
23460022
23456379
23441469
23385539
23509358
23565885
23541706
23454024
23464241
23565522
23463579
23535265
23447506
23502042
23475739
23532781
23477304
23493596
23495038
23491796
23436638
23433211
23536169
23511033
23510776
23469329
23548023
23451763
23431386
23418231
23511715
23450593
23525622
23521357
23452868
23460798
23440439
23513745
23403727
23513531
23555104
23462837
23453951
23559619
23409503
23386706
23430113
23460665
23515404
23426167
23496249
23461495
23460349
23485351
23452341
23490570
23443010
23403221
23489344
23406089
23530008
23534176
23556876
23481296
23570616
23396881
23557105
23484959
23484206
23450923
23457441
23552867
23391110
23491512
23502797
23449266
23458404
23425731
23388669
23449510
23470115
23527344
23474594
23568609
23424977
23428181
23483344
23472485
23559580
23460977
23547316
23437388
23464370
23426854
23535904
23497743
23451255
23493811
23491509
23501429
23539383
23581890
23439580
23375641
23441521
23509392
23438849
23530176
23461028
23567243
23453773
23538430
23461867
23462740
23398310
23515074
23462009
23464987
23439939
23439742
23404102
23467852
23438026
23470254
23495197
23462650
23441298
23482871
23403625
23480089
23620598
23457407
23545430
23484378
23521111
23510303
23493455
23448112
23467251
23501629
23458871
23495201
23559456
