1
38520638
38588776
38378145
38218444
38377201
38335112
38209184
38408445
38376171
38409283
38425363
38445819
38384307
38422132
38510503
38291839
38388404
38357854
38470206
38546988
38507490
38313555
38302635
38247227
38457583
38442636
38390358
38556151
38495791
38376987
38221721
38394994
38305924
38373080
38478524
38525629
38289520
38512424
38239462
38497945
38445588
38519787
38302764
38463104
38394506
38462199
38535881
38431570
38408176
38457694
38383800
38422698
38497267
38205170
38405109
38455472
38437153
38438840
38393141
38246923
38456557
38245059
38415940
38723211
38182094
38607496
38487348
38573975
38282235
38547531
38436081
38204903
38265301
38582574
38632188
38677064
38395723
38394705
38446550
38483908
38565696
38572619
38311814
38549936
38457945
38349404
38551699
38474803
38382126
38463492
38448856
38614687
38552405
38295541
38418091
38259604
38549755
38290526
38255530
38401524
38604840
38540443
38435885
38420733
38295970
38557661
38389908
38635332
38558333
38443956
38427435
38373487
38334807
38722295
38278397
38364679
38446264
38502856
38330344
38574098
38491868
38476179
38341495
38561246
38383597
38401737
38711093
38501105
38427145
38530651
38481440
38431152
38386070
38377109
38462110
38696675
38461932
38204024
38461190
38452534
38470919
38432496
38430440
38414071
38302441
38406104
38524184
38473904
38410066
38426937
38249864
38293679
38736917
38290810
38157251
38324496
38532693
38334585
38471688
38345135
38246975
38310116
38547024
38449930
38574429
38587197
38458467
38307685
38437297
38452844
38403197
38354036
38374246
38424000
38328498
38483652
38306383
38464484
38404448
38432697
38253829
38523136
38506738
38569383
38449708
38456460
38465827
38358516
38628347
38524859
38370449
38347928
38438047
38427331
38590930
38324210
38235283
38517373
38502992
38425815
38690775
38549222
38385933
38392803
38494965
38576912
38537584
38471534
38412024
38311826
38299122
38347703
38427428
38324541
38386673
38509828
38279682
38433692
38465004
38362588
38510813
38470873
38463541
38425511
38488251
38361222
38389383
38393270
38386548
38350933
38292949
38459404
38306944
38515262
38441868
38404568
38310889
38469155
38451181
38646213
38489956
38537442
38487703
38284257
38357463
38409617
38134074
38278783
38421619
38561812
38558348
38335409
38475837
38491318
38396771
38527509
38454262
38530897
38309602
38516897
38501495
38442418
38316254
38548790
38444206
38485944
38595412
38673647
38163331
38441631
38361220
38343194
38256491
38471866
38533592
38432239
38562551
38536687
38471398
38289574
38430724
38349578
38494689
38433997
38424156
38295143
38360865
38371912
38298333
38380687
38441110
38464714
38464702
38476126
38420148
38399911
38307353
38548564
38402348
38333712
38342965
38399292
38302600
38437439
38506658
38357406
38382643
38531968
38379218
38629657
38430977
38513268
38395420
38369718
38422673
38407346
38439394
38299412
38416874
38558134
38419327
38376810
38466799
38467254
38525373
38369315
38430048
38289663
38497368
38361715
38495581
38366708
38358466
38546152
38275908
38390872
38485073
38536076
38406364
38359454
38520410
38320161
38413310
38414787
38542150
38278033
38458588
38398594
38298993
38554871
38704379
38431770
38401179
38520697
38315755
38653862
38464980
38418428
38318285
38475331
38370085
38531358
38535313
38171244
38273617
38488875
38468395
38522748
38488129
38483346
38471275
38280027
38602721
38316560
38458148
38465578
38223299
38390247
38377327
38476794
38453030
38291931
38331004
38294036
38529918
38516765
38572467
38719011
38374762
38542928
38466079
38404507
38380289
38479653
38445519
38397936
38472437
38552710
38420290
38576092
38391957
38467987
38505563
38423892
38598774
38366166
38375027
38562094
38347557
38514825
38458364
38209278
38492087
38530679
38546893
38470700
38354280
38659318
38589964
38426740
38502661
38444315
38589375
38472724
38432138
38351399
38574342
38325077
38410566
38394091
38475241
38474485
38551024
38203609
38426014
38655693
38392099
38570431
38612053
38335700
38430978
38412794
38609501
38326018
38722808
38492465
38540732
38442589
38472737
38302099
38511312
38443209
38492976
38380659
38479168
38598647
38532342
38420260
38593891
38599890
38230701
38387849
38537445
38451830
38426325
38359924
38378527
38475791
38362834
38540754
38539072
38435577
38379891
38516539
38312279
38520289
38574220
38450519
38461563
38375893
38322515
38492078
38494903
38370315
38386939
38401148
38509034
38556893
38375662
38584410
38270589
38286990
38444215
38571320
38292974
38312971
38407789
38521576
38514634
38440937
