1
31809387
31649410
31564082
31713390
31620487
31813895
31691712
31762398
31640447
31705983
31658244
31701848
31693419
31620308
31663417
31717188
31637847
31674166
31697503
31689087
31716362
31718316
31791741
31709930
31710449
31519990
31710860
31610908
31724433
31662779
31713696
31661100
31690861
31735328
31648772
31713254
31761457
31738979
31719260
31678065
31734963
31682781
31651479
31666490
31636678
31653824
31537336
31625533
31743623
31673566
31673147
31670462
31750063
31614138
31720292
31751661
31704800
31666794
31704281
31653484
31786708
31686823
31710326
31628819
31722623
31731216
31773438
31681903
31668304
31715356
31680969
31654473
31746791
31731549
31678454
31690703
31711828
31696878
31635440
31658845
31733113
31625848
31681830
31734636
31800468
31569856
31795696
31616548
31607766
31566192
31717842
31781428
31669064
31682378
31674656
31639720
31646399
31659120
31691086
31628199
31603853
31709433
31582101
31672503
31674640
31752034
31656195
31788229
31647761
31807392
31682400
31624582
31651495
31719573
31692546
31652236
31672313
31720959
31792416
31661823
31632373
31674280
31716148
31669396
31724267
31590728
31744294
31716600
31733026
31649766
31726762
31727593
31730141
31723418
31659270
31688168
31672892
31741932
31749264
31714905
31677325
31700307
31698964
31661173
31620531
31724116
31670253
31676840
31664730
31643046
31770763
31675750
31733476
31668856
31757532
31621380
31649536
31589175
31621550
31704976
31695615
31641095
31673692
31692980
31715446
31668644
31703225
31819748
31616192
31649989
31758426
31599499
31647507
31740627
31659345
31733426
31649593
31761259
31694031
31685240
31611879
31685479
31728889
31702642
31690736
31728365
31674823
31700105
31749050
31651834
31658552
31662514
31680616
31711117
31738364
31816671
31779630
31700555
31667685
31711786
31718534
31701179
31732751
31711762
31698529
31634647
31733450
31700839
31732010
31758010
31676411
31680296
31761545
31702400
31731932
31698841
31536805
31643884
31732708
31761653
31772301
31660040
31742755
31721093
31639378
31707081
31746707
31658208
31638835
31736958
31691503
31760522
31720645
31640908
31733987
31708867
31735876
31845786
31728490
31723715
31566187
31735711
31805333
31799290
31693386
31691801
31693937
31733173
31616490
31763478
31703915
31676499
31655811
31623060
31696712
31791847
31677667
31679665
31690887
31687424
31664133
31678072
31765473
31718686
31667316
31558356
31770050
31722749
31712330
31714478
31568906
31677458
31726010
31671604
31671124
31697107
31748146
31691580
31639987
31646425
31787367
31744953
31647287
31691084
31595867
31663429
31823075
31736762
31634054
31700087
31658640
31678958
31813206
31538492
31666206
31621167
31707429
31607425
31763559
31789579
31734634
31646115
31708198
31740622
31652644
31770418
31717944
31717439
31774484
31784680
31612407
31719253
31678671
31700444
31691928
31645991
31768647
31835563
31640849
31725178
31705754
31807678
31715103
31714928
31598077
31611566
31707161
31679010
31696343
31672286
31681649
31640873
31711188
31657957
31689338
31795187
31710359
31668000
31754305
31679179
31551925
31747891
31624733
31639956
31624069
31632839
31614031
31728538
31648018
31684204
31718114
31736108
31759095
31633272
31650944
31638452
31596756
31547318
31665718
31638217
31705258
31621789
31747055
31709138
31683589
31647317
31639364
31613089
31633310
31654600
31600320
31749196
31694306
31756492
31714110
31645191
31636530
31714369
31703403
31626253
31693361
31736392
31830376
31713053
31699159
31697009
31708997
31662442
31745388
31502286
31728458
31637532
31650283
31624342
31641493
31691159
31675330
31626618
31742175
31725313
31700068
31667076
31739712
31720410
31584012
31749882
31727006
31732201
31703235
31677554
31715697
31768806
31637549
31756792
31584331
31646929
31764611
31696935
31687921
31757617
31777745
31684516
31744442
31607865
31721268
31754848
31691205
31781267
31730424
31583374
31668873
31689725
31648263
31637571
31604720
31659249
31632345
31712846
31732897
31712719
31714394
31757752
31733807
31809286
31746400
31807957
31598258
31669766
31709925
31676927
31704216
31706014
31604905
31698026
31739272
31759530
31663904
31639971
31675040
31741116
31638114
31735940
31825159
31707153
31761667
31580208
31653708
31837113
31760422
31718162
31700898
31734946
31680541
31757694
31647816
31739055
31564909
31653592
31654112
31682529
31684068
31705337
31783311
31673274
31704669
31584420
31657785
31691587
31662383
31723814
31502555
31667065
31650018
31623771
31796887
31655757
31641147
31604352
31599205
31803057
