0
98572
197403
296325
394945
494095
592762
691415
790048
888837
987642
1086631
1185238
1283572
1382288
1481145
1579661
1678640
1777625
1876548
1975273
2074148
2172709
2271538
2370336
2468882
2567552
2666067
2764895
2863624
2962342
3061285
3160031
3258754
3357486
3456327
3555358
3654035
3753113
3851875
3950505
4049224
4147892
4246724
4345519
4444193
4543014
4641682
4740429
4839049
4937936
5036751
5135561
5234411
5333100
5431878
5530540
5628795
5727578
5826435
5924917
6023438
6122116
6220630
6319280
6418018
6516576
6615322
6713909
6812471
6911230
7010128
7108952
7207828
7306312
7404871
7503531
7602306
7701099
7800027
7898641
7997264
8095828
8194628
8293441
8392127
8490646
8589529
8688177
8787233
8886108
8984852
9083754
9182444
9281308
9379987
9479129
9577941
9676720
9775622
9874618
9973481
10072221
10171074
10269984
10368853
10467650
10566362
10664873
10763661
10862569
10961463
11060125
11158742
11257390
11356179
11454949
11553909
11652573
11751290
11849886
11948475
12047017
12145795
12244349
12343165
12441937
12540815
12639674
12738366
12837247
12935836
13034709
13133330
13231878
13330600
13429433
13528082
13626856
13725344
13824178
13922898
14021820
14120218
14218685
14317252
14415849
14514410
14613253
14711773
14810447
14909136
15007527
15106253
15205067
15303740
15402573
15501279
15599855
15698401
15796985
15895807
15994664
16093617
16192374
16291182
16390135
16488872
16587587
16686302
16785031
16884073
16982830
17081660
17180424
17278913
17377772
17476426
17575238
17673774
17772805
17871532
17970462
18069400
18168234
18266989
18365786
18464471
18563459
18661975
18760886
18859571
18958323
19056962
19155516
19254266
19353231
19452022
19550824
19649814
19748205
19846652
19945532
20044322
20142993
20241708
20340594
20439245
20538052
20636860
20735337
20834185
20933156
21031899
21130763
21229487
21328427
21427103
21525470
21624365
21722861
21821434
21920361
22018989
22117808
22216718
22315737
22414519
22513295
22611998
22710799
22809643
22908436
23007272
23105871
23204454
23303137
23401862
23500795
23599499
23698334
23796941
23895509
23994386
24093098
24191311
24290025
24388943
24487456
24586330
24685151
24783684
24882326
24981048
25079689
25178340
25277158
25375848
25474559
25573467
25672174
25770850
25869533
25968031
26066685
26165491
26264091
26362960
26461659
26560253
26658927
26757777
26856723
26955402
27054040
27152714
27251468
27350607
27449421
27548193
27646938
27745631
27844262
27943065
28041754
28140841
28239549
28338337
28437003
28536006
28634858
28733558
28832218
28931079
29030089
29128798
29227274
29326250
29425085
29523644
29622066
29720838
29819649
29918526
30017114
30115704
30214275
30312862
30411293
30510072
30608566
30707074
30805577
30904220
31002890
31101610
31200218
31298649
31397555
31496293
31595080
31693822
31792363
31891147
31990014
32088687
32187554
32285974
32384378
32483081
32581674
32680447
32779024
32877696
32976301
33074981
33173819
33272413
33370909
33469526
33568135
33667216
33766355
33865111
33963964
34062767
34161444
34260041
34358741
34457806
34556656
34655492
34754306
34853065
34951838
35050631
35149342
35248188
35347111
35445840
35544816
35643362
35742081
35840749
35939405
36038316
36137195
36235980
36335133
36433980
36533004
36631607
36730293
36829149
36927836
37026420
37124992
37223687
37322519
37421475
37520253
37618899
37717547
37816400
37915301
38014258
38113225
38212128
38310678
38409201
38507890
38606533
38705284
38803888
38902790
39001493
39100183
39198750
39297427
39396471
39495377
39593892
39692905
39791589
39890475
39989116
40087409
40186228
40284924
40383549
40482341
40581015
40679598
40778181
40877037
40975837
41074709
41173395
41272223
41370926
41469700
41568398
41667055
41765548
41864367
41963015
42061960
42160768
42259514
42357997
42456817
42555435
42654064
42752610
42851250
42950040
43048898
43147720
43246542
43345223
43444062
43542750
43641455
43740527
43839226
43938137
44036871
44135661
44234581
44333235
44431942
44530846
44629451
44728319
44827126
44925945
45024761
45123502
45222181
45320996
45419787
45518296
45616906
45715668
45814589
45913529
46012448
46111150
46209885
46308520
46407258
46505874
46604733
46703421
46802119
46900980
46999668
47098491
47197235
47296151
47394714
47493583
47592476
47691111
47789782
47888650
47987378
48086177
48184710
48283511
48382305
48481118
48579647
48678078
48776634
48875282
48973777
49072474
49171186
49269801
49368579
