0
1006
1977
3013
3996
4926
5880
6788
7757
8686
9567
10466
11466
12534
13468
14405
15377
16372
17365
18434
19351
20328
21278
22278
23246
24210
25280
26210
27103
28041
28973
29875
30843
31794
32608
33634
34529
35501
36426
37328
38212
39066
40008
41102
42160
43129
44044
45001
45970
46889
47876
48825
49791
50789
51673
52552
53580
54537
55536
56595
57514
58388
59411
60436
61381
62388
63433
64261
65167
66059
67116
67996
68937
69901
70826
71826
72844
73770
74792
75829
76839
77749
78684
79634
80554
81580
82578
83451
84398
85430
86392
87355
88451
89529
90559
91564
92538
93547
94457
95450
96423
97381
98328
99432
100355
101421
102393
103310
104191
105144
106068
107094
108055
109076
110006
110958
111977
112874
113841
114753
115771
116708
117672
118725
119628
120662
121647
122622
123629
124748
125751
126734
127789
128797
129903
130956
131976
132904
133965
134920
136028
136930
137962
139008
140000
140856
141830
142922
143888
144874
145916
146876
147817
148841
149799
150747
151728
152617
153568
154595
155544
156559
157510
158529
159519
160476
161444
162433
163411
164470
165455
166502
167386
168349
169376
170306
171318
172339
173330
174255
175261
176172
177100
178102
179034
180069
180981
181883
182807
183871
184823
185835
186755
187726
188697
189631
190588
191500
192510
193458
194469
195472
196394
197312
198320
199349
200315
201133
202060
203029
204001
204949
205820
206816
207766
208692
209530
210504
211400
212402
213396
214381
215302
216303
217190
218088
219121
220094
221060
222013
222997
224068
225029
225982
226961
227907
228918
229862
230708
231708
232570
233580
234408
235388
236317
237297
238252
239281
240258
241092
242174
243186
244101
245109
246112
247044
248010
249003
250055
250962
251904
252917
253830
254988
255928
256892
257827
258917
259883
260873
261780
262712
263755
264731
265742
266594
267511
268432
269411
270345
271383
272454
273472
274456
275497
276347
277376
278358
279325
280276
281240
282217
283186
284121
285099
286011
286880
287873
288935
289872
290843
291964
292966
293918
294915
295850
296895
297855
298860
299802
300888
301918
302879
303835
304775
305746
306765
307690
308709
309670
310574
311528
312606
313470
314527
315694
316686
317633
318653
319603
320521
321570
322528
323415
324361
325412
326314
327206
328199
329197
330163
331109
332064
332911
333949
334853
335842
336852
337815
338785
339745
340687
341792
342753
343659
344628
345607
346581
347546
348421
349360
350345
351347
352221
353176
354221
355187
356166
357215
358142
359120
360049
360975
361935
362813
363840
364783
365667
366621
367542
368476
369499
370354
371283
372191
373084
373993
374973
376047
376951
377845
378805
379810
380854
381722
382628
383661
384628
385613
386625
387536
388443
389494
390424
391368
392381
393362
394410
395562
396581
397445
398465
399396
400268
401325
402401
403275
404234
405191
406209
407172
408042
409009
409903
410779
411803
412743
413776
414881
415890
416778
417817
418834
419840
420874
421878
422910
423826
424857
425830
426741
427757
428768
429691
430657
431738
432740
433685
434630
435524
436565
437552
438517
439452
440503
441456
442367
443377
444349
445329
446406
447365
448347
449277
450300
451328
452292
453326
454279
455296
456203
457258
458282
459236
460228
461253
462184
463188
464215
465193
466164
467120
468139
469172
470112
471089
472070
473049
474040
475067
475940
476974
477911
478812
479758
480700
481864
482831
483865
484932
485930
