0
146
251
340
472
602
750
855
993
1113
1274
1395
1506
1589
1686
1823
1994
2159
2293
2396
2532
2620
2726
2809
2952
3060
3184
3268
3424
3532
3625
3771
3897
4063
4135
4229
4354
4442
4574
4739
4872
5018
5116
5188
5324
5418
5520
5663
5749
5859
5905
5989
6098
6254
6331
6419
6515
6613
6724
6856
6993
7086
7190
7321
7459
7536
7649
7800
7917
7997
8087
8166
8286
8449
8561
8678
8807
8937
9066
9159
9213
9312
9429
9530
9654
9769
9838
9914
10048
10129
10235
10301
10430
10510
10611
10662
10799
10842
10981
11067
11157
11258
11341
11408
11564
11616
11742
11835
11903
11993
12079
12152
12251
12366
12475
12559
12615
12765
12856
12968
13063
13169
13263
13404
13533
13625
13771
13895
13999
14060
14143
14269
14412
14542
14666
14769
14841
14925
14996
15147
15245
15317
15442
15513
15637
15720
15804
15861
15975
16066
16148
16282
16385
16569
16693
16764
16815
16935
17051
17126
17200
17327
17457
17614
17735
17813
17917
18016
18126
18249
18350
18438
18522
18617
18741
18833
18918
19001
19100
19198
19302
19439
19499
19586
19703
19818
19914
20003
20175
20302
20410
20497
20615
20738
20833
20914
21055
21222
21333
21445
21630
21770
21883
22025
22154
22283
22412
22506
22652
22720
22862
22961
23093
23193
23322
23407
23555
23630
23766
23884
23989
24074
24181
24283
24399
24522
24646
24772
24906
25031
25121
25239
25375
25491
25657
25701
25800
25911
25961
26091
26182
26307
26365
26441
26535
26655
26768
26871
26948
27064
27179
27325
27453
27587
27724
27838
27910
28001
28102
28260
28348
28443
28526
28642
28774
28897
28981
29110
29235
29301
29404
29483
29553
29662
29774
29873
29940
30034
30145
30249
30341
30462
30568
30662
30809
30903
30997
31139
31251
31349
31443
31558
31657
31707
31806
31935
32041
32116
32195
32232
32349
32436
32525
32658
32716
32848
32977
33104
33186
33287
33379
33490
33580
33690
33847
33947
34048
34102
34172
34334
34443
34583
34701
34794
34899
34998
35092
35187
35299
35417
35521
35599
35687
35800
35871
35952
36039
36146
36249
36358
36477
36610
36736
36806
36886
36980
37111
37219
37328
37477
37604
37779
37868
38000
38083
38233
38354
38513
38610
38724
38802
38947
39057
39134
39237
39326
39472
39586
39678
39800
39864
39923
40015
40130
40266
40402
40520
40704
40807
40898
40981
41104
41245
41343
41493
41606
41742
41870
42003
42113
42234
42313
42409
42543
42653
42786
42915
43005
43102
43194
43301
43405
43560
43640
43711
43802
43899
44050
44118
44257
44355
44418
44534
44653
44762
44906
45060
45171
45230
45340
45494
45611
45773
45848
45941
46043
46160
46286
46378
46468
46557
46660
46772
46900
47038
47134
47223
47366
47466
47597
47702
47837
47956
48102
48213
48345
48450
48607
48742
48865
48929
49020
49169
49265
49322
49440
49550
49634
49714
49814
49895
50016
50140
50229
50308
50360
50463
50569
50640
50729
50811
50880
51019
51100
51175
51329
51446
51536
51615
51689
51795
51845
52023
52159
52280
52353
52471
52560
52667
52762
52891
52984
53057
53184
53253
53385
53460
53553
53618
53676
53778
