1
26898493
26884534
27003438
27070528
26989791
26927657
26955694
26877646
26952719
27046834
26968299
26959187
26913900
26818248
26986302
26885662
26922688
26950089
26836438
26902865
26948003
26995752
26903506
26938897
26822854
27032787
26981663
26940660
26915037
26939595
26927298
26938919
26895682
26926731
26854702
26859230
26824480
26899019
26987398
26950975
26935617
26830218
26938782
26931374
26897652
27020269
26911306
26832041
26915772
26929767
26921202
27014501
26878230
26931486
26995059
26897521
26882237
26912773
26852022
26923543
26930750
26930189
26937890
26923137
26889808
26927265
26951743
26933227
26945583
26898148
26915898
26862660
26965093
26934407
26965974
26984901
26928763
26943997
26860702
26887696
26957824
26918816
26909079
26997458
26832843
26925739
26792780
26923703
27011659
26894194
26854909
26875404
26938103
26865276
26966830
26922908
26871665
26877327
26912271
26881953
26963847
26818162
26822564
26925668
26904705
26843652
26930931
26861345
26947821
26860277
26946111
26969689
26888719
26995955
27010361
26961725
26946297
26897828
26905956
26856914
26873765
26934209
26881162
26928811
26905430
26985447
26894399
26953603
26925516
26886997
26954702
26924783
26855715
26877216
26901009
26950787
26899573
26944944
26925007
26785871
26871809
26918435
26935029
26909788
26901263
26923748
26870671
26840022
26911802
26916746
26855088
26875327
27057084
26913646
26912987
26955035
26856471
26856141
27006469
27044479
26883793
26821085
26992988
26863558
26868865
26837777
26900725
26927789
26884173
26973682
26942789
26916038
26886840
26845209
26924947
26872351
26858628
26885779
26900996
26906672
26947522
26991713
26906856
26902793
26858379
26920669
26834708
26929872
26810526
26892202
26946249
26878988
26907834
26958265
26892985
26828885
26911103
26751046
26901535
26875118
26960109
26915755
26924699
26825863
26905361
26885846
26929268
26975714
26893833
26994487
26894435
26851473
26888137
27024403
26905170
26890005
26930864
26957038
26901620
26916857
26925307
26976452
26802662
26940263
26935101
26952155
26918283
26907477
27017138
26906182
26940178
26912723
26941818
26883069
26976022
27033548
26960707
26948584
26883016
26762913
26931759
26872263
26836164
26898258
26952654
26939409
26885168
26861054
26948908
27024508
26878093
27010229
26883717
26944070
26970983
26935037
26814744
26935375
26891226
26858247
26949752
26941882
26894705
26995526
26876262
26923536
26866092
26848601
26926145
26953338
26943769
27014250
26877914
26844788
26932865
26914002
26972081
26941664
26988065
26959215
26941060
26889362
26923015
26996273
26947054
26876178
26884922
26894969
26893583
26940038
26846371
26881433
26946279
26916416
26879786
26935905
26939669
26955055
26853106
26928339
26845386
26865237
26876446
26867794
26751204
26891740
26878821
26942726
26968332
26893699
26855169
26930955
26880961
26949686
26863284
26857842
26883951
26986597
26816687
27019732
26896410
26907099
26928451
26942954
26882335
26928293
27007241
26872873
26877264
26856301
26925131
26926278
26925490
26848488
26861237
26942530
26975998
26894954
26987735
26916987
26863095
26917286
26959499
26943418
26913372
26932962
26896054
26924500
26846722
26944521
26911922
26879638
26982299
26905691
26901977
26876197
26904419
26914883
26833717
26967460
26911963
26877652
26870648
26890366
26950645
26957175
26837093
26885469
26995016
26826451
26844371
26911446
26918940
26931858
26924878
26981109
26816478
26855192
26888746
26940395
26908981
26898348
26861367
27029730
27006583
26879069
26917452
26847772
26887376
26937601
26808263
26843648
26946669
27094405
26841873
26890474
26931234
26922471
26924242
26938878
26911923
26899636
26907206
26924896
26875345
26830414
26996036
26879434
26911528
26842017
26992320
26982914
26922995
26881761
26961610
26864904
26883132
26916346
26944180
26854954
26952485
26931289
26878622
26814843
26905664
26806605
26896132
26943606
26985789
26802424
26934983
27032808
26850810
26809032
26891901
26962202
26922327
26948392
26874866
26876911
26890027
26920365
26845132
26845171
26930122
26904692
26843291
26882034
26920947
26891738
26998925
26934090
26898242
26952174
26951734
26872830
26919118
26828886
26961640
26891002
26808947
26861133
26978169
26794376
26958126
26824865
26924211
26836671
26930166
26913699
26904312
26891344
26966520
26876701
26932758
26972082
27001256
26950460
26897618
26855449
26881836
26976138
26875303
26940695
26952614
26829347
26954508
26965848
26916373
26909684
26859220
26934960
26839041
26901657
26938468
26898668
26915262
26967216
26888578
26993546
