1
25642544
25614040
25604508
25621709
25619907
25666815
25604881
25670371
25591547
25592658
25640267
25572176
25599472
25655643
25547390
25627725
25677159
25598523
25636178
25653419
25627805
25617129
25668465
25559220
25561954
25508409
25654507
25564351
25582743
25592658
25594622
25617511
25608038
25599849
25561692
25581527
25608388
25626048
25534274
25719052
25687322
25618722
25552261
25659213
25649806
25563654
25578553
25627603
25586653
25585792
25636313
25592403
25571038
25617667
25615933
25616696
25648851
25600222
25607290
25644758
25589288
25620056
25671768
25632865
25612210
25600254
25635293
25583965
25615126
25566851
25633377
25574999
25614273
25640821
25599810
25585817
25640945
25609939
25571710
25597687
25623135
25657784
25591894
25659020
25657012
25666746
25614641
25646135
25567911
25665223
25662554
25608218
25708459
25661780
25571420
25627931
25588050
25540194
25570416
25607298
25615787
25577589
25610212
25589152
25577788
25588097
25645930
25665081
25596742
25632455
25617888
25610573
25663051
25533181
25634225
25651577
25621404
25618129
25593636
25657246
25646151
25548614
25565231
25618912
25618874
25586218
25689417
25647599
25662519
25578350
25693864
25555749
25554124
25591874
25577817
25651031
25647699
25631674
25610486
25728285
25546962
25677232
25599997
25593287
25621813
25578941
25578406
25660149
25642392
25573007
25572783
25620135
25588989
25589345
25640257
25609238
25662796
25651003
25632354
25618465
25659955
25609106
25576947
25580661
25632862
25625271
25594628
25615999
25604552
25622592
25617918
25610014
25611380
25625822
25601139
25678597
25607835
25565881
25596633
25554677
25606358
25705832
25593046
25579784
25581848
25629199
25562317
25624546
25617811
25565102
25590693
25574551
25560990
25614612
25650874
25621998
25723347
25567668
25591540
25686673
25661152
25607424
25560732
25587136
25512173
25659087
25596363
25569994
25578472
25647716
25574639
25632214
25593624
25618921
25672470
25631288
25586128
25635929
25596276
25669019
25614861
25618527
25600728
25615319
25672612
25644390
25593174
25631320
25602062
25579065
25614577
25684770
25552069
25610497
25613009
25602206
25555977
25611943
25579171
25532821
25631969
25600612
25584233
25641816
25661300
25541041
25563094
25536692
25613440
25591142
25675328
25555014
25599031
25656875
25603325
25611888
25637434
25573657
25556721
25602387
25576400
25625206
25623755
25683986
25644565
25612076
25621395
25662817
25620909
25661712
25633621
25612280
25586699
25552695
25604828
25640654
25565034
25589349
25569675
25645590
25655390
25582681
25547313
25657517
25645326
25600840
25596374
25620278
25641300
25597243
25585332
25629763
25616823
25577354
25675123
25616105
25601656
25671403
25605976
25602862
25690246
25605339
25573614
25550693
25583088
25612487
25644671
25624279
25594392
25620764
25580822
25622199
25639848
25614466
25588699
25548383
25654248
25560804
25644499
25578442
25613998
25619134
25569496
25535300
25640184
25547204
25603818
25636284
25565286
25609538
25639299
25603399
25718515
25655512
25582794
25621740
25597471
25591098
25582514
25638536
25524122
25661269
25605844
25563502
25630539
25597154
25664388
25621051
25527268
25627958
25603597
25632481
25665866
25652873
25631672
25597371
25631629
25631463
25632107
25749527
25633256
25609025
25644856
25614725
25593537
25580281
25589569
25619597
25587420
25621239
25650051
25663474
25615157
25539245
25574339
25652375
25576169
25568754
25660562
25553904
25639835
25629918
25556262
25642736
25583559
25606140
25545644
25651145
25619025
25541400
25607391
25655103
25660253
25575082
25658572
25601048
25599794
25579779
25641266
25619447
25541807
25642593
25608543
25613988
25568845
25543183
25614804
25619439
25616609
25575705
25626861
25639656
25673332
25588636
25612057
25627424
25628626
25637076
25567043
25616036
25579676
25599343
25657756
25614763
25675294
25632410
25654567
25570222
25704077
25620237
25607518
25551721
25567179
25731484
25598696
25662881
25564490
25605226
25618379
25602132
25620149
25647344
25616800
25619008
25658868
25595157
25582717
25650204
25624196
25681958
25689146
25497486
25661433
25584444
25595956
25588496
25627821
25645380
25581751
25635019
25575255
25646376
25654666
25616218
25629057
25635506
25656581
25663819
25590252
25617953
25596379
25531935
25540285
25592756
25598341
25618240
25588609
25624891
25593179
25586621
25636448
25562044
25608312
25643565
25621142
25634483
25566779
25634199
25583020
25523901
25606533
25565676
25647986
25601641
25619313
25637341
25585651
25611483
25620401
25624972
