1
30552667
30465167
30414557
30546238
30465783
30411196
30391269
30518637
30436461
30457642
30463019
30556943
30408703
30502481
30418392
30528934
30467573
30523556
30445489
30417898
30461096
30405982
30363812
30407759
30565431
30474857
30357906
30423141
30404780
30558729
30537879
30497577
30454329
30442798
30495079
30464339
30509370
30503205
30534372
30437625
30453896
30470583
30446546
30586100
30476053
30488694
30412965
30500514
30481375
30563880
30464457
30421141
30367354
30414836
30385477
30479807
30548579
30489578
30456976
30508012
30384579
30568556
30493441
30497734
30504126
30368474
30531654
30484308
30549723
30408728
30426738
30464115
30498525
30483975
30596496
30400111
30485855
30351609
30553009
30437539
30505175
30530832
30441913
30416065
30497108
30571039
30483515
30417400
30437473
30474331
30451457
30489352
30380967
30523883
30376157
30380528
30456025
30470083
30520388
30404109
30439783
30518459
30501947
30497637
30564439
30421034
30461433
30350655
30456114
30470952
30512727
30512945
30368722
30542483
30518838
30494011
30504606
30503142
30483671
30454468
30489831
30508374
30555020
30414832
30420979
30460316
30528882
30358603
30501412
30458504
30496905
30471854
30473314
30519819
30589049
30486630
30421148
30403354
30325468
30434251
30448527
30506485
30407095
30457354
30499653
30536001
30470813
30529530
30418347
30418187
30460383
30512997
30503609
30442005
30320341
30405534
30424388
30432890
30454006
30461094
30410311
30468162
30506200
30461730
30455853
30457333
30443314
30469956
30390437
30500685
30525504
30504985
30405801
30471156
30423097
30425670
30656711
30424308
30463858
30459503
30355110
30429870
30437268
30498049
30556877
30432409
30471825
30443567
30481811
30374608
30505059
30384269
30360943
30359456
30438878
30459791
30511223
30340626
30430320
30460487
30456580
30489260
30423905
30372037
30433134
30451786
30521145
30387116
30478202
30508946
30414501
30448736
30426369
30419389
30441516
30575884
30506450
30410534
30420008
30457576
30509000
30469421
30465199
30480899
30413222
30497123
30552194
30425387
30408093
30466565
30445725
30449762
30468709
30522515
30369600
30485501
30404539
30560541
30444407
30392012
30359648
30397309
30473621
30449071
30529220
30531359
30399942
30385557
30449457
30520466
30381575
30484788
30408511
30476397
30383870
30386099
30398504
30469413
30513390
30470231
30460450
30370097
30497920
30551615
30481868
30418538
30359878
30464463
30463919
30405019
30541639
30453257
30461387
30452919
30544544
30381279
30561312
30489869
30479737
30434602
30457323
30487231
30553688
30490488
30433033
30419757
30570770
30434741
30529380
30357746
30463259
30482641
30493666
30459465
30465371
30521031
30377456
30394916
30457954
30404818
30563681
30474569
30415447
30440794
30459830
30456708
30466978
30497028
30436655
30498202
30419392
30512237
30430023
30527023
30408446
30503255
30431196
30597693
30517685
30400787
30438821
30478461
30411882
30419219
30466759
30415436
30418148
30478061
30432309
30521749
30454344
30565166
30460995
30518499
30368828
30567191
30518907
30468545
30341745
30515557
30505491
30486107
30452588
30507967
30487818
30408640
30485190
30506721
30465014
30540258
30430055
30469792
30501675
30418756
30469712
30397828
30444426
30578735
30391283
30388886
30444759
30414615
30480116
30381373
30392521
30470441
30513333
30457636
30416864
30446885
30526136
30453648
30523088
30434799
30491467
30453615
30498886
30520368
30569083
30447511
30482418
30486921
30446489
30422363
30421702
30398069
30509624
30412464
30433714
30559220
30492160
30409007
30510264
30497346
30410707
30414115
30586346
30492390
30471987
30440102
30515449
30459096
30508232
30486229
30477169
30438942
30342395
30468041
30399021
30493563
30399609
30451120
30521407
30457400
30529966
30488346
30431393
30482555
30447335
30498118
30533394
30540341
30417487
30471195
30523168
30495547
30499658
30568569
30536901
30480158
30456162
30470093
30496196
30444939
30526263
30531921
30475060
30550920
30404068
30498669
30500205
30515514
30457062
30480253
30404950
30539666
30305841
30551290
30346441
30472686
30403240
30375797
30357358
30425717
30451937
30433709
30499095
30548725
30421427
30429130
30556795
30396263
30429884
30496793
30498306
30401981
30325820
30353851
30465533
30521977
30427985
30460731
30374412
30405440
30463198
30462046
30480133
30414860
30506821
30447228
30389407
30509141
30400988
30436500
30516996
30380999
30436478
30440867
30546874
30400610
30538150
30425038
30463823
30457249
30560072
30496388
30428498
30503828
30467634
30441825
