0
50
92
125
196
271
301
361
430
474
512
571
619
675
709
741
775
787
869
926
971
993
1028
1047
1093
1152
1173
1208
1236
1325
1383
1448
1529
1567
1636
1672
1709
1736
1814
1895
1976
1995
2042
2084
2140
2236
2306
2327
2358
2473
2526
2554
2657
2696
2709
2767
2830
2888
2889
2929
2941
2984
3047
3142
3215
3313
3381
3428
3463
3516
3573
3628
3726
3771
3807
3884
3953
4009
4083
4179
4252
4304
4399
4452
4485
4498
4581
4607
4649
4744
4816
4881
4942
4977
5016
5065
5132
5221
5294
5344
5394
5458
5530
5575
5583
5666
5716
5787
5848
5949
6051
6123
6214
6243
6293
6359
6422
6484
6570
6599
6663
6772
6852
6910
6968
7024
7078
7161
7187
7265
7325
7360
7376
7493
7570
7623
7704
7747
7778
7840
7913
7957
8025
8075
8107
8181
8204
8277
8347
8385
8454
8502
8547
8594
8666
8731
8787
8842
8895
8960
8996
9054
9114
9145
9200
9235
9297
9322
9350
9388
9443
9542
9594
9628
9663
9740
9805
9877
9932
9973
10049
10105
10119
10139
10205
10254
10285
10382
10446
10485
10545
10602
10690
10740
10748
10821
10860
10914
10950
10979
11062
11125
11156
11200
11230
11265
11350
11409
11479
11503
11569
11606
11671
11745
11813
11858
11922
11992
12055
12069
12109
12132
12212
12259
12301
12345
12406
12479
12535
12566
12627
12707
12745
12834
12886
12927
12959
13026
13078
13120
13175
13276
13291
13341
13449
13498
13514
13561
13604
13711
13831
13858
13913
14033
14116
14161
14171
14207
14261
14332
14378
14429
14481
14534
14573
14600
14688
14741
14880
14936
15009
15040
15100
15119
15193
15232
15260
15337
15389
15452
15487
15529
15588
15632
15698
15758
15815
15883
15999
16051
16101
16162
16195
16277
16366
16478
16542
16644
16704
16806
16837
16873
16921
16973
17042
17094
17116
17146
17234
17292
17346
17442
17522
17546
17589
17663
17696
17775
17832
17877
17914
17986
18070
18089
18132
18182
18218
18262
18285
18321
18380
18436
18522
18570
18634
18711
18756
18804
18891
18959
19016
19072
19121
19179
19231
19261
19305
19335
19369
19416
19448
19477
19525
19627
19703
19738
19785
19826
19864
19941
19993
20039
20103
20171
20237
20293
20321
20379
20426
20444
20473
20485
20507
20537
20590
20690
20741
20754
20807
20847
20915
20944
20985
21062
21102
21173
21199
21220
21294
21337
21354
21384
21432
21504
21615
21715
21762
21781
21870
21902
21936
22018
22068
22084
22145
22184
22247
22283
22327
22360
22396
22444
22498
22572
22659
22741
22801
22844
22931
23009
23050
23147
23206
23243
23307
23400
23415
23459
23570
23625
23676
23740
23829
23868
23898
23974
23981
24077
24154
24224
24347
24394
24474
24509
24558
24650
24693
24760
24823
24876
24950
25029
25049
25110
25197
25245
25312
25339
25447
25517
25584
25635
25697
25747
25826
25882
25953
26066
26077
26145
26227
26309
26377
26438
26482
26560
26608
26673
26747
26795
26826
26847
26954
27083
27143
27251
27347
27428
27481
27552
27606
27670
27744
27821
27863
27906
27958
27996
28044
28092
28171
