1
29630677
29542609
29500500
29417372
29556052
29520259
29530525
29586134
29602820
29554205
29559827
29532464
29590601
29518517
29499834
29638150
29537136
29496528
29566368
29590582
29498833
29521825
29508288
29609844
29456199
29504652
29590693
29555283
29511365
29522162
29579042
29549094
29561087
29616131
29661945
29534532
29539361
29532276
29478598
29563238
29561978
29525413
29485607
29460583
29555201
29595439
29506425
29507213
29608564
29582569
29515367
29728289
29548999
29681651
29505212
29571629
29541026
29565882
29515830
29563864
29506512
29457551
29519312
29532512
29565986
29638973
29511096
29495069
29576645
29523068
29590215
29472887
29666789
29655521
29588260
29600850
29544329
29565916
29534365
29555876
29657226
29569053
29584001
29582045
29625017
29515363
29580482
29469965
29549906
29528522
29609581
29514817
29658623
29495486
29538240
29495814
29595139
29550744
29506505
29560411
29444426
29569890
29554769
29498084
29620468
29502135
29566987
29481624
29535575
29462434
29441505
29590243
29583154
29586671
29538400
29576377
29496085
29448496
29574661
29582473
29512359
29499657
29653401
29575079
29482855
29544277
29461223
29534732
29591127
29464833
29479374
29517715
29561112
29705908
29468583
29471875
29593901
29545956
29519169
29450295
29510574
29461775
29519883
29595304
29510769
29643517
29532224
29563525
29594107
29571612
29558668
29466372
29556493
29576148
29569505
29598193
29533139
29501694
29543231
29644652
29458581
29535058
29516972
29594708
29555947
29552696
29534371
29488560
29643366
29466009
29561073
29497250
29358857
29541045
29497253
29524211
29599759
29549443
29451038
29570071
29691407
29497519
29599566
29607845
29600497
29597580
29573326
29572713
29552846
29548995
29537628
29541165
29483126
29492826
29520479
29571442
29619870
29516914
29538169
29582522
29518447
29637186
29390594
29526028
29468202
29519754
29543398
29571161
29640833
29557929
29448533
29535897
29553746
29541193
29618792
29558393
29514030
29582747
29591530
29508756
29488350
29444005
29433564
29602919
29521572
29604043
29500183
29600275
29459873
29723943
29642172
29478137
29519849
29573504
29494270
29586110
29546961
29552268
29589312
29470085
29585065
29606913
29503172
29526413
29487727
29532746
29550874
29528830
29423076
29512688
29580621
29577589
29550081
29449794
29503475
29551048
29549103
29647504
29633008
29491265
29590238
29508951
29491929
29608308
29613884
29558182
29562688
29513018
29604275
29495814
29536303
29582988
29446090
29497305
29604355
29446078
29629561
29528111
29549215
29600698
29568964
29525880
29501664
29411170
29519404
29547617
29577662
29602699
29549507
29464867
29541812
29508280
29532012
29512469
29553728
29494649
29566969
29704237
29491022
29650527
29478903
29569953
29597195
29480237
29517008
29572976
29539667
29486292
29496953
29552566
29557157
29608215
29520536
29531019
29614951
29486624
29550780
29523136
29545663
29427106
29628667
29528595
29560712
29558646
29610122
29514749
29512834
29447168
29528370
29563927
29612380
29552856
29630717
29520007
29512441
29576218
29475278
29477428
29482869
29564896
29507058
29607261
29593427
29594532
29518432
29632612
29494995
29580461
29636367
29535852
29571351
29501221
29500323
29575892
29448563
29523696
29518470
29475386
29563405
29538866
29555041
29535934
29480075
29481684
29587197
29651930
29465376
29581074
29549364
29474764
29577417
29500283
29589208
29480771
29616532
29537956
29594109
29584366
29551292
29494231
29484012
29480549
29564573
29620310
29674012
29554519
29551407
29489735
29645663
29514671
29531736
29436964
29485446
29522254
29672794
29561483
29641029
29491371
29496368
29545417
29532217
29578507
29607682
29524652
29489409
29652712
29538583
29490142
29511704
29574718
29428383
29610003
29591200
29542631
29596669
29518466
29495089
29607860
29555616
29588778
29557292
29491171
29545957
29516610
29521536
29511977
29525067
29612932
29533373
29588630
29535310
29483597
29506309
29569578
29561258
29510622
29551496
29520901
29463843
29575669
29510177
29560114
29500948
29564779
29499023
29544299
29530282
29572836
29572017
29586530
29573535
29630502
29444863
29560208
29649441
29548476
29553373
29593073
29590257
29532005
29539160
29600778
29514676
29563960
29588347
29506323
29534452
29618281
29502279
29557379
29520378
29547307
29642019
29576822
29570942
29522946
29568536
29559734
29549131
29539902
29470458
29588583
29519630
29523328
29666073
29541597
29595698
29544368
29519715
29566208
29493218
29567900
29510273
29518165
29588164
29533823
29562374
29431955
29653302
29620253
