0
1071
2071
2955
4005
4974
5985
6931
7942
8875
9974
10950
11953
12918
13876
14860
15853
16952
17997
18992
20026
20944
21909
22945
24025
25020
26059
27035
28057
28997
29956
30948
31970
32963
33928
34940
35879
36803
37841
38908
39968
41032
41971
42915
43951
44756
45676
46713
47679
48611
49531
50479
51397
52484
53412
54383
55321
56242
57238
58272
59308
60235
61175
62179
63213
64136
65123
66193
67200
68150
69052
70017
70981
72079
73198
74159
75157
76180
77136
78110
78993
79956
80932
81838
82900
83911
84788
85700
86701
87598
88645
89564
90610
91551
92476
93408
94444
95314
96352
97304
98238
99186
100143
101057
102115
102928
103903
104883
105786
106751
107734
108669
109580
110501
111462
112354
113270
114353
115256
116260
117239
118208
119152
120145
121139
122139
123188
124159
125114
125996
126947
127935
128939
129900
130907
131779
132730
133651
134545
135583
136533
137502
138476
139436
140502
141472
142416
143323
144278
145261
146270
147252
148247
149379
150408
151337
152196
153169
154161
155054
155883
156847
157871
158933
159973
160960
161923
162856
163896
164898
165833
166790
167650
168527
169513
170450
171440
172368
173376
174363
175362
176356
177242
178174
179168
180192
181107
182023
183069
184026
185021
185915
186864
187906
188873
189813
190833
191876
192937
193894
194954
195919
196928
197966
199016
200013
201020
202038
203060
204043
205094
206029
207033
207980
209013
209932
211020
211958
212944
214011
214948
215907
216900
217876
218794
219842
220840
221797
222809
223844
224807
225761
226757
227708
228783
229720
230704
231725
232542
233505
234473
235450
236372
237387
238383
239341
240336
241316
242227
243303
244291
245358
246273
247254
248306
249269
250223
251162
252146
253266
254189
255218
256151
257099
258183
259154
260046
261058
261976
262866
263845
264711
265562
266496
267481
268457
269389
270356
271370
272298
273174
274115
275066
276027
277025
277949
278925
280007
281018
281919
282890
283851
284800
285588
286565
287585
288548
289345
290274
291198
292160
293116
294059
295056
295945
296989
297987
298990
299936
300897
301899
302848
303787
304762
305828
306805
307732
308574
309464
310516
311430
312397
313389
314319
315225
316191
317110
318067
319073
320019
320955
321942
322936
323921
324830
325803
326747
327671
328628
329630
330594
331619
332636
333461
334518
335457
336439
337366
338399
339415
340444
341467
342366
343443
344384
345432
346430
347466
348352
349385
350286
351401
352386
353278
354324
355332
356398
357371
358331
359322
360184
361117
362024
363026
364081
365110
366065
367107
368065
369009
369930
370974
371979
372861
373879
374868
375849
376867
377863
378792
379738
380714
381625
382601
383607
384643
385629
386591
387535
388517
389513
390453
391542
392469
393384
394315
395225
396284
397202
398266
399209
400046
401056
402065
402991
404036
405118
406097
406918
407875
408927
409855
410943
411895
412850
413896
414873
415907
416910
417884
418829
419781
420769
421746
422803
423765
424669
425771
426699
427814
428820
429809
430839
431855
432837
433791
434738
435788
436840
437860
438688
439636
440694
441654
442551
443617
444594
445473
446398
447389
448293
449239
450219
451238
452181
453083
454067
455038
456023
457013
457921
458830
459861
460765
461687
462717
463683
464618
465536
466440
467436
468280
469277
470342
471313
472195
473218
474113
475096
476062
477084
478007
478894
479922
480798
481857
482800
483731
484612
485489
486472
