0
236
463
740
1072
1344
1622
1889
2240
2607
2951
3211
3566
3863
4193
4491
4769
5099
5422
5694
6050
6306
6579
6894
7166
7369
7607
7836
8126
8423
8786
9200
9460
9749
10094
10427
10711
10962
11281
11665
11969
12331
12598
12913
13281
13532
13789
14058
14382
14718
15106
15506
15779
16065
16449
16644
16948
17332
17624
17918
18206
18591
18885
19120
19408
19689
19972
20308
20647
21017
21384
21798
22002
22327
22661
22953
23248
23677
24017
24265
24569
24999
25202
25502
25907
26303
26591
26936
27307
27601
27881
28178
28441
28832
29140
29489
29908
30177
30490
30788
31097
31507
31784
32116
32467
32809
33139
33526
33730
34107
34455
34818
35116
35443
35848
36139
36508
36913
37217
37544
37910
38190
38602
38923
39201
39585
39942
40314
40619
40976
41315
41708
42005
42285
42663
42944
43227
43510
43908
44331
44729
45137
45520
45909
46199
46483
46773
47069
47439
47806
48092
48377
48689
48954
49323
49640
49978
50301
50605
51022
51437
51768
52196
52387
52685
52985
53276
53588
53861
54120
54425
54802
55023
55357
55645
55978
56335
56657
56971
57316
57643
57953
58276
58628
58902
59288
59523
59844
60146
60362
60668
60942
61410
61782
62058
62347
62637
62996
63367
63626
64068
64342
64673
64977
65313
65620
65881
66136
66426
66680
66930
67259
67612
67858
68110
68350
68617
68885
69219
69543
69762
70088
70481
70850
71185
71548
71812
72140
72472
72806
73081
73395
73790
74084
74319
74685
75020
75296
75673
76008
76244
76581
76953
77207
77565
77950
78193
78428
78692
79073
79337
79616
79901
80167
80450
80802
81104
81496
81897
82285
82523
82802
83133
83436
83753
84192
84524
84797
85142
85509
85835
86158
86585
86979
87326
87720
88040
88306
88574
88922
89220
89534
89900
90186
90590
90869
91135
91396
91678
92079
92488
92780
93144
93473
93773
94151
94395
94718
95089
95448
95748
96134
96570
96872
97241
97615
97897
98210
98579
98899
99348
99668
99983
100341
100733
101123
101398
101737
102062
102432
102772
103004
103432
103762
103967
104251
104666
104982
105369
105695
105984
106273
106600
106902
107149
107534
107830
108105
108425
108725
109136
109443
109802
110112
110427
110779
111106
111405
111792
112047
112404
112640
112949
113289
113622
113961
114327
114619
114930
115242
115466
115782
116099
116422
116777
117081
117426
117713
118075
118409
118689
118965
119301
119604
119873
120154
120393
120682
120977
121289
121706
122055
122347
122683
123049
123407
123700
123980
124301
124608
124937
125192
125539
125860
126112
126338
126649
126901
127221
127602
128006
128295
128572
128891
129164
129524
129894
130241
130497
130879
131297
131598
131878
132179
132477
132873
133168
133480
133783
134089
134482
134720
134975
135319
135627
135954
136323
136659
136855
137189
137555
137818
138115
138517
138822
139096
139415
139837
140108
140403
140690
141065
141465
141832
142118
142455
142881
143261
143475
143694
143998
144342
144684
145013
145298
145582
145913
146200
146455
146809
147170
147568
147949
148296
148583
148970
149308
149613
149927
150214
150566
150937
151186
151528
151831
152134
152487
152839
153175
153470
153899
154272
154592
154945
155252
155656
155983
156373
156733
157124
157529
157859
158200
158445
158699
158998
159285
159619
159943
160194
160511
