0
92700
185773
278438
371448
464843
557696
650647
743563
836312
928405
1020912
1113709
1206073
1299008
1391876
1484657
1577195
1670180
1762753
1856193
1949756
2042729
2135222
2228162
2321233
2414103
2506657
2599505
2692933
2785537
2878357
2970826
3063989
3156820
3249317
3341861
3434334
3527472
3619750
3712647
3805968
3898476
3991147
4083757
4176624
4268983
4361528
4454440
4547530
4640314
4732452
4825394
4917874
5011187
5103306
5196157
5289007
5381554
5473986
5567082
5659690
5752503
5845334
5938416
6031819
6124477
6217589
6310448
6403392
6495890
6588958
6681817
6774351
6866626
6959237
7052251
7144715
7237552
7329968
7422781
7515680
7609155
7701678
7794277
7887013
7980132
8073287
8165629
8258032
8351047
8443940
8536986
8629581
8722436
8815255
8908327
9001379
9093739
9186823
9279608
9372469
9465522
9558138
9650741
9743597
9836358
9929389
10022098
10115281
10207577
10300166
10392907
10485364
10578041
10671017
10764114
10857281
10950190
11043017
11135317
11227732
11320362
11413421
11505786
11598831
11691935
11784558
11877429
11970119
12062429
12155865
12248375
12341000
12433646
12526589
12619236
12711688
12803845
12896875
12989722
13082541
13175114
13267648
13361325
13454184
13546880
13639859
13732866
13825992
13918711
14011275
14104054
14197012
14290260
14383246
14476781
14569711
14662680
14755140
14848160
14941123
15033874
15126969
15219709
15312308
15404822
15497144
15589812
15682588
15775370
15867574
15960409
16053333
16145916
16238442
16331312
16424283
16516965
16609986
16703063
16796146
16889237
16982126
17075190
17167919
17260746
17353928
17446645
17539140
17632658
17725809
17818910
17911832
18004812
18097923
18190200
18283433
18376323
18468905
18561515
18654143
18746999
18840120
18932999
19026340
19118812
19211923
19305104
19397784
19490508
19583408
19676504
19769042
19861685
19954131
20046876
20138924
20231807
20324007
20416816
20509478
20602763
20696014
20789049
20881593
20974308
21066967
21159994
21253380
21346597
21439224
21532020
21624381
21717113
21810056
21902303
21995013
22087713
22180763
22273415
22366437
22459649
22552254
22645055
22737835
22830584
22923379
23016454
23109035
23201393
23294070
23386899
23479817
23572223
23664722
23758066
23850516
23943174
24035952
24128676
24221100
24314038
24407191
24499937
24593289
24686027
24778498
24871263
24963850
25056456
25149559
25242273
25335357
25428340
25521156
25613689
25706662
25799187
25892209
25984933
26077825
26170525
26263047
26356114
26448766
26542415
26634545
26727916
26820563
26913411
27006020
27099144
27191997
27285396
27377535
27470949
27563720
27656522
27749270
27842269
27935387
28028521
28121847
28214618
28307554
28400352
28492968
28585702
28678392
28771472
28864358
28957200
29050013
29142737
29235411
29328080
29420484
29513020
29606151
29699022
29791472
29884456
29977227
30070178
30163374
30256470
30348916
30441632
30534943
30627910
30720006
30812285
30905085
30997314
31090282
31182833
31276095
31369224
31461962
31554625
31647256
31739617
31831619
31924358
32017528
32110279
32203379
32296544
32389419
32482765
32575058
32667919
32760998
32853346
32946725
33038809
33131873
33224578
33317697
33410750
33503053
33595772
33688754
33782150
33874658
33967299
34060267
34153419
34246071
34338636
34431702
34524269
34617211
34709176
34801933
34894345
34987297
35080482
35172855
35266699
35359915
35452553
35544958
35637686
35730358
35823471
35915943
36008632
36101071
36193762
36287043
36380430
36473505
36566141
36659522
36752134
36844652
36937482
37030411
37122990
37216422
37309344
37402702
37495134
37588119
37680687
37773696
37866277
37958862
38052082
38145103
38237631
38330896
38423519
38516449
38609410
38702543
38795104
38888349
38981035
39074412
39167022
39259907
39353025
39446072
39538679
39631288
39724541
39817557
39910670
40003016
40095602
40188226
40280917
40373699
40466188
40558572
40651747
40744516
40837614
40929760
41022759
41115274
41208255
41300700
41394159
41486906
41579172
41671662
41764705
41856984
41949580
42042109
42135044
42227839
42320310
42413278
42506581
42599233
42691915
42784002
42876962
42969726
43062402
43155801
43248800
43341489
43433869
43527076
43619711
43712282
43805109
43898124
43991282
44084699
44178034
44271166
44363522
44456480
44549056
44642268
44734761
44827537
44920231
45013406
45106776
45199767
45292042
45384711
45477385
45569975
45662521
45755198
45848077
45940514
46034054
46127121
46219929
46311862
46404423
