1
24396829
24304681
24406517
24411336
24407904
24388748
24342182
24340033
24355566
24363000
24356363
24206880
24413936
24330934
24391227
24428681
24474480
24545602
24442650
24290193
24388121
24501693
24422448
24320648
24481478
24322823
24303698
24454148
24303405
24375370
24379859
24481253
24253737
24396509
24366539
24333938
24358457
24431853
24510281
24295363
24471657
24363876
24351383
24299479
24317302
24480041
24312606
24340444
24433515
24424978
24354088
24365394
24316369
24218970
24222245
24422367
24486410
24531832
24461174
24360953
24393027
24403982
24511043
24289687
24381749
24487765
24277079
24384287
24399492
24397895
24301877
24294770
24333990
24386188
24397281
24238105
24424077
24169342
24389438
24680986
24340037
24284670
24356772
24543216
24246001
24456513
24463397
24409298
24301262
24245534
24458522
24440967
24336823
24329190
24346834
24424026
24500830
24563124
24436675
24456077
