1
29548893
29502991
29536388
29550447
29612749
29599261
29388635
29612650
29603951
29558435
29503507
29572591
29530571
29577828
29525664
29462187
29607543
29544533
29569600
29519772
29570446
29578649
29572592
29549209
29626298
29462809
29528114
29545951
29606749
29567263
29546002
29514932
29475816
29509404
29510260
29578266
29518794
29531154
29517598
29519461
29507487
29632131
29648680
29547997
29614988
29599060
29553998
29521056
29498172
29546619
29596460
29498366
29589013
29503908
29510187
29593990
29540647
29647638
29486579
29575701
29542653
29544202
29539020
29464278
29587119
29522275
29534791
29652278
29477106
29632913
29463356
29610379
29565060
29650458
29548731
29574278
29523776
29539986
29634128
29576465
29547984
29505955
29515839
29500161
29386821
29536619
29602475
29552325
29539459
29396429
29542565
29544698
29593379
29616285
29628710
29473061
29577041
29531998
29501838
29451551
29629051
29523302
29559942
29519909
29525819
29543540
29611086
29608923
29506975
29520851
29542245
29595930
29501040
29669168
29539108
29590285
29558412
29533060
29562726
29482581
29454016
29574955
29480302
29510568
29481322
29562930
29526175
29593197
29478552
29490417
29564662
29614198
29593133
29621332
29638479
29523021
29613619
29653727
29578294
29571889
29564488
29576851
29560902
29615404
29502491
29458368
29597740
29522690
29540758
29568099
29541991
29584308
29608656
29508190
29435779
29601313
29623398
29517521
29561031
29456535
29590584
29556297
29463026
29453372
29593651
29549722
29560328
29620699
29551867
29499274
29550698
29567541
29566897
29485484
29657113
29543814
29657380
29446464
29573796
29623352
29568957
29615211
29559955
29503390
29592407
29504467
29480917
29479887
29515275
29516478
29566436
29535175
29691935
29635571
29507007
29499536
29495594
29584695
29547644
29531766
29606473
29510653
29509908
29590446
29564327
29527822
29594323
29537323
29566488
29604563
29532128
29553455
29526139
29551956
29555953
29508424
29527642
29440223
29599435
29490350
29484794
29518424
29548497
29474154
29643222
29603406
29513871
29607030
29588185
29530448
29643451
29487524
29522941
29495933
29532879
29479826
29531853
29499791
29523853
29532684
29576087
29489334
29622581
29592134
29543336
29565544
29575022
29474116
29496701
29577228
29484635
29466873
29495553
29521129
29604668
29573205
29514504
29495894
29599477
29586696
29587563
29564029
29534189
29560578
29477397
29558185
29608602
29489212
29547494
29545012
29482094
29506386
29593375
29636632
29553674
29507135
29575834
29517127
29544175
29497386
29522759
29506823
29557303
29627022
29505208
29522712
29581192
29520881
29525080
29579960
29522232
29505846
29513847
29514032
29498489
29509495
29542025
29566869
29623453
29536850
29506606
29611372
29566767
29516971
29462408
29570868
29475697
29522717
29395569
29568700
29558271
29590337
29535239
29447152
29480513
29574393
29550409
29517172
29581138
29528335
29541508
29479176
29602392
29486857
29570009
29533828
29539807
29569017
29589156
29538258
29592194
29459135
29450111
29549163
29588523
29591341
29597238
29508723
29542247
29646221
29505659
29542727
29537531
29495614
29550512
29572657
29581980
29541069
29523152
29463681
29554597
29513293
29543991
29499210
29445102
29582350
29534581
29585377
29603411
29657850
29605114
29551335
29557153
29456280
29562070
29534701
29503749
29624650
29545935
29489677
29617099
29459737
29502403
29547196
29645128
29565014
29538584
29575252
29602957
29586834
29560432
29638405
29578189
29515868
29565582
29510325
29495109
29473470
29557194
29658394
29548995
29572718
29522082
29589989
29582093
29507879
29521402
29549891
29471773
29508781
29509946
29587402
29494461
29591251
29542851
29501846
29581849
29554711
29587699
29545842
29614918
29478080
29556100
29583745
29527953
29550276
29544201
29569341
29470645
29637384
29547343
29529504
29521121
29510551
29627982
29595591
29536237
29637874
29524780
29575571
29550256
29509889
29594205
29481631
29685811
29492462
29621727
29581202
29528422
29531277
29548857
29617556
29519492
29654369
29583561
29538010
29485377
29606077
29500267
29476298
29493388
29512386
29524521
29571373
29643853
29566481
29578834
29444408
29543704
29515442
29566138
29474892
29542238
29464850
29587746
29514963
29653482
29484208
29625607
29613919
29492107
29490500
29619360
29604880
29596933
29580722
29447497
29539962
29588709
29505943
29448172
29508885
29535007
29560591
29614427
29547722
29573781
29528949
29589368
29526865
29655968
29571402
29566121
29543312
29610642
29478160
29520299
29501920
29582585
29610340
