1
31782595
31647425
31693745
31744354
31791026
31656800
31659885
31709400
31738936
31669546
31675238
31615596
31647313
31640886
31748527
31778597
31643581
31706290
31784792
31716632
31586137
31671037
31697725
31756935
31710828
31637752
31724670
31801342
31690613
31748989
31721941
31740514
31749377
31715106
31747535
31645140
31727207
31689040
31693349
31711202
31685427
31616159
31586448
31764110
31724103
31808851
31718338
31732989
31680335
31702589
31652747
31767166
31767665
31685700
31649690
31746011
31677504
31719538
31680970
31615348
31684958
31657481
31682579
31832352
31676776
31674333
31718692
31762322
31755948
31629445
31827329
31666224
31672436
31691366
31771529
31665163
31688743
31662831
31700242
31854314
31682841
31601591
31707071
31678705
31788935
31742132
31666888
31714409
31799344
31677355
31738775
31744067
31754750
31689279
31757044
31690187
31640455
31680715
31734627
31715545
31592045
31743637
31709173
31712769
31615191
31778336
31693616
31708284
31717219
31773219
31730388
31715451
31699908
31696650
31758192
31761142
31755822
31767830
31705940
31742158
31696219
31812225
31772938
31679737
31676314
31765162
31742876
31596136
31680740
31826403
31661014
31666082
31708011
31735668
31678790
31699926
31669626
31701742
31707940
31713804
31810400
31705908
31730705
31766077
31665946
31686867
31690475
31762111
31822571
31666142
31702306
31768148
31645785
31714975
31572625
31712412
31779628
31717156
31775495
31656502
31657299
31805480
31790989
31675148
31786119
31760882
31665307
31756154
31712775
31604323
31749509
31623630
31717254
31734060
31688615
31826749
31649526
31658440
31764903
31803487
31702589
31666723
31687561
31716613
31701021
31742317
31737151
31707038
31697143
31715044
31838099
31606093
31714699
31685308
31723908
31798005
31689826
31750714
31760023
31683595
31663685
31695599
31758447
31766872
31698784
31757516
31638952
31730453
31733532
31652786
31864580
31742619
31705384
31676057
31670579
31690892
31718533
31788258
31652853
31722606
31736760
31718942
31733581
31663655
31726870
31522026
31755942
31709202
31735012
31780123
31615338
31655160
31710599
31677827
31696556
31654351
31673019
31782285
31717848
31664975
31746827
31707820
31667389
31794504
31678673
31730142
31702522
31736328
31728927
31621078
31718756
31687388
31725799
31787004
31668593
31775925
31731176
31737045
31769884
31611461
31581261
31765960
31559061
31686782
31766753
31653916
31678493
31663819
31616068
31700864
31735751
31628033
31755054
31784814
31665717
31640293
31649026
31697967
31743757
31573285
31674848
31684255
31748307
31582672
31656722
31755226
31703411
31668382
31618588
31725565
31696103
31707642
31760767
31806708
31644801
31639075
31796291
31717827
31760179
31701872
31684333
31603014
31743880
31689616
31741709
31733493
31709142
31588823
31756161
31772846
31674014
31704122
31654685
31700375
31635208
31671358
31694723
31658084
31707266
31709100
31709194
31651282
31633104
31693774
31618114
31683074
31758069
31752381
31702590
31714947
31671243
31664364
31605788
31619710
31714667
31704966
31662658
31646827
31568235
31702186
31606343
31779290
31744840
31687865
31681109
31668105
31712368
31723401
31740666
31665919
31787832
31708974
31775680
31668983
31742055
31687436
31755709
31786341
31698499
31824833
31753233
31726925
31689211
31744493
31659163
31741879
31664901
31773684
31740736
31809987
31814120
31726598
31679487
31749655
31700702
31773607
31704893
31793433
31668209
31766664
31661761
31743381
31737534
31667079
31606789
31688472
31641447
31634366
31659503
31769789
31779829
31683152
31696125
31761895
31771981
31756115
31797072
31643530
31754558
31736172
31687550
31749268
31753778
31741050
31614382
31677297
31686565
31696403
31699927
31800309
31625737
31699494
31795709
31744237
31666343
31752937
31714832
31645806
31657959
31797668
31681713
31667459
31634811
31738455
31748257
31725801
31631792
31670925
31748564
31700968
31742335
31629758
31760391
31772996
31754190
31760076
31656554
31707372
31725158
31756783
31708860
31635796
31770854
31770907
31654079
31665340
31814304
31682882
31672592
31673227
31724163
31688146
31701584
31697074
31742455
31741040
31642240
31606535
31664241
31688678
31700276
31739019
31712224
31763920
31766958
31764904
31715629
31759922
31732857
31641973
31855137
31691333
31761900
31698597
31725569
31626588
31719611
31789921
31700896
31765014
31682166
31750113
31719092
31630299
31682920
31774992
31678150
31705393
31804865
31818439
31707777
31769096
31737691
31659283
31804895
31637225
31802513
31666180
31647572
31701050
