0
0
0
0
0
0
0
0
0
0
0
0
0
0
0
0
0
0
0
0
0
0
0
0
0
0
0
0
0
0
0
0
0
0
0
1
7
9
9
9
9
9
9
20
20
20
21
23
29
42
42
42
42
73
78
85
85
85
85
93
96
99
121
121
121
121
121
121
121
121
121
121
121
121
121
121
121
121
121
121
121
121
121
121
121
121
121
121
121
121
121
121
121
121
121
121
121
121
121
121
121
121
121
121
121
121
121
121
121
121
121
121
121
121
121
121
121
121
121
121
121
121
121
121
121
121
121
121
121
121
121
121
121
121
121
121
121
121
121
121
126
126
132
140
142
142
142
149
156
161
161
161
161
161
161
161
161
161
161
161
161
161
161
161
161
161
161
161
161
161
161
161
161
161
161
161
161
161
161
161
161
161
161
161
161
161
161
161
161
161
161
161
161
161
161
161
161
161
161
161
161
161
161
163
163
163
163
173
173
173
173
173
173
173
173
173
173
173
173
173
173
173
173
173
173
173
173
173
173
173
173
173
173
173
202
202
222
222
222
222
222
222
226
226
226
226
226
226
237
242
246
246
246
246
246
246
246
246
246
246
246
246
246
246
246
246
246
246
246
246
246
246
246
246
246
246
246
246
246
246
246
246
246
246
246
246
246
246
246
246
246
246
246
246
246
246
246
246
246
246
246
249
249
249
249
249
249
249
249
249
249
249
249
249
249
249
249
249
249
249
249
249
249
249
249
249
249
249
257
259
266
266
266
266
266
266
268
268
268
268
268
268
268
268
268
268
268
268
268
268
268
268
268
268
268
268
268
268
268
268
268
268
268
268
268
268
268
268
268
268
268
268
268
268
268
268
268
268
268
268
268
268
268
268
268
268
268
268
268
268
268
268
284
284
298
304
308
308
308
308
308
308
318
322
322
322
322
322
322
322
322
322
322
322
322
322
322
322
322
322
322
322
327
327
327
327
327
327
327
327
327
327
327
327
327
327
327
327
327
327
327
327
327
331
331
338
349
349
349
349
349
349
349
349
349
349
349
349
349
349
349
349
349
349
349
349
349
349
349
349
349
349
349
349
349
349
349
349
349
349
349
350
350
350
350
358
382
382
394
411
411
411
411
411
411
411
436
436
436
436
436
