1
61127586
61095439
61110599
61217701
61075952
61331511
60967903
61380112
60906912
61105662
60986397
61181461
60847230
60869285
60919358
60944103
61081687
60893959
60771194
61019556
61085642
60660476
60982303
61066262
60840352
60836142
61096679
61209366
61192478
61246100
61106783
61067151
60924795
60964396
60862101
60850905
60695456
61047228
61004504
61030992
61158361
60889057
60963315
60961353
60919167
60875833
60670842
60573974
61053050
60992818
60948874
61030887
60675943
60918775
61078599
61114299
60932647
61166997
60944550
60668219
60946320
60796284
60945924
60715225
60822498
61121623
60979727
61341934
60938760
60829985
61019631
61021846
60800863
60798329
61006069
61411586
61033438
60864214
61208424
61009090
60821414
60967983
61069176
61114681
61057655
60800179
60981616
60927162
60857528
61040898
61088798
60665151
61190729
60930904
60798253
60839583
61012343
61122960
61003587
60951394
61287393
61114615
61173770
61029714
60890557
60814547
61142637
61206654
60832938
60933980
60785812
60769357
60651467
60983462
61237908
60788775
60813184
60918935
61009494
60878855
60898323
60964825
61038430
60917011
60888363
60917050
60700748
61220760
60901449
61057765
60987723
60953932
60968654
61041108
60789673
61087605
61059649
61137795
61184065
60998720
60926319
61055704
61259404
60929618
61127358
61051992
61152576
61220576
61139532
61159298
60816824
61228593
61079918
60711430
60878773
61029446
61183346
61179223
60928022
60899155
60998279
61191837
61155218
61130957
61270514
60752411
61004023
61009930
60957147
60836998
60927201
60848796
60877644
60885968
60898026
60869184
61050388
60973564
60901133
61038494
61027664
61000605
60957507
60952288
61296918
61004060
60831645
61155311
60807694
60865725
60780444
60842454
60784207
60958951
61155288
61002340
61003361
60885150
60899026
60944958
60814610
61157470
61156715
61039213
61096274
60904957
61185757
61014371
60954271
60804697
61015793
61080989
60988768
60947414
60830587
60894243
61038671
61013929
61056234
60776556
61031205
60896537
60967294
60865412
61285224
60761699
60580577
61020013
61121504
61124432
60948844
61071506
60898552
60660078
61285549
61137948
61014167
61112566
61085611
61036711
61054755
60803132
61074112
61516416
60894552
61144346
60950152
61055935
61260896
61153999
60896248
61365120
61085454
60733146
60803011
60888538
60773538
60912950
61263358
61001681
61140647
60939595
61173845
60992429
60951355
60874155
61040385
60979378
61123206
61145134
61044316
61043243
60819887
60889451
61036106
60667053
60948099
61150302
60769229
60929619
61126113
60854542
61075520
60667731
61142701
60815121
60958888
60959513
60915966
60997351
61088221
60925088
61026888
61129738
61093075
60733974
61068135
60925727
60778469
60905904
61019603
61056223
60812310
60871311
61134198
61163185
60963926
61046925
61077462
61235631
60809839
61064533
60832397
60947625
60902493
61204711
60852058
61331675
60868946
60896574
61165694
60899435
60945885
60988800
60908761
61049661
60860290
61048849
60916088
60951052
61016689
60822741
61054585
61270730
61169571
60948126
61032061
60885239
60719150
60853319
60865415
61100952
60769764
61090689
61324998
61115742
60780342
60678152
61028073
60828711
60883798
60915747
61043917
60991279
61002191
60875093
60870224
60979631
60812732
60850139
61222776
60936855
60968994
61093590
60808527
60882059
61181669
61150838
61083040
61023232
60679147
60946235
60759759
60920067
61155048
61195894
61250411
61120443
60830627
60867033
61009817
60761745
60934938
60957779
61070995
60830522
60970389
61046853
60887639
61071302
61235318
61021792
61126314
60928873
60953735
61114215
61153967
60839474
61238453
60681562
60610041
60976535
60993327
60854147
61078901
61028126
60909532
61118858
61146820
60995058
60923445
60902420
61029625
60871010
61137977
60739891
60978804
61321910
61157547
61195461
60883056
61311923
61312208
61001146
60967742
61015582
61136172
60974517
61182655
61100170
60809444
61090022
61279086
60763644
60970997
60884168
60968527
60912401
60935826
61117532
60956561
61096045
61043797
60833707
61129111
60722076
61125975
60918151
60967340
61043324
61270949
60845319
61202370
60985600
61188361
60796664
61059378
61420453
60752094
61223317
61058429
61134472
61167875
60650828
61053592
60773675
61068563
60988600
60957313
60839697
60879130
60747269
60891835
60972924
61077002
60920384
60848415
61077430
60701892
60907510
60938994
60937931
60973554
60993719
61194147
60927385
60976279
61003879
60855938
61338436
60851110
60977828
61221724
60996134
61177539
60934397
60963652
60762124
61024671
60866338
