0
0
0
0
0
6
28
28
43
55
56
56
56
56
56
56
82
86
86
86
89
89
89
99
113
134
134
134
134
134
134
134
134
134
143
147
160
161
166
166
166
166
166
166
166
166
166
166
166
166
166
166
166
166
166
166
166
166
166
166
166
166
166
166
166
166
166
166
166
169
169
169
169
169
169
169
169
169
169
169
169
169
169
169
169
169
169
169
169
169
169
180
202
209
209
209
209
209
209
211
224
224
224
237
237
243
257
259
259
259
286
292
292
292
302
304
311
316
321
336
336
336
336
336
336
336
336
336
336
336
336
336
336
336
336
336
336
336
336
336
336
336
336
336
336
336
336
336
336
336
336
336
336
337
339
339
339
339
339
339
339
339
339
349
349
351
365
365
365
365
365
365
365
365
365
365
365
365
365
365
365
365
365
365
365
369
377
382
382
389
389
389
389
389
392
392
399
413
413
417
423
423
426
426
437
442
444
444
444
444
444
454
455
457
457
457
457
457
457
457
460
465
465
465
465
465
465
465
465
465
465
465
465
465
465
465
465
465
465
465
465
465
465
465
465
465
465
465
465
465
465
465
465
465
465
465
469
470
475
483
496
496
496
496
513
513
513
513
513
513
513
514
514
514
514
519
519
519
519
519
530
538
538
538
538
538
538
540
549
549
562
596
596
617
617
617
617
617
625
634
634
634
634
634
634
651
658
658
658
658
658
658
661
661
670
673
673
673
673
673
673
673
673
673
673
673
673
673
673
673
673
673
673
673
673
673
673
673
673
673
673
673
673
673
673
673
673
673
673
673
673
673
673
673
673
673
673
691
700
700
700
700
700
700
700
706
706
706
706
706
706
706
706
706
720
720
720
720
720
720
720
724
736
736
742
757
762
765
765
765
765
765
765
768
768
768
768
768
768
771
771
772
772
772
772
772
776
776
782
785
785
785
785
785
785
785
785
785
785
785
785
785
785
785
785
785
785
785
785
785
785
785
785
785
785
785
785
785
785
785
790
797
801
801
801
801
801
801
801
827
827
842
849
849
849
849
849
849
849
871
874
874
874
874
874
874
874
877
891
891
891
891
891
891
891
896
907
911
916
927
927
927
927
927
927
927
944
944
944
944
950
950
950
950
950
950
950
950
950
950
956
