0
0
0
0
0
0
0
0
0
0
0
0
2
2
2
2
2
2
2
2
2
2
2
2
2
2
2
2
2
2
2
2
2
2
2
2
2
2
2
2
2
2
2
2
2
2
2
2
2
2
2
2
2
2
2
2
2
2
2
2
2
2
2
2
2
2
2
2
2
2
2
8
9
9
9
9
9
9
9
9
9
9
9
9
9
9
9
9
18
25
59
70
70
93
93
93
93
93
93
93
93
95
95
97
97
101
106
106
106
106
106
106
106
106
106
106
106
106
106
106
106
108
115
115
115
115
115
115
115
115
115
115
115
115
115
115
115
115
115
115
123
123
123
127
130
130
133
138
138
138
138
138
138
138
149
151
152
157
162
168
172
172
172
172
172
188
189
189
189
191
191
191
191
191
191
191
191
191
191
191
191
191
193
198
222
223
240
259
259
259
259
259
259
259
268
272
272
280
280
301
306
306
306
308
321
327
327
327
327
327
327
327
327
339
341
341
341
341
341
341
341
341
341
341
341
341
341
341
341
341
341
341
341
341
341
341
346
356
359
361
361
374
374
374
384
384
384
384
397
398
398
410
410
412
418
418
418
418
418
418
418
418
418
440
442
442
442
445
445
445
445
445
445
445
445
445
445
445
464
469
484
497
511
511
511
511
511
511
516
520
520
520
520
548
553
565
567
580
588
592
592
592
592
592
592
592
592
592
592
592
592
592
592
593
593
593
593
593
593
593
593
593
593
595
595
595
595
595
595
595
595
595
595
595
595
595
595
595
595
595
595
595
595
595
603
628
628
631
631
631
631
631
631
637
637
637
637
637
638
638
638
638
638
638
643
649
649
649
649
649
649
649
656
663
683
698
709
709
709
709
709
709
718
724
724
724
724
736
756
763
763
763
772
774
774
774
774
774
774
774
774
781
781
781
781
781
781
781
781
781
781
781
781
781
781
781
781
781
781
781
781
781
781
781
781
781
781
781
781
781
781
781
781
781
781
781
782
793
799
820
822
826
826
826
826
826
826
826
831
831
831
836
847
847
847
851
854
855
855
855
855
855
855
855
855
855
855
855
862
872
876
878
878
878
878
878
884
897
897
897
897
897
898
909
913
913
913
913
913
913
913
913
913
913
913
913
913
917
917
917
917
