0
0
0
0
0
12
34
34
49
61
64
64
64
64
64
64
92
93
93
93
97
97
97
108
129
144
144
144
144
144
144
144
151
153
160
168
177
180
185
185
185
185
185
185
185
185
185
190
190
190
190
190
190
190
190
190
190
190
196
199
199
199
199
199
199
199
199
199
200
210
210
210
210
210
210
210
210
210
210
210
210
214
214
214
214
214
214
214
214
214
214
237
256
262
262
265
265
265
265
273
283
283
283
306
306
311
323
323
323
323
362
367
368
368
385
385
393
398
401
417
417
417
417
417
417
417
427
430
430
430
430
430
430
430
430
430
430
430
430
430
430
430
430
430
430
430
430
430
430
432
432
432
432
440
442
442
442
442
442
442
442
442
442
463
463
467
477
477
477
477
477
477
477
477
477
483
483
483
483
483
483
484
484
484
484
494
504
511
511
520
520
520
521
530
534
534
541
553
553
560
567
567
568
568
585
590
590
590
590
590
597
611
611
611
611
611
611
611
611
611
623
629
629
629
629
629
629
629
629
629
629
629
629
629
629
629
629
629
629
629
629
629
629
629
629
629
630
633
633
633
633
633
633
633
633
633
647
647
651
662
671
671
671
680
699
699
699
699
699
702
702
712
712
712
712
717
717
717
717
717
736
745
745
745
745
745
745
758
766
766
779
812
813
834
834
834
834
834
848
857
857
857
857
857
857
883
892
893
893
893
893
893
908
908
919
921
921
921
921
922
922
922
922
922
922
922
922
922
922
923
930
930
930
930
930
930
943
943
943
943
943
943
943
943
943
943
943
943
943
943
943
943
943
943
956
956
956
974
982
982
982
982
982
982
982
996
996
996
997
997
997
997
997
997
1024
1024
1024
1024
1024
1024
1024
1038
1050
1050
1054
1069
1073
1079
1079
1079
1079
1079
1079
1085
1085
1085
1085
1091
1091
1098
1098
1098
1098
1098
1099
1100
1116
1116
1121
1130
1130
1130
1130
1130
1130
1130
1130
1130
1130
1130
1130
1130
1130
1130
1130
1130
1130
1130
1130
1130
1133
1133
1133
1133
1133
1134
1134
1134
1134
1134
1143
1153
1153
1153
1155
1157
1157
1157
1166
1190
1191
1206
1213
1217
1217
1217
1217
1220
1220
1248
1253
1253
1253
1253
1253
1253
1253
1270
1281
1281
1281
1281
1281
1281
1281
1294
1307
1307
1316
1327
1327
1327
1327
1327
1327
1328
1350
1350
1350
1350
1359
1359
1359
1359
1359
1360
1360
1365
1365
1365
1376
