1
170362896
172372048
171998457
172789592
172201915
170560724
172015369
174011601
170444146
169487270
171727956
169955017
170453494
170994529
170048744
170967574
172816203
172904478
173839811
172384207
170463103
171733785
170544131
170914119
171195212
172064609
172981329
171555900
171323981
172496731
170777797
172084855
170566700
170890210
172475884
170800979
173788155
171431190
172463401
173438767
171255969
169068610
172567507
173424553
173873079
173146582
170463111
171397617
172467764
172021663
172737885
171211463
170845965
172553168
171574254
170729849
171961644
171190932
172668957
172718562
170321965
170941218
170904347
173498278
174742193
172639847
171061690
170778226
170381928
172541591
171820998
172009328
170690434
172097552
171191297
170579023
171136190
172879843
170745054
171992779
172423969
170422417
171531802
169922467
171025376
168461987
171783070
172324263
171784726
171238626
171938797
171212356
171444443
171806866
170802792
172178058
171263664
172587704
172626211
168145263
171407950
171480179
172811921
171660231
171515703
171473563
171646914
173155362
169151049
170554595
172316274
173252405
171386454
169584235
172183413
174186842
170949497
170128634
171076772
172771021
170263966
171828557
171923788
169861508
172620262
169239619
169390924
170110269
171665628
173051400
170906658
171928022
172131259
171253273
172738531
171702041
171445868
169175692
168802562
172070468
171270228
172947590
171354417
173244244
171459517
169041297
173265586
170176755
172083130
171187373
172120205
171104331
173032952
170213909
172378242
170662528
172169552
170802263
171926968
173759329
171117530
170234060
170202038
171962857
171334934
172152516
171731106
172848051
171126887
170918691
171207158
170787538
171277820
169288848
169905965
171748663
172203709
171642832
170313282
171653947
170815071
172234634
172494970
171448963
172066552
172895747
172428397
173228570
172041252
171728763
171653958
172066546
170040911
172902700
171421132
170737759
170815544
171777006
171431357
170883137
170334371
173300137
169792182
170928615
171579804
172862736
172558072
170357951
172889305
172479088
170509489
171921423
171047359
169424553
170932535
171619045
173262163
171408766
172809908
171853919
170089830
171016418
174146162
172207325
171574174
173705508
173134531
172023443
170508431
171196769
172811504
172464131
169734084
172327659
170916089
172317868
169886213
169310623
173067718
171408365
171936457
170648613
171700295
170398375
172807903
174537825
170116944
172021293
172772094
170053947
170921387
170947908
171997574
171925840
171714891
171116305
169694896
171846527
172447304
171201625
171094640
170835273
171971289
172608107
172250244
171359793
170668422
171327493
171232477
169753424
171244023
169551909
170391829
170007041
172214450
171825531
171304648
170493175
172223755
170231638
172512701
172581940
169378991
171201586
172530248
172288762
171842446
173190698
170116194
172221063
171825013
170268458
171444156
171294534
171996599
171213815
172618755
170650358
170797080
171469120
170794340
169389153
172750650
169705827
173654675
170494002
171785070
171452471
171027524
171668782
171071007
171521125
170740641
172606284
169946616
171412161
172810986
170863448
170333756
171942036
173171218
173593777
172130637
171092636
172317780
172542559
172271591
172034591
171473225
171692879
171320335
173044034
171517205
171239952
173057950
172225774
170620605
170441278
171173975
173134287
170629923
171793316
170659911
171390464
172072176
170557177
170925570
170373508
172605886
171794082
172266498
173206069
171778427
170101401
171074913
172435883
169034205
173764724
171040276
170934407
172435217
171562670
170187306
170985213
171762261
170301439
171921606
170316225
170572780
172079215
170125900
171836529
172274250
170432430
171263402
172218375
171448583
171305783
171120951
172203456
170849118
170506145
170144296
171340638
173128893
170334844
171382299
171473866
171213022
172229294
171116291
171755128
172755389
170593114
172056270
169629336
169595098
170304921
171022342
171998583
171970368
171900350
172169790
172809059
171023228
171768796
172080933
172332184
172560328
172644754
171372997
170276186
172045802
172709481
173441853
171243361
171467459
171296343
173189006
172331798
170907984
172380504
171261751
173844172
171578793
171838088
170332397
171293311
172133510
172175810
169613740
172606565
170483314
170585400
170968520
171202520
172447889
170246119
170301182
171593115
169421608
170739194
173145110
171285228
171646430
172503463
173545997
170974325
169840697
170339382
169536342
172364158
170466299
172800152
172041993
171370238
172357000
171337042
170288235
171374771
170359087
172004311
171596858
173127592
171193801
172808839
173230156
171640252
173809218
171648658
171946752
171695335
170910204
170002294
172010121
170543234
172502737
171322934
171517273
168960395
171073968
170745772
173779800
171075506
170848114
172277179
171953129
171636631
169570027
172573891
170614183
171014205
171799722
171950644
171152294
172125577
171254822
169455920
171942398
171325129
