1
54760823
54259902
54466467
54339162
54776287
54420476
54513417
54499113
54802897
54311558
54561135
54385922
54852235
54610204
54594224
54584937
54739195
54510809
54702447
54685815
54466761
54835942
54636843
54592248
54228055
54433383
54477757
54375161
54412047
54357340
54555211
54634622
54616624
54407647
54698895
54449204
54626525
54389090
54579829
54758824
54850882
54706573
54550043
54545600
54332327
54703112
54326211
54561027
54381148
54619187
54718573
54512239
54679129
54137206
54389459
54559320
54567865
54318492
54472312
54432426
54594074
54612151
54695283
54771698
54434119
54193552
54619177
54605951
54901037
54809857
54762954
54417807
54455805
54454825
54617318
54558038
54927062
54688332
54454440
54860465
54509478
54525468
54559000
54487123
54356023
54883758
54955426
54589371
54676765
54444534
54653141
54651677
54818571
54566125
54342972
54639539
54411931
54505999
54423089
54455062
54669756
54916250
54255846
54399816
54628634
54325346
54521719
54627216
54632280
54498375
54700493
54809910
54792296
54565157
54758116
54677012
54478920
54479981
54734565
54493628
54555397
54908310
54785851
54799351
54740896
54363293
54598083
54298446
54754193
54701057
54527114
54510407
54670297
54627785
54730488
54251604
54552993
54574195
54479834
54577768
54530450
54549862
54652167
54716519
54675103
54654343
54444956
54638038
54909075
54317643
54477784
54495791
54458074
54847942
54342679
54291754
54516432
54888921
54679692
54504582
54736414
54399891
54576662
54698328
54355935
54640909
55140260
54536935
54762694
54473365
54487690
54437963
54832490
54357212
54630067
55003443
54934296
54707424
55060149
54661867
54398537
54586403
54617801
54386042
54642516
54539902
54301841
54599171
54915511
54740093
54453275
54502755
54271875
54825448
54569406
54433650
54820198
54641706
54535676
54378973
54552688
54453627
54854791
54611247
54455216
54880473
54303072
54574517
54625275
54611368
54429276
54428833
54517085
54657280
54555640
54514132
54533790
54399629
54484831
54675083
54727414
54650101
54896866
54331013
54496909
54557796
54410272
54375706
54813932
54297490
54505824
54477994
54319857
54676072
54522906
54483350
55147265
54443695
54093643
54722416
54479142
54771370
54580452
54474912
54417494
54623768
54850647
54838855
54725390
54320216
54447765
54458905
54619919
54649800
54433967
54729977
55010404
54623082
54802344
54551596
54374664
54449466
54479382
54720583
54680385
54423447
54528251
54508342
54709309
54758480
54488466
54605316
54563625
54536896
54348163
54839083
54332272
54813104
54603923
54397183
54434750
54678180
54674890
54580969
54585331
54656163
54580887
54208028
54861898
54905408
54668769
54766148
54764506
54500723
54441570
54543951
54573557
54460159
54718604
54573798
54551266
54488466
54735982
54196621
54471435
54795023
54529183
54822912
54735925
54479393
54687262
54518795
54632519
54559943
54265477
54695367
54607103
54608257
54595012
54512184
54612929
55051255
54300476
54698518
54690085
54710212
54786477
54576051
54550553
54929796
54609605
54670141
54562844
54526335
54381033
54416982
54995751
54585938
54949167
54741538
54458608
54412719
54586211
54750721
54603935
54753310
54477916
54617620
54349985
55014381
54668966
54763147
54398616
54828070
54830220
54425512
54323481
54709073
54723208
54756395
54696298
54606867
54659269
54536877
54387187
54531961
54482669
54722603
54255782
54313902
54392031
54455859
54375306
54885581
54727629
54610410
54508628
54762038
54597037
54458927
54587656
54564514
54648661
54621048
54264608
54566891
54365094
54526215
54542132
55095278
54384316
54619438
54687381
54553764
54704751
54539605
54853421
54654545
54553058
54510725
54668584
54760230
54502136
54723478
54678174
54539896
54606126
54671824
54827585
54828518
54766824
54721140
54422114
54800201
54638476
54663945
54715979
54525736
54817687
54418730
54548934
54732681
54796064
54707825
54447854
54587677
54406580
54542643
54692196
54605279
54637479
54810443
54365169
54577932
54553102
54464918
54572348
54808244
54804232
54628781
54237953
54681244
54484691
54798528
54591104
54695204
54670016
54868991
54246765
54797263
54493228
54719418
54506850
54730120
54179166
54617162
54588297
54502019
54428717
54591159
54500047
54223050
54023906
54327753
54630238
54836792
55122976
54405899
54866296
54527915
54540510
54654297
54589608
54653793
54265818
54473899
54713598
54518526
54561196
54604728
54463186
54755491
54575680
54578796
54605778
54596579
54750846
54479655
54740237
54423567
54655352
54608176
54538089
54426810
54742447
54509730
54683491
54449256
54636743
54848578
