1
705754557
707730682
706273484
705322696
704994546
704256316
704931479
705592192
703897144
704486465
705561708
706198773
705329331
705781806
704561720
705470775
704494528
705222023
705011025
705247653
704759575
705438394
704959538
706271265
703948419
704224899
705348099
705916878
706163288
706564630
705696002
704755701
706064822
704853296
704186400
704593789
705983020
705230152
704621511
705669882
704961045
705144521
703887467
705829511
704414522
704481491
704004224
704969156
705850131
705739574
