1
625826181
1251399412
1877517600
-1791412665
-1165089261
-538603744
88147778
715027067
1341795837
1968315878
-1700791936
-1074705075
-448862058
177301118
803202029
1429659013
2056506606
-1613112374
-986375055
-360343537
265684866
892510688
1518797634
2144889880
-1522643739
-896154672
-269618428
356799778
983546994
1609066697
-2060274407
-1433298887
-806568067
-180034709
445980882
1071656285
1698394684
-1970778859
-1344036483
-718189977
-92792550
533798064
1159909611
1786364064
-1881870069
-1256063494
-629137227
-3784523
622369852
1249752271
