0
9
9
9
9
9
9
23
31
31
34
48
72
72
72
89
89
95
95
112
112
112
112
112
144
144
144
145
149
160
160
166
178
178
232
268
280
291
308
308
308
314
344
362
362
387
419
426
437
457
457
457
469
544
556
556
557
609
609
623
633
635
665
665
665
665
665
665
678
702
705
706
706
720
720
720
720
725
725
728
728
728
738
740
760
760
760
782
782
787
788
817
818
818
827
846
860
862
862
862
862
865
876
876
876
898
932
938
944
964
964
964
969
973
973
973
973
973
1007
1007
1010
1010
1010
1020
1035
1042
1050
1050
1090
1110
1121
1133
1164
1164
1187
1192
1210
1211
1211
1234
1263
1264
1275
1285
1286
1289
1289
1337
1347
1352
1352
1378
1378
1399
1422
1422
1422
1422
1426
1434
1436
1461
1461
1484
1494
1494
1494
1497
1499
1503
1512
1516
1516
1516
1516
1525
1530
1530
1547
1547
1547
1548
1548
1562
1567
1572
1572
1572
1575
1596
1602
1602
1602
1602
1608
1608
1629
1629
1643
1671
1673
1696
1705
1733
1733
1736
1773
1804
1804
1804
1822
1822
1851
1856
1892
1892
1892
1902
1930
1937
1940
1940
1965
1998
2025
2025
2035
2035
2054
2069
2090
2104
2119
2147
2201
2201
2239
2239
2239
2258
2258
2304
2323
2328
2328
2351
2352
2356
2399
2406
2412
2412
2426
2429
2430
2475
2475
2493
2497
2497
2498
2504
2526
2526
2526
2526
2526
2543
2546
2546
2553
2553
2575
2588
2590
2590
2590
2596
2606
2630
2630
2630
2630
2637
2638
2642
2642
2642
2642
2656
2660
2660
2672
2686
2689
2689
2701
2735
2738
2738
2767
2793
2793
2793
2794
2794
2815
2815
2840
2840
2845
2862
2876
2876
2881
2881
2884
2942
2950
2950
2958
2958
2976
2995
3009
3036
3037
3049
3071
3073
3086
3086
3086
3090
3101
3122
3132
3132
3132
3155
3169
3169
3196
3199
3206
3206
3216
3226
3226
3274
3274
3294
3304
3304
3304
3304
3313
3313
3313
3319
3336
3348
3363
3363
3385
3385
3403
3403
3403
3403
3403
3403
3406
3437
3437
3437
3437
3457
3457
3457
3457
3457
3457
3499
3506
3512
3534
3547
3547
3547
3551
3590
3631
3631
3657
3674
3675
3675
3682
3682
3713
3718
3763
3775
3775
3779
3791
3791
3791
3791
3822
3856
3856
3856
3856
3856
3861
3875
3903
3932
3946
3960
3985
3985
3986
3992
3995
4002
4025
4064
4065
4070
4070
4110
4110
4110
4138
4139
4153
4153
4179
4189
4189
4216
4216
4238
4251
4251
4251
4251
4272
4272
4272
4272
4272
4296
4298
4298
4318
4318
4320
4320
4339
4339
4339
4339
4339
4360
4360
4360
4360
4362
4362
4362
4368
4368
4368
4423
4448
4456
4479
4482
4482
4482
4500
4533
4569
4569
4606
4625
4625
4625
4625
4625
4634
4662
4709
4711
4711
4716
4751
