0
3
3
3
5
52
90
90
126
143
146
146
146
147
157
184
231
232
232
236
274
274
284
307
335
367
367
367
367
367
367
367
403
409
437
444
459
468
474
481
483
487
496
505
505
507
511
546
546
546
557
557
557
557
573
575
575
585
604
604
604
604
604
604
618
626
626
627
647
667
667
667
683
684
689
689
704
704
704
704
704
734
734
734
734
742
749
749
765
765
765
822
855
868
880
898
898
898
920
934
952
952
976
1012
1012
1022
1044
1044
1044
1062
1130
1142
1142
1143
1195
1197
1211
1224
1233
1255
1255
1255
1255
1255
1255
1270
1293
1295
1295
1295
1308
1308
1308
1313
1315
1315
1316
1316
1316
1328
1329
1347
1347
1347
1369
1369
1373
1375
1403
1404
1404
1410
1431
1445
1446
1446
1446
1446
1448
1459
1459
1459
1483
1516
1520
1527
1548
1548
1548
1553
1557
1557
1557
1557
1557
1592
1592
1594
1594
1594
1604
1618
1631
1634
1634
1681
1694
1705
1714
1744
1744
1767
1773
1791
1792
1792
1815
1847
1847
1856
1867
1868
1872
1872
1929
1936
1936
1936
1960
1969
1980
2004
2004
2004
2004
2009
2016
2018
2043
2043
2067
2075
2077
2077
2080
2088
2088
2099
2099
2099
2099
2099
2109
2114
2114
2130
2130
2130
2130
2130
2142
2147
2152
2152
2152
2154
2181
2182
2182
2182
2188
2188
2188
2210
2210
2227
2254
2255
2277
2291
2314
2314
2319
2356
2388
2388
2388
2406
2406
2437
2441
2477
2477
2477
2486
2513
2520
2523
2523
2550
2596
2608
2608
2616
2616
2638
2649
2672
2684
2708
2731
2781
2783
2818
2818
2821
2837
2837
2888
2902
2910
2910
2931
2932
2938
2979
2987
2992
2992
3006
3007
3009
3053
3053
3071
3075
3075
3084
3084
3106
3106
3106
3106
3106
3126
3126
3126
3134
3134
3156
3167
3169
3169
3169
3176
3185
3211
3211
3211
3211
3218
3218
3220
3220
3220
3220
3233
3238
3238
3250
3268
3268
3268
3293
3311
3314
3314
3357
3368
3368
3368
3368
3368
3390
3390
3414
3414
3422
3437
3451
3458
3458
3458
3475
3529
3529
3529
3537
3537
3558
3573
3599
3615
3616
3628
3649
3663
3666
3666
3669
3669
3680
3700
3710
3710
3710
3733
3744
3744
3770
3775
3780
3780
3796
3801
3815
3848
3848
3876
3881
3881
3881
3881
3889
3889
3889
3896
3915
3932
3944
3944
3966
3966
3984
3984
3984
3984
3984
3984
3989
4019
4019
4019
4019
4041
4041
4041
4041
4041
4041
4083
4097
4097
4119
4134
4134
4134
4145
4175
4217
4221
4243
4261
4262
4262
4272
4272
4303
4308
4362
4365
4365
4370
4382
4382
4382
4384
4431
4448
4448
4448
4451
4451
4458
4469
4508
4528
4543
4556
4581
4584
4584
4588
4596
4596
4624
4661
4661
4666
4669
4706
4706
4706
4735
4744
4749
4749
4781
4785
4786
4812
