1
68592876
69646955
69804269
69572598
69212524
68278199
69944371
68667649
69236515
69232532
68833403
67717968
69416647
68354074
69213039
69677706
69767079
68889640
68832181
69425528
69825221
69018485
69126121
68718068
69425765
68907701
69417226
69132120
68152674
69435847
68961643
69872368
68995791
68567852
69506143
68729328
68510190
68835471
69911565
68745299
69189703
68387208
68484028
68716299
69702989
68160645
69144631
69127679
69610412
68355579
68910013
68924576
69111250
67696689
69092396
70340274
69613440
68906685
69191697
69388967
69110030
68307766
68971259
68214479
69792383
68173453
68992635
69222402
70357941
68803295
68464455
69130198
69224972
69248347
69813327
68265705
69570944
68935268
69154576
69823085
68013637
69717455
68756008
69661354
68350188
69191762
71051478
68682384
69852989
69836105
69213659
69296687
68798357
69135956
69392429
69354669
69247645
69931697
68936819
70027398
