0
61886
123758
185468
247335
309209
371083
432889
494761
556620
618526
680367
742221
804079
865891
927792
989635
1051506
1113398
1175289
1237022
1298811
1360620
1422538
1484425
1546257
1608228
1670114
1731904
1793674
1855638
1917502
1979399
2041233
2103098
2164997
2226895
2288678
2350460
2412246
2474095
2536096
2597967
2659911
2721752
2783472
2845447
2907339
2969188
3031094
3092875
3154848
3216722
3278639
3340524
3402369
3464328
3526310
3588232
3650189
3712028
3773942
3835795
3897705
3959663
4021459
4083426
4145160
4207165
4269056
4330920
4392719
4454528
4516440
4578363
4640135
4701920
4763774
4825659
4887506
4949462
5011335
5073214
5135116
5196939
5258891
5320867
5382755
5444451
5506307
5568282
5630307
5692208
5754111
5815902
5877787
5939620
6001349
6063285
6125182
6187047
6248825
6310709
6372590
6434533
6496335
6558109
6619923
6681796
6743811
6805657
6867524
6929419
6991185
7052977
7114821
7176709
7238557
7300405
7362225
7424194
7486104
7548007
7609703
7671627
7733484
7795321
7857208
7919187
7981173
8043107
8104880
8166650
8228596
8290362
8352380
8414201
8476195
8538076
8599905
8661735
8723658
8785449
8847313
8909079
8971122
9032896
9094838
9156728
9218563
9280518
9342420
9404315
9466207
9528089
9590029
9651940
9713823
9775806
9837762
9899680
9961533
10023450
10085420
10147240
10209027
10270860
10332891
10394760
10456467
10518321
10580136
10642089
10703894
10765729
10827518
10889405
10951327
11013152
11075010
11136986
11198831
11260636
11322444
11384391
11446308
11508193
11570092
11631923
11693769
11755514
11817371
11879331
11941180
12003022
12064842
12126770
12188642
12250548
12312319
12374162
12436109
12498006
12559861
12621800
12683642
12745428
12807275
12869097
12930949
12992819
13054672
13116589
13178422
13240326
13302196
13364129
13425954
13487939
13549776
13611593
13673486
13735383
13797259
13859211
13921075
13982841
14044817
14106491
14168451
14230249
14292182
14354023
14415740
14477642
14539562
14601444
14663310
14725142
14787182
14849013
14910944
14972884
15034700
15096674
15158585
15220583
15282448
15344385
15406297
15468189
15530038
15592064
15653952
15715817
15777704
15839560
15901477
15963260
16025068
16086875
16148813
16210691
16272492
16334252
16396124
16457970
16519751
16581710
16643559
16705471
16767368
16829067
16891037
16953023
17014900
17076743
17138541
17200470
17262359
17324227
17386232
17448116
17509935
17571718
17633627
17695529
17757399
17819248
17881042
17942983
18004980
18066844
18128621
18190436
18252308
18314263
18376094
18437996
18499911
18561669
18623485
18685273
18747124
18808970
18870795
18932636
18994401
19056263
19118127
19180029
19241943
19303812
19365705
19427623
19489474
19551375
19613296
19675188
19737071
19798796
19860836
19922497
19984539
20046316
20108172
20169983
20231835
20293764
20355615
20417476
20479391
20541242
20603272
20665107
20726965
20788994
20850899
20912821
20974658
21036566
21098507
21160407
21222329
21284172
21346055
21407996
21469934
21531857
21593715
21655613
21717539
21779361
21841152
21903014
21964876
22026745
22088492
22150307
22212227
22274155
22335976
22397874
22459627
22521510
22583355
22645084
22707050
22768897
22830664
22892506
22954304
23016270
23078092
23139933
23201808
23263699
23325542
23387268
23449245
23511105
23573038
23634962
23696859
23758816
23820863
23882655
23944458
24006313
24068157
24130080
24191961
24253787
24315700
24377511
24439478
24501351
24563197
24625099
24686924
24748851
24810696
24872561
24934484
24996340
25058295
25120123
25182040
25243959
25305798
25367695
25429529
25491440
25553387
25615230
25677206
25738982
25800951
25862713
25924601
25986361
26048249
26110151
26172006
26233886
26295779
26357585
26419560
26481353
26543242
26605206
26667085
26729087
26790883
26852837
26914765
26976661
27038411
27100273
27162164
27224154
27286006
27347955
27409800
27471753
27533628
27595350
27657265
27719180
27780991
27842814
27904575
27966451
28028369
28090240
28152028
28213887
28275646
28337592
28399368
28461142
28523129
28584952
28646720
28708537
28770369
28832281
28894096
28956082
29017983
29079964
29141728
29203553
29265608
29327461
29389357
29451251
29513161
29575094
29637000
29698733
29760535
29822407
29884313
29946223
30008068
30069911
30131841
30193599
30255542
30317518
30379343
30441170
30502980
30564921
30626749
30688592
30750464
30812300
30874161
30936095
