0
3
3
4
9
9
11
13
13
21
21
24
47
47
47
50
57
71
71
71
74
74
84
84
106
118
122
122
122
154
154
154
170
171
171
180
203
203
203
228
228
230
236
236
236
236
253
267
267
267
268
313
316
316
316
323
323
323
323
323
326
326
327
350
353
359
386
401
414
434
452
453
453
453
453
453
474
477
477
488
491
529
539
554
559
579
589
591
591
599
599
599
614
621
624
643
643
643
643
648
677
677
677
683
683
683
708
708
716
716
716
728
728
728
731
731
731
731
731
733
736
742
742
767
767
767
768
775
775
775
785
792
812
845
845
850
851
851
851
851
862
894
894
894
894
908
915
915
915
915
915
920
924
935
935
935
935
935
935
937
954
965
995
1011
1032
1032
1032
1033
1033
1036
1079
1079
1079
1091
1091
1115
1145
1151
1151
1154
1172
1175
1175
1175
1175
1176
1195
1197
1208
1239
1239
1239
1239
1241
1246
1246
1246
1262
1262
1274
1284
1287
1287
1300
1300
1300
1300
1300
1300
1300
1300
1300
1307
1311
1311
1311
1311
1337
1339
1339
1340
1340
1341
1355
1369
1382
1392
1422
1422
1429
1429
1429
1429
1429
1432
1465
1468
1475
1479
1495
1507
1507
1513
1518
1520
1520
1520
1520
1520
1520
1520
1521
1521
1529
1529
1543
1555
1566
1576
1580
1580
1580
1580
1580
1620
1640
1640
1650
1650
1657
1668
1681
1688
1688
1690
1690
1690
1691
1691
1703
1712
1717
1717
1736
1740
1749
1749
1752
1755
1755
1755
1772
1772
1776
1804
1806
1812
1822
1822
1822
1822
1828
1849
1852
1852
1852
1854
1856
1856
1856
1856
1872
1876
1876
1876
1876
1876
1876
1903
1909
1933
1961
1964
1964
1969
1969
1969
1969
1981
2017
2017
2029
2034
2049
2049
2049
2064
2065
2065
2065
2078
2091
2091
2091
2091
2098
2098
2107
2107
2107
2109
2113
2114
2114
2114
2114
2114
2119
2162
2169
2169
2170
2170
2173
2173
2173
2173
2173
2193
2197
2197
2209
2209
2219
2233
2240
2240
2247
2247
2247
2247
2257
2264
2264
2264
2282
2292
2292
2302
2304
2313
2336
2336
2336
2336
2350
2379
2379
2379
2379
2402
2402
2402
2402
2402
2402
2407
2407
2407
2407
2413
2420
2462
2470
2494
2526
2542
2547
2582
2582
2582
2582
2590
2606
2614
2643
2643
2643
2653
2653
2675
2677
2677
2677
2686
2693
2693
2693
2693
2693
2693
2696
2697
2697
2705
2705
2716
2725
2725
2725
2725
2725
2733
2738
2739
2758
2762
2762
2762
2762
2763
2763
2763
2775
2775
2804
2804
2818
2826
2830
2830
2833
2842
2842
2842
2857
2868
2868
2876
2902
2902
2902
2927
2932
2939
2944
2944
2944
2944
2970
2996
2996
2996
2996
3017
3017
3017
3017
3017
3017
3017
