0
61824
123614
185479
247461
309299
371268
433271
495158
557046
618891
680840
742670
804581
866498
928317
990216
1052196
1114107
1176049
1237893
1299749
1361630
1423371
1485245
1547081
1608977
1670791
1732496
1794303
1856224
1918166
1979904
2041897
2103650
2165584
2227444
2289189
2351126
2413065
2474754
2536673
2598404
2660359
2722100
2784084
2845923
2907854
2969632
3031482
3093518
3155345
3217304
3279275
3341113
3403124
3465029
3526863
3588719
3650587
3712449
3774362
3836167
3898039
3959889
4021755
4083690
4145582
4207424
4269236
4331005
4392949
4454736
4516652
4578516
4640364
4702274
4764074
4825972
4887808
4949804
5011684
5073513
5135442
5197336
5259150
5321016
5382850
5444747
5506633
5568427
5630236
5692165
5754098
5815986
5877846
5939719
6001511
6063506
6125382
6187233
6249221
6311163
6373097
6434996
6496968
6558953
6620827
6682658
6744470
6806395
6868361
6930217
6992139
7054057
7115964
7177794
7239636
7301479
7363374
7425221
7487073
7548890
7610788
7672674
7734579
7796365
7858151
7919982
7981872
8043610
8105398
8167311
8229193
8290911
8352797
8414625
8476533
8538411
8600396
8662220
8724178
8785984
8847839
8909848
8971668
9033478
9095302
9157173
9219191
9281047
9342845
9404704
9466572
9528344
9590235
9652006
9713815
9775620
9837469
9899455
9961361
10023195
10085063
10146790
10208761
10270505
10332393
10394291
10456214
10518105
10579881
10641868
10703786
10765617
10827439
10889286
10951289
11013215
11075141
11137084
11198958
11260852
11322738
11384610
11446373
11508337
11570149
11632041
11693750
11755645
11817434
11879393
11941334
12003264
12065092
12127109
12188949
12250735
12312713
12374647
12436477
12498286
12560135
12622144
12684024
12745962
12807840
12869710
12931614
12993474
13055238
13117078
13178996
13240848
13302661
13364500
13426362
13488283
13550128
13611923
13673831
13735610
13797536
13859395
13921266
13983124
14045014
14106702
14168588
14230378
14292275
14354123
14416021
14477864
14539826
14601548
14663393
14725405
14787235
14849029
14910958
14972798
15034652
15096578
15158358
15220096
15281972
15343828
15405736
15467614
15529563
15591318
15653209
15715138
15777006
15838892
15900766
15962546
16024526
16086351
16148331
16210203
16272111
16334065
16395911
16457957
16519869
16581695
16643637
16705431
16767359
16829287
16891139
16953029
17014897
17076848
17138718
17200547
17262333
17324235
17386076
17447911
17509679
17571524
17633317
17695280
17757115
17819028
17880927
17942861
18004713
18066500
18128559
18190443
18252216
18314057
18375820
18437893
18499807
18561727
18623580
18685373
18747303
18809100
18870933
18932807
18994708
19056561
19118344
19180260
19242061
19304024
19365750
19427533
19489425
19551333
19613267
19675167
19737038
19798841
19860666
19922481
19984363
20046198
20108028
20169844
20231738
20293677
20355625
20417457
20479208
20541053
20602973
20664789
20726745
20788685
20850643
20912556
20974333
21036124
21098078
21159938
21221856
21283729
21345692
21407559
21469394
21531270
21593088
21654967
21716796
21778587
21840631
21902377
21964341
22026185
22088104
22150030
22211872
22273844
22335703
22397591
22459507
22521401
22583291
22645302
22707218
22769137
22831021
22892996
22954861
23016682
23078488
23140441
23202379
23264226
23325899
23387776
23449598
23511558
23573363
23635188
23697007
23759008
23820845
23882615
23944569
24006502
24068287
24130130
24191931
24253927
24315743
24377661
24439505
24501392
24563141
24625029
24686905
24748835
24810666
24872537
24934357
24996296
25058113
25119999
25181798
25243704
25305584
25367473
25429433
25491242
25553096
25614914
25676766
25738558
25800467
25862301
25924093
25986033
26047887
26109761
26171723
26233662
26295433
26357358
26419251
26481100
26542937
26604872
26666761
26728703
26790518
26852329
26914265
26976065
27037896
27099759
27161693
27223452
27285262
27347212
27409022
27470961
27532767
27594661
27656615
27718493
27780503
27842346
27904249
27966186
28028069
28090130
28151955
28213848
28275762
28337611
28399543
28461528
28523399
28585282
28647221
28709060
28770919
28832719
28894511
28956381
29018277
29080167
29141883
29203760
29265612
29327481
29389264
29451218
29513016
29575006
29636868
29698606
29760562
29822540
29884373
29946260
30007991
30069962
30131756
30193774
30255692
30317551
30379359
30441223
30503191
30565025
30626892
30688767
30750546
30812515
30874452
30936331
