0
85
170
286
398
589
737
834
979
1081
1179
1302
1416
1507
1599
1757
1906
1963
2078
2171
2314
2417
2521
2659
2796
2936
3030
3108
3201
3296
3411
3480
3649
3740
3907
4018
4158
4285
4357
4519
4604
4709
4854
4975
5053
5170
5256
5417
5494
5618
5720
5825
5921
6011
6198
6324
6464
6590
6751
6860
6948
7026
7083
7208
7349
7465
7552
7648
7798
7935
8018
8109
8244
8354
8446
8512
8619
8712
8768
8838
8901
9033
9111
9223
9319
9463
9567
9641
9776
9899
9977
10143
10286
10390
10517
10657
10740
10874
11004
11130
11262
11320
11439
11597
11692
11823
11958
12034
12112
12298
12472
12598
12701
12810
13004
13127
13223
13354
13476
13591
13667
13758
13833
13947
14061
14181
14338
14426
14534
14624
14775
14885
14948
15104
15181
15285
15439
15523
15613
15730
15849
15971
16053
16192
16301
16395
16510
16646
16797
16889
16988
17114
17265
17380
17503
17604
17704
17806
17938
18032
18111
18205
18349
18480
18578
18692
18814
18889
18985
19073
19176
19262
19327
19436
19519
19644
19721
19874
19937
20053
20188
20285
20425
20534
20619
20785
20893
21001
21120
21286
21345
21473
21587
21719
21843
21948
22089
22218
22319
22441
22556
22637
22718
22858
23028
23120
23202
23316
23461
23579
23683
23824
23919
23987
24102
24230
24316
24434
24567
24704
24840
24936
25048
25165
25306
25471
25550
25719
25783
25897
26019
26121
26254
26379
26490
26588
26678
26805
26913
27010
27139
27283
27416
27531
27605
27705
27856
27942
28028
28144
28261
28351
28432
28591
28668
28812
28954
29026
29150
29284
29415
29512
29606
29762
29882
29968
30029
30167
30249
30379
30495
30647
30715
30827
30959
31081
31213
31314
31428
31573
31736
31842
31913
32070
32129
32286
32393
32532
32642
32784
32909
33052
33170
33282
33383
33514
33598
33706
33871
33969
34058
34159
34297
34385
34490
34612
34757
34850
34946
35102
35184
35325
35498
35614
35740
35840
35955
36088
36222
36370
36444
36556
36634
36768
36921
37021
37129
37244
37347
37494
37600
37711
37776
37828
37953
38108
38224
38345
38424
38547
38681
38787
38855
38947
39028
39105
39248
39370
39474
39606
39745
39833
39915
40070
40169
40323
40425
40614
40714
40788
40887
40993
41084
41223
41318
41486
41542
41677
41795
41923
42045
42127
42241
42398
42567
42647
42686
42817
42866
43021
43126
43291
43407
43523
43653
43770
43921
43993
44120
44256
44334
44475
44622
44716
44810
44880
45028
45108
45222
45366
45490
45592
45658
45828
45914
46085
46209
46360
46500
46580
46678
46764
46872
47004
47053
47147
47287
47401
47524
47649
47756
47898
47982
48086
48185
48286
48365
48430
48531
48675
48788
48860
48932
49044
49189
49284
49345
49434
49524
49610
49755
49895
49954
50108
50218
50307
50413
50535
50678
50819
50943
51056
51194
51273
51405
51527
51626
51755
51875
52051
52143
52214
52322
52436
52536
52603
52736
52912
53030
53118
53172
53266
53329
53444
53578
53749
53865
54022
54154
54275
54423
54488
54620
54735
54814
54965
55144
55222
55343
55442
55601
55647
55788
55920
56049
56139
56222
56411
56556
56689
56825
