1
69539204
69683934
69569713
69464772
69157483
69794363
69171407
69465921
69414241
69705933
69468279
69516800
69153572
69518981
69232051
69371777
69246648
69547457
69374868
69481655
69279840
69265612
69552308
69501140
69244313
69470977
69356848
69471568
69525947
69792435
69480780
69428741
69431485
69627836
69493389
69366929
68971497
69638770
69654578
69587668
69545385
69419852
69434239
69348199
69216570
69316352
69173868
69232950
69481803
69642932
69476601
69399074
69430069
69235670
69341940
69537421
69372003
69585393
69597601
69330451
69430192
69304371
69166175
69112744
69382855
69658924
69340071
69802375
69595375
69364404
69457025
69560397
69314876
69056159
69412915
69847907
69541963
69559305
69820923
69474763
69400597
69603770
69633312
69637560
69534156
69583486
69473046
69541945
69461788
69637523
69814496
69431721
69488124
69252871
69601638
69264314
69457532
69592701
69721363
69545299
69621822
69624448
69576031
69347899
69462717
69228633
69880285
69377294
69684867
69319119
69546496
69432823
68978258
69415441
69815170
69454012
69208750
69493228
69894103
69374011
69266726
69270622
69489674
69647179
69347791
69437564
69598340
69789735
69690717
69407935
69561591
69539202
69354340
69711620
69340912
69580220
69682793
69678321
69715110
69427293
69329025
69553902
69831526
69280506
69390824
69569535
69664212
69642009
69410292
69526548
69264402
69517298
69381704
69360585
69396521
69419817
69542860
69531661
69371501
69332932
69382094
69576156
69545099
69874548
69502610
69313928
69349674
69406330
69433432
69358418
69648113
69262440
69588169
69240818
69424862
69360914
69398825
69833197
69499020
69263609
69583918
69364396
69676310
69603564
69807778
69558844
69449992
69653068
69468828
69251296
69257114
69209281
69265082
69338904
69591043
69388585
69447044
69587706
69032298
69643713
69412501
69724327
69876355
69459997
69507727
69118871
69466863
69466383
69665035
69519096
69528864
69410471
69228317
69625261
69376457
69497386
69570677
69458442
69611199
69239565
69423640
69282706
69438933
69412070
69974752
69033977
69394703
69719631
69713550
69686666
69526797
69579984
69526227
69091091
70023120
69878151
69336544
69598396
69497387
69383535
69692947
69668429
69489784
69766306
69515338
69660238
69282914
69446788
69857561
69593694
69483942
69734175
69720871
69245321
69264412
69560434
69054035
69498294
69919504
69602018
69458006
69463322
69554622
69554615
69446599
69227072
69393900
69288677
69607233
69661933
69511166
69501706
69208043
69685143
69419572
69288410
69548136
69413354
69115336
69436428
69436114
69349834
69806638
69508103
69592401
69424555
69675811
69373551
69228420
69123429
69678850
69160681
69627653
69474626
69665577
68971416
69485599
69281979
69018974
69244941
69757761
69556119
69388896
69311964
69851523
69814043
69544686
69522349
69741125
69669483
69247221
69409361
69430677
69401380
69135718
69489873
69425052
69668325
69347261
69321866
69656985
69355192
69517149
69411656
69319080
69420003
69361440
69499259
69303296
69684334
69507208
69508804
69786306
69945927
69595636
69545405
69430645
69487079
69208226
69421454
69378973
69483411
69254810
69493986
69909349
69521052
69305859
69199231
69535487
69566856
69553924
69287891
69471498
69259184
69498314
69460807
69238041
69596657
69176640
69309633
69853189
69626577
69639002
69730812
69346260
69433676
69795141
69585524
69501192
69799803
69467481
69597737
69364104
69586647
69549899
69336761
69589045
69707081
69545050
69342697
69611930
69257364
69472864
69342130
69533052
69305524
69396599
69514707
69499863
69626047
69758348
69655815
69237629
69461741
69508349
69405188
69560827
69289469
69842982
69282522
69019514
69633685
69600902
69426091
69407621
69629888
69253328
69580855
69834406
69549778
69227608
69341063
69588139
69456247
69677740
69127960
69676379
69501732
69764629
69466831
69705477
69785588
69721589
69585126
69226502
69471607
69491630
69449840
69496757
69513081
69252582
69474204
69601767
69241468
69463348
69393200
69204671
69515179
69517320
69597185
69755090
69493285
69498551
69561440
69758217
69336681
69383097
69461484
69191125
69536515
69690371
69296765
69675171
69710526
69825458
69172679
69633439
69816249
69295302
69725913
69580636
69706812
69600633
69345990
69616208
69422494
69431652
69670836
69473128
69387601
69467392
69164681
69384963
69724439
69598913
69333340
69181651
69815403
69050923
69498493
69406770
69834455
69640834
69269245
69863456
69271790
69439804
69483165
69254789
69862247
69493670
69476784
69756569
69742187
69470136
69545559
69404594
69365368
69536071
69448694
