1
318298806
323709610
318647938
329034129
323086854
323996688
333683166
327126388
320613853
317427681
320857536
317547838
327126022
326049712
324852757
322132448
328258953
324883985
324847641
324781231
320806459
323636393
317669618
326240140
325640873
325073383
315772373
326072666
324578424
327760477
323931598
319458791
328629873
327063984
326860528
324750503
325565193
321137481
319725763
321739561
322230798
321919106
321754918
322630202
321318124
319946754
323981158
322380446
331120334
322201369
331372432
325344057
328369120
326481694
320652143
324359422
318644102
323292382
325488312
318028178
328823975
324669131
321082703
330257782
321537475
325939481
326719849
324604615
326396541
317140281
321412120
322309639
322948821
322442258
323508131
326060154
325138205
321260079
319049137
324679387
320310052
319666234
329335360
326089520
320955582
325687077
325368695
314645713
320667171
322146687
327702549
325724016
320859149
322638074
323573806
321858000
319573948
320578022
316868182
325931844
324188794
320573463
319444931
326679468
319226721
322718005
317990819
325105622
319957018
321251839
323817054
320404510
324111089
322709444
321068995
326160826
323263030
318637401
321201609
324759714
318630754
324361853
319837740
326635045
318677171
323722574
324310188
322476335
323114305
322789162
325519584
321526445
320310648
322198876
324373631
316898782
317549944
320888383
324069329
316190854
330001332
325071931
326656530
319411647
326530074
319941314
327125358
320574124
321251031
321292360
322670666
324241835
320340619
329866169
319925516
319998154
322102204
325031481
318390324
324567904
320805522
321799771
319403388
323730293
329090731
325200569
323214485
313731648
324540117
316569097
324970176
319307141
326046971
326541421
329132772
325391074
322772239
325650948
322052951
321834246
323402206
322633873
323203948
318529207
322797261
330234836
317682268
320670568
322510523
323850941
322896434
320987400
314094046
323808235
323839269
322365309
320703105
323393726
317226472
324206972
326634858
321879636
321912659
328213192
319669778
325456195
322575335
320137538
319761404
318042925
321884290
325591997
326578713
321868091
329178358
323928603
329949268
327451102
320533845
323952481
324327377
321245312
321786081
317492648
321980809
314582681
316669645
317265422
327236857
320665245
323089966
323458010
320534667
324290693
322730960
323796054
325047600
320441458
333085263
318683016
322894282
328734353
319988386
319507939
324667552
319403003
324494185
328265869
320792716
329076858
319055922
322736000
322650837
318310413
319162623
320769311
327298937
316681536
320835687
321545711
320529265
320286647
322574402
328150748
319059269
323435863
325482574
323220981
321140229
315590357
326456357
312194173
326239346
330747670
322966470
321251917
321673308
323915785
320426842
320106405
321750531
325800948
320847777
320397963
329780483
320667869
320701649
327423173
320094157
322841805
323060521
323805894
332695050
331043125
325407299
323479621
320537476
324665482
322361320
320188858
324319777
323889189
326373622
324226852
325229949
324737081
317426481
323155438
328395332
315940821
330365048
332168958
324677889
327711219
322540452
325770073
324574131
320023698
324481085
323842558
324500030
319592435
322657536
321904320
325068527
320726121
324030253
324429215
322712871
321622007
324798839
325565096
326817901
322503031
319939035
320074601
321628322
326490563
326621386
319890476
325957264
319397032
328314611
324649573
318341389
323719183
322542337
320456294
318608887
320552239
322307030
319117255
318306497
321666110
318575523
324246717
323673619
321282575
318335248
323353781
324764352
319378392
324974692
325751305
320339230
329420849
318371749
322578198
322694187
318198359
323299476
322046191
329684586
318695228
320066841
319824336
324191137
319478465
320306768
320168613
325252802
319037924
323574206
316053020
323597580
319749357
321190176
323861870
320811296
323658189
322545921
322708298
323329251
322393810
323708191
323107149
320190120
317590059
325357315
315736414
325581092
323453139
318689258
322057532
318364477
321473438
324358554
329656973
322437903
317674237
324025689
331876556
314897076
321410597
323168489
325683851
315827473
324670450
320583866
323702546
323991106
327407367
321997108
324819237
323496542
322903208
324540368
322360893
325505336
319457620
323713628
313211156
322170535
329295944
325053475
325598652
327777161
321747412
323769784
322364726
319773029
318651185
327058341
328264299
320262595
327278081
313885738
316823843
321702434
328068168
328578558
323698114
319657273
323584208
321795892
323014895
321654925
321047930
317658638
320983359
321740645
316204224
323919995
324410098
319235437
318738962
318996068
315780890
321639135
318170481
322966321
329235768
324774821
323957596
327387770
320549580
326389462
326532481
325985753
320065663
321400424
323014751
322488465
320352776
317980425
317483092
318190111
324300136
324931419
326817972
322039366
328521296
321285618
328767191
328475735
324291416
320113386
320960224
322569669
324313311
