0
0
1
17
29
35
35
43
43
50
50
50
50
50
50
50
50
50
51
53
69
78
88
96
100
100
100
100
100
133
147
147
150
150
150
162
170
180
180
180
180
180
180
180
186
186
193
193
214
224
226
226
226
226
226
226
229
232
235
262
262
267
276
276
276
276
279
299
299
299
299
299
299
299
299
299
306
308
308
308
308
308
308
331
340
365
387
389
389
389
389
389
389
396
426
426
434
454
454
454
454
465
465
465
465
475
475
475
475
475
475
475
481
481
481
481
483
485
485
485
485
485
485
530
532
532
534
534
536
536
536
536
536
550
551
551
563
563
575
581
582
582
585
585
585
585
585
588
588
588
597
605
605
609
619
630
644
644
644
644
651
676
676
676
676
689
689
689
689
689
689
689
689
689
689
689
694
734
740
767
799
813
816
846
846
846
846
846
860
874
896
896
896
897
897
913
913
913
913
923
923
923
923
923
923
923
923
923
923
923
923
940
941
941
941
941
941
947
950
954
970
970
970
970
970
970
970
970
971
979
999
999
1006
1009
1015
1015
1019
1029
1029
1029
1030
1044
1044
1045
1071
1071
1071
1089
1097
1098
1102
1102
1102
1102
1126
1147
1147
1147
1147
1157
1158
1158
1158
1158
1158
1158
1158
1158
1158
1161
1176
1206
1214
1220
1246
1251
1279
1298
1298
1298
1298
1298
1298
1307
1340
1340
1340
1348
1348
1387
1387
1387
1387
1403
1410
1415
1415
1415
1415
1415
1419
1425
1438
1454
1454
1454
1454
1454
1454
1454
1454
1454
1454
1466
1479
1479
1479
1479
1490
1490
1490
1490
1490
1490
1497
1497
1520
1525
1530
1530
1530
1549
1549
1549
1562
1562
1562
1568
1584
1584
1587
1601
1601
1606
1614
1614
1614
1614
1631
1638
1638
1638
1654
1674
1679
1679
1683
1683
1683
1683
1683
1683
1683
1683
1686
1700
1709
1719
1737
1757
1768
1789
1800
1800
1800
1800
1800
1800
1813
1813
1813
1816
1822
1862
1869
1880
1884
1906
1918
1918
1918
1918
1918
1918
1924
1928
1933
1951
1951
1951
1951
1958
1974
1974
1974
1974
1974
1974
1990
1990
1990
1990
1994
2003
2003
2003
2003
2003
2003
2003
2003
2003
2003
2010
2010
2024
2024
2024
2027
2035
2035
2035
2039
2057
2083
2096
2096
2100
2100
2100
2100
2100
2119
2136
2136
2136
2139
2149
2149
2149
2149
2149
2150
2150
2162
2165
2165
2165
2165
2165
2165
2165
2182
2198
2224
2235
2252
2252
2252
2252
2252
2252
2285
2285
2285
2289
2289
2323
2343
2343
2343
2348
2358
2361
2361
2361
2361
2367
2368
2374
2388
2412
2412
2412
2412
2412
2416
2416
2416
2418
2419
