0
16
16
23
29
30
42
43
43
60
60
68
95
95
99
112
116
131
131
135
148
148
165
165
199
209
214
216
221
261
261
262
285
289
290
309
331
336
336
369
371
376
386
386
386
386
417
431
431
431
442
489
491
491
497
503
503
505
508
514
529
529
538
558
568
580
609
625
642
661
677
678
678
679
681
681
713
715
716
734
742
782
796
809
818
843
856
856
856
866
866
877
893
900
906
924
924
924
925
942
965
965
965
978
978
986
1015
1021
1031
1032
1038
1052
1052
1055
1062
1062
1070
1070
1079
1085
1088
1096
1099
1137
1137
1137
1146
1154
1154
1163
1180
1193
1220
1248
1248
1253
1259
1260
1266
1266
1285
1320
1320
1324
1330
1349
1355
1359
1367
1370
1371
1375
1383
1395
1399
1401
1401
1406
1411
1424
1441
1451
1481
1497
1516
1518
1518
1528
1528
1540
1583
1585
1585
1604
1604
1638
1669
1679
1679
1693
1709
1715
1715
1718
1718
1731
1746
1749
1761
1792
1792
1792
1792
1805
1822
1822
1822
1847
1850
1866
1885
1890
1897
1913
1913
1924
1924
1924
1928
1930
1930
1930
1946
1951
1951
1954
1954
1986
1989
1989
2000
2000
2005
2021
2038
2056
2061
2090
2094
2099
2107
2107
2107
2113
2125
2158
2163
2180
2186
2201
2215
2215
2226
2229
2241
2242
2244
2252
2253
2258
2260
2266
2272
2279
2284
2300
2312
2323
2335
2338
2339
2348
2348
2352
2398
2414
2415
2435
2435
2452
2464
2477
2488
2488
2493
2493
2500
2516
2516
2533
2539
2548
2548
2582
2586
2596
2596
2608
2622
2622
2622
2643
2649
2654
2692
2698
2708
2715
2715
2715
2715
2729
2748
2754
2754
2759
2766
2768
2770
2771
2771
2796
2801
2801
2806
2810
2810
2814
2854
2856
2883
2909
2914
2914
2924
2924
2924
2924
2948
2983
2983
3010
3015
3032
3038
3038
3064
3064
3064
3067
3084
3094
3095
3095
3104
3113
3113
3131
3139
3146
3158
3158
3165
3165
3170
3170
3170
3188
3225
3232
3236
3245
3245
3257
3257
3257
3257
3257
3287
3292
3294
3316
3316
3337
3350
3357
3357
3374
3374
3374
3374
3392
3403
3403
3406
3431
3442
3442
3460
3466
3477
3497
3497
3499
3501
3524
3551
3551
3551
3560
3589
3589
3592
3592
3594
3597
3605
3607
3607
3614
3622
3629
3671
3685
3710
3741
3758
3774
3809
3809
3809
3809
3824
3842
3854
3883
3883
3887
3905
3905
3940
3943
3943
3943
3959
3969
3971
3971
3972
3974
3977
3989
3989
3994
4009
4009
4026
4031
4031
4034
4034
4034
4050
4056
4059
4080
4084
4084
4094
4094
4105
4105
4114
4127
4133
4167
4167
4194
4202
4210
4211
4218
4230
4230
4230
4253
4268
4269
4289
4314
4316
4320
4350
4352
4363
4371
4371
4371
4371
4407
4433
4433
4434
4434
4465
4468
4468
4472
4476
4476
4476
