1
69376091
69417818
69203863
69042875
69234774
69658850
69305190
69292476
69606858
69506184
69394371
69471489
69193482
69568891
69774286
69543193
69348571
69389601
69656141
69530957
69484729
69772507
69351395
69552504
69373255
69262194
69912974
69692438
69648258
69744235
69357098
69280324
69527845
70009328
69366105
69755213
69641495
69704248
69715368
69599745
69576813
69343063
69701701
69385653
69278426
69396731
69394577
69695987
69476477
69401340
69497373
69461739
69684106
69514497
69637240
69732413
69423436
69707492
69300851
69624732
69444019
69304091
69271421
69541134
69477691
69617747
69351542
69663552
69388584
69410624
69163179
69578789
69502576
69370264
69553214
69649721
69667983
69555087
69524546
69284547
69267115
69544089
69358804
69316622
69779644
69850914
69404530
69130651
69571212
69462694
69543615
69326754
69731906
69582078
69670801
69645722
69373112
69533906
69419074
69133293
69504356
69313742
69560987
69730365
69374249
69615889
69222182
69544817
69260370
69522020
69294054
69349963
69419895
69259019
69448607
69766676
69179306
69617926
69349747
69868842
69514201
69420730
69386380
69483420
69240712
70051226
69544254
69533414
69536139
69420699
69254383
69811769
69450434
69657087
69597589
69511086
69463539
69317467
69770353
69711713
69694726
69282898
69637526
69540191
68840675
69351766
69278884
69226073
69628175
69746032
69349300
69241240
69435673
69824902
69198932
69474996
69478300
69421000
69507107
69541030
69530754
69499347
69274525
69300980
69453469
69316372
69380140
69381671
69338666
69386557
69287985
69764896
69433456
69592632
69357760
69622949
69579371
69771281
69291987
69312782
69589233
69864091
69358632
69097135
69579147
69234947
69161615
69609484
69008814
69398610
69296837
69709279
69575430
69301903
69482808
69592310
69573033
69502683
69748994
69748185
69415891
69379375
69426111
69438873
69278525
69381430
69588923
69563414
69579750
69159490
69431586
69424237
69268581
69396561
69147846
69344944
69528392
69563110
69472042
69558407
69315612
69624633
69507085
69865954
69758838
69675229
69523649
69516894
69267321
69072725
69425367
69525523
69517265
69076734
69460518
69855897
69432685
69118028
69298352
69481510
69418296
69533045
69704689
69593977
69521041
69352212
69422503
69479843
69454103
69381946
69671620
69668840
69594803
69528324
69626266
69253266
69286195
69440661
69272988
69615415
69580777
69527261
69404371
69465183
69665708
69585079
69637958
69549679
69759237
69354109
69710677
69127203
69240477
69667442
69268068
69591901
69428633
69280406
69590432
69399992
69449142
69968905
69332111
69526375
69343498
69669338
69730008
69322962
69199585
69816941
69241726
69170671
69453363
69194307
69408963
69600911
69373163
69574712
69483820
69630198
69519901
69094097
69280597
69736181
69622037
69766492
69338008
69689835
69448757
69650718
69492997
69698704
69571198
69546210
69786701
69336955
69644772
69518501
69414668
69520757
69459765
69296179
69361860
69730507
69135455
69426447
69466314
69468537
69506690
69256150
69702814
69408994
69500886
69571762
69500986
69668137
69203823
69379438
69370964
69414246
69651551
69613475
69545846
69569440
69835680
69404936
69256023
69411958
69691844
69317871
69525187
69728907
69502253
69608609
69333212
69427431
69281940
69587248
69320943
69263563
69357870
69573209
69360080
69374253
69498653
69486156
69328436
69837282
69329244
69093739
69284560
69477534
69795747
69467353
69558782
69856942
69339167
69489169
69335149
69617348
69616900
69672813
69697724
69751172
69745819
69677714
69493874
69595725
69371068
69473988
69271802
69572536
69597311
69601424
69380333
69587319
69686352
69552564
69823582
69477190
69296425
69250198
69789538
69661046
69340110
69510334
69134901
69604012
69263806
69349075
69173398
69657993
69484162
69345001
69231632
69511076
69434377
69180232
69480229
69748141
69464676
69386442
69608859
69230144
69105868
69667538
69552655
69314220
69510809
69507088
69412924
69634715
69621079
69735159
69157628
69503375
69690722
69579486
69362555
69533601
69531269
69468256
69165652
69860106
69519963
69697765
69355699
69728684
69368746
69332798
69549356
69637467
69545592
69387912
69776127
69947961
69893302
69671344
69608817
69519853
69765903
69484738
69269675
69382339
69676897
69437313
69549020
69317255
69637193
69830231
69331603
69446477
69246318
69327081
69292201
69246007
69551689
69283882
69383498
69382953
68976185
69331660
69580864
69485760
69180725
69563452
69756251
69031988
69492505
69216077
69405420
69194278
69375475
69641985
69509430
69955653
69561050
69477565
69648376
69575789
