0
1
8
49
49
55
60
69
69
81
100
136
175
196
196
203
209
212
212
212
271
296
296
296
323
338
343
348
352
352
362
362
384
391
394
395
395
400
400
429
454
478
529
549
562
562
562
573
573
590
655
655
671
684
695
757
786
795
795
826
844
848
848
849
854
889
890
896
933
961
961
961
973
973
989
989
989
1024
1045
1048
1080
1087
1097
1110
1117
1117
1117
1122
1122
1122
1122
1127
1146
1151
1151
1151
1160
1199
1202
1207
1217
1217
1233
1246
1281
1302
1325
1348
1356
1361
1368
1368
1368
1375
1395
1442
1442
1469
1496
1507
1520
1520
1533
1533
1548
1548
1559
1559
1561
1562
1576
1576
1588
1594
1606
1625
1641
1655
1671
1675
1679
1679
1679
1689
1772
1782
1787
1814
1814
1839
1857
1872
1888
1888
1890
1890
1891
1900
1900
1938
1943
1949
1973
1995
2009
2009
2022
2027
2040
2040
2044
2071
2080
2092
2140
2150
2155
2166
2170
2170
2186
2197
2230
2230
2238
2238
2251
2252
2252
2252
2258
2292
2292
2292
2292
2299
2299
2299
2359
2382
2417
2447
2452
2452
2466
2466
2466
2474
2513
2555
2555
2592
2619
2626
2631
2631
2664
2664
2664
2664
2707
2707
2707
2707
2730
2730
2735
2757
2762
2764
2778
2782
2789
2789
2792
2792
2801
2822
2891
2892
2895
2904
2904
2922
2922
2922
2922
2955
2970
2970
2981
2999
3001
3046
3054
3054
3066
3077
3077
3077
3097
3105
3115
3115
3131
3152
3167
3185
3190
3214
3226
3243
3243
3243
3264
3283
3323
3323
3328
3358
3373
3373
3374
3374
3374
3389
3389
3389
3392
3396
3410
3430
3495
3506
3546
3602
3628
3674
3692
3692
3692
3693
3710
3737
3761
3803
3803
3818
3827
3830
3880
3880
3880
3880
3918
3921
3921
3921
3923
3925
3938
3943
3943
3951
3970
3971
4002
4002
4004
4007
4007
4007
4039
4039
4058
4076
4076
4076
4087
4099
4099
4106
4125
4126
4164
4175
4185
4215
4230
4230
4242
4250
4262
4262
4284
4301
4309
4309
4345
4374
4375
4405
4426
4445
4450
4461
4461
4461
4486
4524
4557
4557
4557
4584
4601
4601
4601
4607
4607
4607
4607
4619
4637
4638
4653
4685
4726
4735
4766
4793
4795
4860
4870
4870
4870
4870
4878
4892
4914
4962
4962
4995
5003
5032
5081
5084
5086
5086
5137
5154
5154
5154
5179
5179
5193
5203
5212
5235
5256
5256
5272
5273
5283
5292
5292
5293
5314
5318
5356
5364
5370
5370
5390
5415
5415
5415
5431
5433
5449
5451
5462
5517
5519
5524
5524
5553
5581
5581
5615
5616
5619
5619
5670
5681
5685
5710
5735
5737
5741
5758
5758
5758
5781
5811
5818
5818
5824
5891
5908
5910
5910
5926
5926
5926
5926
5934
5941
5950
5950
5979
5997
6012
6052
6071
6099
6128
6163
6168
6169
6169
6169
6169
6169
6216
6216
6232
6248
6288
6330
6338
6357
