0
1707
3285
4991
6540
8152
9814
11410
13041
14675
16238
17739
19456
21078
22590
24216
25847
27489
29062
30630
32247
33791
35487
36983
38616
40220
41830
43360
44896
46433
48025
49601
51199
52834
54342
55988
57604
59298
60816
62491
64036
65582
67193
68640
70247
71790
73472
75014
76456
78078
79702
81349
82966
84449
86065
87679
89352
90977
92646
94169
95734
97425
98957
100582
102254
104000
105546
107245
108792
110345
111953
113573
115040
116709
118246
119883
121560
123016
124606
126288
127787
129411
130954
132572
134227
135833
137320
138847
140358
141943
143547
145127
146834
148367
149963
151625
153219
154836
156344
157894
159515
161133
162791
164417
166071
167536
169245
170803
172359
173988
175554
177218
178755
180328
181979
183633
185275
186959
188646
190292
191840
193363
194802
196401
197930
199480
200990
202557
204118
205738
207314
209058
210549
212192
213704
215285
216760
218220
219811
221268
222984
224529
226023
227565
229215
230889
232489
233936
235439
236975
238648
240240
241909
243561
245160
246769
248338
249905
251547
253308
254883
256594
258240
259790
261360
262972
264479
266013
267586
269317
270883
272421
273987
275697
277250
278871
280509
282163
283819
285465
286956
288494
289962
291571
293220
294862
296528
298155
299773
301349
302910
304470
306034
307669
309317
310905
312506
314084
315653
317117
318752
320370
321925
323561
325145
326677
328211
329892
331441
333125
334699
336425
338018
339685
341183
342614
344151
345756
347399
348987
350573
352114
353709
355345
356939
358572
360028
361678
363153
364720
366262
367810
369327
370684
372385
373883
375353
376925
378455
380166
381740
383260
384909
386479
388177
389875
391489
393071
394687
396219
397750
399356
401026
402634
404075
405740
407480
409078
410650
412259
413839
415331
416861
418654
420332
421910
423437
425142
426749
428346
429910
431515
433180
434801
436312
437850
439407
441010
442589
444241
445879
447420
448949
450510
452157
453629
455256
456764
458313
459877
461464
463057
464630
466183
467857
469441
471047
472668
474233
475823
477421
479134
480658
482301
483922
485584
487253
488877
490478
492052
493623
495198
496903
498429
499971
501574
503295
504845
506459
508137
509599
511145
512741
514293
515757
517295
518786
520293
522015
523574
525154
526721
528240
529973
531639
533187
534862
536476
538190
539823
541489
543103
544692
546212
547849
549473
551088
552673
554210
555828
557496
559067
560672
562265
563831
565398
566889
568613
570238
571859
573337
574926
576492
578163
579779
581404
582984
584616
586292
587873
589400
591060
592636
594362
595904
597517
599057
600642
602248
603787
605416
606955
608549
610121
611777
613370
615024
616529
618184
619664
621293
622920
624528
626110
627653
629252
630823
632344
633963
635638
637192
638810
640347
641899
643583
645098
646733
648340
649935
651516
653126
654678
656267
657880
659478
661133
662763
664353
665880
667442
669119
670518
672266
673881
675525
677140
678665
680322
682025
683573
685176
686742
688410
690007
691741
693260
694775
696354
697956
699607
701209
702937
704459
706122
707846
709424
711107
712618
714219
715847
717341
719075
720755
722363
723884
725570
727095
728662
730390
731987
733617
735190
736819
738362
739899
741633
743216
744842
746410
748054
749619
751244
752886
754535
756061
757583
759071
760704
762393
763934
765613
767202
768860
770508
772133
773652
775117
776645
778268
779985
781452
782971
784466
786103
787763
789348
790838
792415
794007
795605
797247
