0
61877
123734
185558
247398
309285
371143
432963
494842
556724
618625
680503
742298
804099
865908
927809
989515
1051360
1113250
1175119
1236866
1298762
1360577
1422479
1484360
1546337
1608186
1670113
1731931
1793784
1855809
1917604
1979406
2041255
2103107
2165126
2226997
2288801
2350637
2412517
2474312
2536158
2597949
2659754
2721511
2783411
2845419
2907289
2969139
3030997
3092717
3154693
3216427
3278340
3340266
3402157
3464045
3525854
3587858
3649735
3711595
3773406
3835267
3897253
3959188
4021156
4083096
4144931
4206843
4268725
4330621
4392373
4454331
4516175
4578013
4639735
4701659
4763460
4825426
4887337
4949273
5011103
5073116
5134959
5196771
5258728
5320657
5382453
5444305
5506136
5568147
5630035
5691932
5753853
5815707
5877610
5939467
6001262
6063066
6124980
6186868
6248665
6310508
6372335
6434303
6496112
6557911
6619838
6681625
6743529
6805434
6867285
6929104
6991013
7052701
7114579
7176365
7238291
7300141
7362046
7423855
7485816
7547580
7609401
7671401
7733259
7795032
7856980
7918831
7980654
8042567
8104348
8166096
8227986
8289847
8351746
8413611
8475531
8537324
8599227
8661161
8722999
8784930
8846754
8908554
8970517
9032351
9094341
9156212
9218110
9280061
9341929
9403964
9465846
9527706
9589629
9651427
9713375
9775320
9837172
9899014
9960874
10022860
10084718
10146542
10208349
10270225
10332081
10393923
10455678
10517538
10579337
10641248
10703114
10765011
10826917
10888866
10950710
11012503
11074571
11136475
11198255
11260022
11321840
11383878
11445808
11507737
11569543
11631381
11693270
11755107
11816945
11878837
11940692
12002543
12064344
12126266
12188102
12250032
12311786
12373558
12435440
12497356
12559322
12621204
12683041
12744872
12806680
12868496
12930394
12992207
13054036
13115867
13177765
13239685
13301639
13363468
13425226
13487082
13548982
13610818
13672733
13734703
13796662
13858582
13920340
13982162
14044127
14105978
14167900
14229779
14291733
14353576
14415408
14477282
14539102
14601008
14662823
14724604
14786612
14848432
14910358
14972181
15034148
15096054
15157878
15219866
15281718
15343594
15405522
15467398
15529311
15591323
15653248
15715139
15777040
15839014
15900866
15962684
16024503
16086469
16148383
16210254
16271933
16333816
16395647
16457588
16519375
16581176
16643013
16705034
16766871
16828638
16890607
16952508
17014309
17076140
17137963
17199937
17261774
17323668
17385547
17447397
17509178
17571061
17632968
17694834
17756679
17818560
17880378
17942295
18004147
18066037
18127808
18189726
18251626
18313506
18375449
18437255
18499105
18560939
18622794
18684578
18746497
18808315
18870099
18932050
18993915
19055784
19117753
19179660
19241477
19303379
19365276
19427138
19488939
19550887
19612761
19674704
19736516
19798332
19860275
19922095
19983923
20045783
20107739
20169477
20231290
20293229
20355066
20416946
20478808
20540677
20602665
20664524
20726522
20788381
20850264
20912210
20974103
21036120
21097958
21159860
21221787
21283638
21345563
21407559
21469397
21531313
21593256
21655098
21716948
21778725
21840529
21902391
21964307
22026186
22087924
22149774
22211640
22273493
22335278
22397225
22459077
22521012
22582897
22644627
22706589
22768548
22830384
22892276
22954010
23015996
23077816
23139830
23201698
23263557
23325397
23387249
23449219
23511037
23572901
23634806
23696540
23758541
23820476
23882362
23944122
24005977
24067899
24129767
24191602
24253499
24315391
24377200
24439017
24500795
24562617
24624496
24686173
24748074
24809900
24871744
24933646
24995528
25057469
25119296
25181239
25243099
25305025
25366925
25428764
25490686
25552482
25614326
25676242
25738090
25799987
25861805
25923693
25985414
26047384
26109295
26171121
26232962
26294895
26356792
26418757
26480640
26542552
26604505
26666454
26728315
26790203
26852131
26914025
26975870
27037816
27099617
27161529
27223537
27285434
27347339
27409174
27471120
27533019
27594843
27656643
27718560
27780409
27842197
27903992
27965908
28027779
28089655
28151471
28213415
28275117
28337042
28398873
28460606
28522530
28584383
28646178
28708020
28769833
28831809
28893581
28955449
29017282
29079182
29140970
29202806
29264826
29326689
29388583
29450516
29512366
29574397
29636319
29698162
29759993
29821893
29883711
29945614
30007437
30069335
30131185
30193067
30255037
30316858
30378737
30440593
30502420
30564358
30626127
30688075
30749971
30811875
30873772
30935561
