1
101466004
101856266
100769156
100780563
100932180
100628855
100271171
100528949
101122221
100330106
101018731
100644837
100946012
100464966
101355728
100538545
100261879
100254815
100650662
101046656
100197859
100655135
100790857
100514125
101574176
100506503
101467515
100927194
100965626
100649830
100815701
100478699
100740222
100414969
100790171
100996534
100700867
101625322
101246468
101104106
100899549
100735746
101227860
101062504
101755986
101104340
101286195
100579094
100959152
100180987
100984296
100929845
100797260
101185172
101027682
101147222
100717362
100822063
100917539
100396644
100202096
100629980
100844416
101487479
100052526
100733434
101019379
100667010
100215988
100695807
100790379
100702533
99918525
101611318
101047098
100557430
100292297
101301874
99613005
101179254
101027509
101012037
100630510
101099912
99930233
100894427
100914619
100612715
100986175
101166366
100694127
100830612
101157656
99968908
101228293
100233610
100546542
101498253
99833864
100321690
101648565
100670996
100815044
101493110
101208628
100493012
100259129
100488680
100433187
101487176
100778655
100613494
100674495
101178669
100751290
101896204
100744023
101629522
101484952
100932179
100907493
101282591
100347754
100836811
100596375
101219408
100871311
101161565
100715933
100820191
100543277
99899615
101258949
100932277
100253322
100878423
100263786
101305405
100980672
100332043
101193187
100268875
101494345
101168113
100623022
101390237
100171615
101100918
100485091
101297880
101038103
100962209
100939707
101491849
100498400
100806210
100888953
100924886
100771055
100866968
100711621
99936935
100973414
100922746
100427380
100265597
100241681
101064795
101175403
100745518
101465222
100270412
100967275
100976950
101036315
100828325
101306467
100901616
101306209
101042145
100869620
100918648
101274047
100166948
100733913
100701642
100973830
101282311
100755572
101190078
101362966
100464188
100654555
101388834
100065024
100116666
100004467
101080712
100366799
100175151
100590211
100585189
101198212
100142223
99982669
100996625
99854532
101196151
101195105
100853079
100148360
101432008
100796547
101083285
100890759
101037905
100880399
100720046
101109211
100532904
100348928
101491730
100343598
101091594
101001367
100733739
100093847
100716862
101254972
101014657
101138840
100681598
100821812
100607647
101181245
101567819
101081008
100722338
100481921
100531100
100874319
101903323
100553806
100676028
101458283
100172816
100645176
100784137
100447658
101541702
100707740
100525304
101155447
101017699
100427017
101121229
100188785
100596749
101215755
100595351
100506373
101286783
100461389
100868864
101123230
100662271
100191906
100472179
100654944
100641136
100312937
100509828
100538782
100561336
100887645
101222660
100633647
100680525
102137678
100825594
100619862
100403045
100837027
101372780
100473776
100477355
100483976
100532575
100757845
100330195
100734094
100661849
100112372
100102678
100025474
101059575
100895771
100881209
100715849
101246519
99875041
101504720
100215020
100658388
101537459
100959483
100221630
100765924
100948251
100165064
100914079
100149981
101011183
100718544
100818883
100753906
101230156
100308108
101209573
100507665
100922542
100684946
100507569
100475330
100518438
100313946
101105357
100763093
100484241
100464782
101039291
100774746
100368182
101371885
101057820
100223348
100504818
101265527
100687471
101591066
100601910
100437463
99757131
100885193
100208062
100205717
100288440
101223515
101273923
100751564
101177702
101158765
100874233
100802708
100656126
100165207
100832409
100626988
100370448
100743301
101386500
100942920
100967281
101169523
101025625
100525018
101020675
100559620
100930978
101324257
100199495
100426089
100271814
100832925
100881260
100313222
100291511
101186328
101737361
100820474
100795744
101169536
100824517
100559836
100767202
101518016
100487219
101188863
100769486
101142928
101143452
100471001
100784747
100598917
100618137
101722185
100026545
101196502
100919617
101022972
100414694
101170544
101069120
100122518
101232910
100759331
100774054
101071521
100086955
101481941
100649775
100840417
100695883
100436782
100906495
100463138
100857513
101432446
100109096
100998877
100690800
100387803
100977770
100901527
100710866
101358871
101008762
101058977
100976063
101744380
101563524
100979706
100729744
100908112
101197890
100141416
100410276
100448010
100821574
100481699
100704114
101755858
100259360
100522219
100419448
100570830
100530203
100687683
99987602
101244711
100840855
100939964
100627220
100613794
101233833
100422460
100821530
101508797
100633595
100316841
100321443
100571533
100921243
99952301
100188708
101115938
100568735
101207034
100690939
99690753
100361743
100578890
100330167
100320810
101616333
100774480
100309526
101517739
101520929
100647220
100858657
100861747
101313291
100580652
100908002
101302714
100040734
101213382
101340346
101193654
100244462
101311365
100812538
101021323
101386490
100406342
100533891
100591752
100210087
100513192
