0
0
0
0
0
0
0
0
0
0
0
0
0
0
0
0
0
0
0
0
0
0
0
0
0
0
0
0
0
0
0
0
0
0
0
20
27
29
31
31
31
31
31
39
39
39
42
46
51
65
65
65
65
94
98
100
100
104
104
113
116
117
138
138
138
138
138
138
138
138
138
138
138
138
138
138
138
138
138
138
138
138
138
138
138
138
138
138
138
138
138
138
138
138
138
138
138
138
138
138
138
138
138
138
138
138
143
143
143
157
157
157
157
157
157
157
157
157
157
157
157
157
157
157
157
157
157
157
157
157
163
163
175
175
175
175
175
175
175
182
192
193
199
205
208
209
209
216
223
223
223
223
223
223
227
229
229
229
229
229
229
229
229
229
231
231
231
231
231
231
231
231
231
231
231
231
231
231
231
231
231
231
231
231
231
231
231
231
231
231
231
231
231
231
231
231
231
231
231
231
231
231
231
252
252
252
252
260
260
260
260
260
260
260
260
260
260
260
260
260
260
260
260
267
281
281
281
281
281
281
281
286
286
294
328
328
350
350
350
350
350
350
357
357
357
357
357
357
370
374
378
378
378
378
378
378
378
382
384
384
384
384
384
384
384
384
384
384
384
384
384
384
384
384
384
384
384
384
384
384
384
384
384
384
384
384
384
384
384
384
384
384
384
384
384
384
384
384
384
384
387
404
404
404
404
404
404
404
404
404
404
404
404
404
404
404
404
408
413
413
413
413
413
413
413
422
422
427
440
443
449
449
449
449
449
449
457
457
457
457
457
457
457
457
457
457
457
457
457
457
457
457
459
459
459
459
459
459
459
459
459
459
459
459
459
459
459
459
459
459
459
459
459
459
459
459
459
459
459
459
459
459
459
459
459
459
459
459
459
459
459
464
492
492
505
510
512
512
512
512
512
512
521
529
529
529
529
529
529
529
529
536
536
536
536
536
536
536
536
540
541
549
558
558
558
558
558
558
558
558
559
559
559
565
565
565
566
566
566
566
566
566
566
570
570
583
587
587
587
587
587
587
587
587
587
587
587
587
587
587
587
587
587
587
587
587
587
587
587
587
587
587
587
587
587
587
587
587
598
603
603
603
603
603
603
612
637
637
653
663
663
663
663
663
663
663
691
692
692
692
692
