1
87584379
87955293
86973733
87782776
88078958
88107060
87404714
87645725
87837213
88081467
87847649
88008405
87732686
87675595
87714432
87978218
87860386
88115205
88113772
87919196
87990310
88014434
88114535
88034609
88137211
87701928
87983851
87994939
88337569
88074245
87550252
87634717
87678254
87507177
87495715
88015390
87695286
88407679
87934268
87984466
87313031
87996592
88017332
88157561
88021100
87524802
87434706
87505687
88133336
88069490
87665763
87370503
88218731
87773674
87293527
88038782
87952722
87828474
88058013
87777391
88086615
87657184
87445445
87359953
88194350
87732817
88010677
88112214
87603299
88055126
88020481
88064759
87669682
87836806
87444087
87409652
87410539
88230430
88040034
87740200
87497714
87542992
87825626
87661901
88066320
88374519
88171297
87645063
88034668
87394261
87423456
88428036
88018678
87504500
87482548
87836585
87638653
87205624
87432840
87869989
87957301
87871025
87409018
88424061
88361778
87777539
87933936
88292798
87956473
87962071
87558800
87947633
87901175
87973192
87499995
87422254
87565475
87735227
87710060
87776248
87977184
88003773
88103726
87744852
87760453
87495278
87977699
87662491
87626551
87735363
87367824
87513659
87988202
87502482
88263937
87277814
87725992
87949397
87518202
87790563
88005626
87783945
87881431
87717026
87922191
88404144
87661708
87307244
87974513
88358022
87852842
87743820
88537316
88033845
88110908
87458413
87855300
87863138
88313912
87754418
87779527
87764275
87237844
87886781
88519146
87269884
88488161
88744499
87797490
87788387
87863251
87960503
88076477
88244215
87851906
87826809
87804943
87505215
88023563
87939308
87782361
88053633
88058242
88119575
87993236
88062053
88003013
86757453
88069247
88100669
87939067
87530534
88021758
87733787
87514461
87569712
88155237
87482651
88354999
87940483
87577708
87856705
87909824
88062265
87847271
88230433
87868835
87958910
88081561
87596463
88045795
87828727
87997505
87885818
87839773
88001121
88077732
87909977
87678833
87734506
87746893
87317834
87847225
88130868
87597784
87311374
87731889
87783494
87976446
87643422
87573233
88230056
87484703
87820528
87701266
88057806
87681302
87645917
87976541
88221673
87828164
88197652
87930216
87783347
87718660
87944338
87445954
87770527
88232778
87381238
87298810
87967543
87622191
88452335
87962655
88090537
87210303
87788551
88230961
87559510
87440648
88032967
87640480
87803139
87740894
88339296
88108705
88033234
87553630
87424093
87538292
88294567
87929214
87694270
88257468
88130021
87593857
87867250
87762029
88014199
87922114
88067556
87501308
87616206
87906615
87787779
87457519
87925259
88061485
87661116
88041425
88074073
88100209
88052525
87773421
87391553
88267607
87749457
87748505
88294073
87982220
87610735
87677260
87617066
87864307
88467435
88020138
87573668
87995896
87632543
87864547
87907128
87887299
88051831
87767989
87630150
88126409
87832095
87275868
87240979
88168340
87840221
87995002
87841682
87887422
87917979
87639760
87999511
87589911
87456730
88063617
87791297
87358599
88303437
87797740
87699051
87719324
87973490
88352980
87993810
87867718
88681710
88110296
87683354
88221116
87599753
87906880
88043517
87907304
88065025
88035453
87629528
87922352
87635309
88104321
88152257
87300897
87886906
87165003
87770007
88006900
87635430
88067470
87598652
87942752
87752526
87349017
87807546
87692546
88311478
87780264
87537919
87872984
87842230
87871561
87690951
87625199
88014728
88223391
87824429
87603024
87974260
88021323
87782650
88161413
87420435
87706999
88212378
87314286
87867380
87529790
88474329
88137401
87795785
88169538
88116208
88057330
87961962
87488211
87695925
87660145
87892385
88358429
87605922
87494428
87837987
87621881
87289456
87512579
87389285
87943623
88274171
88250658
87924982
88035249
87929894
88316639
87651709
87758870
88022371
88059800
88069722
87600922
87666448
88033096
87833386
88189244
87564383
87737452
88023173
87788281
87858785
88479563
87803036
87447228
88385582
87456878
87950149
87557566
87888924
87849376
87914593
87618146
88115889
88262992
87874710
88145897
88056387
87804030
88195259
87384039
87888486
87830806
88095112
88037321
88035553
88269964
87768237
88489011
87951890
88538079
88098629
87945969
87619888
87706856
87620688
88023013
88008432
87877532
87819728
87549128
88056371
87242011
88112258
88022733
87646784
88194918
87830456
87630466
87694175
87888025
88055591
87960807
88013540
87699005
87726781
87892382
87844384
87900627
87978342
87851160
87902776
87824403
88461746
87935620
88060247
88070077
88304810
88356602
87799787
