0
0
0
0
0
0
0
0
0
0
0
0
23
41
48
82
85
101
134
136
136
136
136
136
136
142
168
168
174
175
187
214
214
214
214
236
245
245
245
245
245
245
245
245
264
273
273
273
273
273
273
273
273
273
273
286
287
287
287
287
297
297
297
297
297
297
297
299
324
327
330
330
332
352
352
364
364
364
364
381
389
389
389
406
406
412
414
414
414
414
418
425
425
425
450
458
458
458
463
463
463
463
463
463
463
463
466
469
477
505
512
535
555
572
578
578
578
578
578
578
588
588
588
593
625
641
654
658
662
695
699
699
699
699
699
699
699
702
718
722
722
722
722
723
733
733
733
733
733
736
742
742
742
742
744
744
744
744
744
744
744
744
744
744
744
744
744
753
753
754
754
760
760
760
760
777
801
814
817
821
821
821
821
821
839
848
848
848
848
848
848
848
848
848
849
849
866
866
866
866
866
866
866
871
883
913
935
953
957
957
957
957
957
957
980
980
986
989
1000
1023
1041
1044
1044
1058
1062
1062
1062
1062
1062
1062
1062
1072
1100
1106
1106
1106
1106
1106
1106
1106
1106
1106
1109
1109
1112
1112
1113
1123
1123
1123
1123
1123
1123
1123
1123
1123
1123
1123
1123
1123
1123
1124
1128
1128
1128
1128
1141
1149
1165
1182
1203
1211
1220
1220
1220
1220
1220
1220
1224
1239
1239
1239
1249
1264
1266
1266
1274
1274
1280
1280
1280
1280
1280
1280
1280
1280
1280
1280
1280
1288
1304
1307
1320
1320
1320
1320
1320
1328
1358
1358
1358
1358
1358
1358
1372
1374
1383
1383
1383
1383
1383
1383
1383
1383
1383
1384
1404
1406
1418
1418
1418
1418
1418
1418
1418
1418
1418
1425
1442
1448
1453
1458
1458
1458
1458
1458
1468
1468
1468
1468
1468
1468
1468
1468
1468
1468
1468
1468
1468
1468
1468
1468
1487
1505
1544
1548
1548
1548
1548
1548
1548
1548
1556
1577
1577
1587
1605
1605
1605
1607
1620
1620
1620
1620
1620
1620
1620
1620
1620
1620
1620
1620
1620
1620
1620
1620
1620
1620
1620
1620
1620
1628
1655
1655
1658
1658
1664
1664
1664
1664
1664
1664
1667
1667
1681
1681
1681
1684
1689
1689
1689
1691
1691
1691
1691
1691
1691
1691
1691
1692
1696
1698
1701
1716
1731
1737
1737
1737
1737
1742
1759
1759
1759
1761
1761
1761
1761
1761
1761
1761
1761
1761
1761
1761
1761
1780
1800
1808
1861
1882
1882
1914
1914
1914
1914
1914
1914
1915
1943
1953
1953
1953
1953
1953
1969
1969
1969
1969
1969
1969
1969
1969
1969
1969
1969
1969
1969
1969
1969
1969
1982
1982
1982
1982
1982
1982
1982
1982
1994
1998
1998
