1
1607208659
1607735729
1608722856
1605293586
1607389669
1605906433
1606955923
1607536577
1607745533
1607538125
1608574003
1607903044
1606106704
1607949937
1609576782
1607648272
1606633303
1607498392
1608768802
1609527622
1609802993
1608264236
1607683317
1607513448
1608600799
1607810385
1606592541
1604596909
1608223271
1608570161
1608124446
1606316809
1608049400
1607713902
1608026815
1606520413
1609111577
1607443341
1607386910
1610366221
1605672359
1608101511
1606540169
1607283087
1608067953
1607971719
1610648137
1607737812
1608557995
1606089373
