0
61757
123725
185525
247305
309290
371213
433038
494895
556791
618683
680573
742487
804377
866254
928117
989964
1051885
1113652
1175535
1237408
1299313
1361107
1422935
1484947
1546752
1608664
1670442
1732319
1794347
1856181
1918094
1980094
2042000
2103879
2165737
2227651
2289497
2351374
2413298
2475124
2537031
2598989
2660873
2722832
2784664
2846543
2908424
2970161
3032025
3093882
3155742
3217600
3279283
3341108
3403003
3464933
3526722
3588702
3650430
3712373
3774225
3835966
3897929
3959840
4021564
4083471
4145209
4207162
4268889
4330843
4392723
4454632
4516416
4578262
4640261
4702131
4764055
4826032
4887857
4949915
5011808
5073631
5135477
5197333
5259240
5321150
5382960
5444777
5506700
5568553
5630454
5692354
5754188
5816003
5877790
5939711
6001556
6063451
6125308
6187115
6249048
6310887
6372731
6434615
6496603
6558408
6620315
6682228
6744112
6805929
6867815
6929620
6991527
7053424
7115229
7177031
7238944
7300880
7362771
7424640
7486513
7548274
7610288
7672145
7734033
7795984
7857926
7919871
7981770
8043773
8105715
8167629
8229428
8291238
8353156
8415157
8476991
8538909
8600830
8662754
8724601
8786401
8848255
8910142
8971989
9033880
9095684
9157537
9219425
9281361
9343164
9404978
9466757
9528681
9590402
9652168
9714123
9775979
9837695
9899565
9961392
10023318
10085212
10147157
10209032
10270994
10332775
10394598
10456639
10518441
10580287
10642093
10703981
10765953
10827845
10889630
10951487
11013362
11075127
11137016
11198813
11260627
11322459
11384264
11446224
11508147
11569989
11631843
11693567
11755534
11817317
11879183
11941060
12002972
12064870
12126693
12188627
12250549
12312411
12374239
12436110
12498069
12559977
12621919
12683881
12745711
12807617
12869515
12931394
12993167
13055072
13116936
13178852
13240522
13302432
13364249
13426186
13488071
13550048
13611863
13673876
13735720
13797515
13859495
13921426
13983260
14045066
14106941
14168876
14230817
14292714
14354607
14416489
14478440
14540244
14602017
14663861
14725797
14787615
14849415
14911285
14973130
15035057
15096923
15158725
15220601
15282395
15344341
15406184
15468021
15529887
15591808
15653472
15715356
15777136
15839061
15900915
15962778
16024636
16086606
16148321
16210147
16272180
16334009
16395835
16457710
16519564
16581422
16643354
16705143
16766919
16828779
16890591
16952521
17014388
17076327
17138158
17199965
17261910
17323779
17385697
17447572
17509348
17571333
17633161
17695144
17756976
17818891
17880828
17942680
18004740
18066653
18128495
18190447
18252210
18314127
18376088
18437885
18499801
18561668
18623638
18685510
18747310
18809130
18871022
18932876
18994744
19056464
19118310
19180090
19242055
19303919
19365791
19427690
19489629
19551473
19613279
19675297
19737225
19799054
19860824
19922631
19984645
20046577
20108537
20170376
20232183
20294099
20355878
20417672
20479581
20541484
20603293
20665127
20727023
20788876
20850786
20912564
20974339
21036197
21098097
21160050
21221906
21283824
21345633
21407454
21469243
21531146
21592948
21654828
21716617
21778530
21840457
21902372
21964196
22025970
22087842
22149763
22211571
22273496
22335428
22397441
22459370
22521109
22582937
22644887
22706663
22768645
22830468
22892475
22954342
23016165
23078006
23139872
23201761
23263605
23325353
23387398
23449160
23511093
23572987
23634888
23696803
23758644
23820587
23882490
23944364
24006275
24068146
24130068
24192070
24253991
24315897
24377833
24439766
24501687
24563448
24625262
24687235
24749167
24811005
24872690
24934557
24996384
25058367
25120147
25182017
25243820
25305796
25367606
25429422
25491336
25553265
25615082
25676894
25738695
25800706
25862548
25924459
25986307
26048209
26109956
26171784
26233665
26295597
26357472
26419308
26481133
26543047
26604876
26666823
26728585
26790450
26852352
26914289
26976203
27038017
27099888
27161702
27223556
27285341
27347263
27409079
27470911
27532828
27594669
27656560
27718500
27780407
27842232
27904120
27966038
28027857
28089742
28151685
28213537
28275448
28337331
28399123
28461028
28522816
28584661
28646504
28708488
28770244
28832030
28893970
28955792
29017736
29079538
29141403
29203423
29265223
29327253
29389159
29451027
29512971
29574831
29636904
29698700
29760634
29822572
29884408
29946271
30008306
30070171
30132078
30194012
30255851
30317715
30379500
30441328
30503164
30565094
30626930
30688689
30750519
30812346
30874263
30936033
