0
56845
113523
170285
226891
283651
340268
396832
453300
510161
566487
623084
679623
736155
792776
849608
905875
962573
1019143
1075551
1132058
1188714
1245242
1301923
1358825
1415531
1472313
1528703
1585090
1641799
1698135
1754590
1811061
1867852
1924306
1981017
2037548
2094092
2150429
2207066
2263792
2320822
2377172
2433981
2490544
2547417
2603817
2660276
2716921
2773384
2830192
2887102
2943283
3000169
3056611
3113057
3169652
3226363
3282901
3339560
3396348
3453103
3509859
3566845
3623444
3679888
3736780
3793034
3849696
3906284
3962850
4019084
4075568
4131961
4188693
4245287
4301874
4358443
4414601
4471073
4527266
4584019
4640794
4697385
4754209
4810731
4867532
4924004
4980370
5037068
5093925
5150787
5207326
5263417
5320068
5376650
5433175
5490103
5547143
5603709
5660506
5717134
5773587
5829949
5886387
5943058
5999568
6055949
6112788
6169232
6225923
6282527
6339149
6395468
6451740
6508740
6565706
6622414
6679387
6736108
6792538
6849048
6905518
6962267
7018713
7075299
7132201
7189018
7245689
7302294
7359164
7415712
7472519
7529190
7585769
7642345
7699044
7755550
7812200
7868878
7924990
7981892
8038556
8094911
8151426
8208098
8264604
8321102
8377440
8433787
8489892
8546412
8602816
8659456
8715749
8772317
8828689
8885425
8941944
8998651
9055427
9112243
9168631
9224850
9281459
9338117
9394725
9450940
9507426
9563802
9620461
9677013
9733337
9789906
9846986
9903343
9959973
10016945
10073782
10130157
10186810
10243320
10300298
10356814
10413662
10470242
10526283
10583273
10639882
10696617
10753351
10809902
10866589
10923024
10979706
11036625
11093414
11149741
11206686
11262991
11319526
11376299
11433241
11489834
11546273
11602780
11659257
11715955
11772329
11829163
11885588
11942726
11999201
12055745
12112240
12168892
12225546
12282283
12338873
12395499
12451944
12508109
12564818
12621347
12677956
12734715
12791516
12847920
12904620
12961165
13017958
13074453
13130657
13187251
13243959
13300678
13357357
13413933
13470466
13527008
13583651
13639999
13696036
13752745
13809284
13865524
13921771
13978515
14035135
14091528
14147943
14204431
14261206
14317993
14374409
14430919
14487619
14544051
14600511
14657405
14714363
14771213
14827532
14884136
14940549
14997274
15053764
15110471
15167107
15223329
15279749
15336046
15392488
15448760
15505465
15561977
15618725
15675338
15732088
15788620
15845241
15901704
15958483
16015383
16071623
16128252
16185012
16241449
16297922
16354341
16411040
16467622
16524131
16580626
16637287
16693996
16750592
16807264
16864085
16920467
16977025
17033781
17090261
17146684
17202914
17259378
17315744
17372200
17428632
17485052
17541789
17598321
17655251
17711896
17768519
17825386
17881836
17938607
17994778
18051765
18108322
18164688
18221303
18278295
18334885
18391581
18448318
18504750
18561549
18618002
18674498
18731050
18787870
18844461
18901184
18957656
19014517
19071088
19127818
19184433
19241305
19298393
19355384
19412374
19469316
19525614
19582317
19638962
19695376
19751563
19808128
19864567
19921019
19977599
20034496
20091057
20147666
20204377
20261149
20317957
20374801
20431441
20487713
20544466
20600676
20657457
20714051
20770877
20827782
20884428
20940810
20997244
21053670
21110384
21167036
21223614
21280425
21337241
21393716
21450225
21506907
21563554
21620340
21676946
21733355
21789585
21846329
21902990
21959505
22016052
22072809
22128976
22185324
22241749
22298456
22355525
22412158
22468580
22525478
22581964
22638585
22695204
22751917
22808187
22864917
22921497
22977714
23034500
23090830
23147343
23203699
23260039
23316659
23373571
23429990
23486628
23543175
23599700
23656079
23712738
23768946
23825669
23882641
23939099
23995655
24051890
24108376
24164833
24221177
24277995
24334573
24391160
24447496
24504372
24561023
24617695
24674454
24731455
24787719
24844305
24900731
24957545
25014359
25070743
25127179
25183720
25240266
25296937
25353471
25410100
25466743
25523417
25580562
25637706
25694224
25751250
25807797
25864234
25920982
25977468
26034099
26090476
26147063
26203611
26260166
26316995
26373648
26430483
26487087
26543705
26600158
26656810
26713747
26770539
26826901
26883625
26940274
26996966
27053452
27110076
27166855
27223298
27280194
27336703
27393368
27450460
27506999
27563244
27619903
27676759
27733486
27790042
27846860
27903326
27960444
28017152
28073853
28130230
28186565
28243446
28300656
