0
0
0
0
0
0
0
0
0
0
0
2
26
26
26
26
26
36
36
36
36
36
43
43
60
69
72
76
76
99
99
99
110
110
110
110
133
133
133
146
150
155
161
161
161
161
170
182
182
182
182
218
220
220
220
225
225
225
225
225
225
225
225
240
245
249
278
290
305
325
342
342
342
342
342
342
358
359
359
367
367
403
413
429
434
452
463
467
467
467
467
467
473
478
482
501
501
501
501
501
526
526
526
526
526
526
543
543
543
543
543
553
553
553
553
553
553
553
553
553
553
553
555
569
569
569
575
579
579
579
581
584
608
639
639
643
643
643
643
643
652
682
682
682
682
688
694
694
694
694
694
695
701
711
711
711
711
711
711
711
722
732
762
779
796
797
797
797
797
797
832
832
832
836
836
857
886
892
892
892
905
908
908
908
908
908
919
920
934
965
965
965
965
965
965
965
965
970
970
979
981
984
984
993
993
993
993
993
993
993
993
993
993
993
993
993
993
1007
1008
1008
1011
1011
1011
1024
1038
1052
1062
1088
1091
1100
1100
1100
1100
1100
1100
1125
1129
1129
1136
1147
1162
1162
1168
1169
1174
1175
1175
1175
1175
1175
1175
1175
1175
1175
1176
1190
1202
1210
1221
1225
1225
1225
1225
1225
1257
1270
1270
1271
1271
1271
1281
1289
1301
1301
1301
1301
1301
1301
1301
1302
1310
1316
1316
1336
1338
1349
1349
1349
1349
1349
1349
1351
1355
1357
1382
1383
1390
1399
1399
1399
1399
1399
1414
1419
1419
1419
1419
1419
1419
1419
1419
1422
1426
1426
1426
1426
1426
1426
1446
1449
1473
1503
1506
1506
1506
1506
1506
1506
1510
1544
1544
1554
1557
1573
1573
1573
1586
1586
1586
1586
1586
1593
1593
1593
1593
1593
1593
1599
1599
1599
1599
1599
1602
1602
1602
1602
1602
1602
1646
1648
1649
1650
1650
1653
1653
1653
1653
1653
1664
1668
1668
1680
1680
1680
1689
1697
1697
1697
1697
1697
1697
1697
1701
1701
1701
1709
1717
1717
1722
1726
1736
1757
1757
1757
1757
1762
1790
1790
1790
1790
1806
1806
1806
1806
1806
1806
1806
1806
1806
1806
1806
1808
1846
1856
1884
1913
1929
1929
1963
1963
1963
1963
1963
1977
1986
2014
2014
2014
2014
2014
2028
2030
2030
2030
2030
2036
2036
2036
2036
2036
2036
2036
2036
2036
2040
2040
2050
2057
2057
2057
2057
2057
2058
2064
2065
2083
2087
2087
2087
2087
2087
2087
2087
2090
2090
2117
2117
2119
2127
2132
2132
2136
2146
2146
2146
2146
2160
2160
2160
2189
2189
2189
2206
2209
2217
2222
2222
2222
2222
2242
2268
2268
2268
2268
2278
2283
2283
2283
2283
2283
2283
