1
169221656
171626753
173628923
171957018
171761803
172223554
171601212
172739242
172236096
171217218
171506942
172539495
171965330
169258687
172387768
171733530
171110043
169849433
170913274
171729467
171930996
171312478
170888877
171662616
170868454
170805775
172800117
170794401
172507467
172481397
172431541
171459290
171082529
172210441
174403826
168762158
169784211
171833669
170222506
169787172
171008874
170247266
171742476
173160702
172405209
173834080
172093151
170939786
172356252
169764910
170668184
170937259
172347940
172601653
171096537
171743025
171921053
171288899
172920393
170210550
172009249
171658139
170296079
173393436
171968810
171218533
173813781
170655596
169492536
172331478
173327446
174595763
172417673
171040378
170501726
173002265
172490083
172535892
171937784
169995375
171733101
171554632
170936699
172876238
170997645
172257290
172612396
170522777
171551050
170622227
173517198
174885154
172342743
171243447
170938265
170420808
172627701
172102678
172378948
170872002
172318090
171865170
169924866
171190923
172496347
170455559
172232965
173070472
170216962
171969054
169850140
171322697
168610032
171474908
172861925
171583275
171640021
171129345
171043021
170745337
171407751
170373663
172161079
171160972
172158997
173286139
168221955
171702423
171888300
172518871
171888935
172178900
171569554
172014824
173010193
169137912
170856061
172709806
173127896
171099515
170270363
172321890
174188141
170904472
170591558
171626549
172223445
170196849
172052657
171918453
169691618
171926742
169643273
168722625
170538808
171384648
172324425
170990273
172087568
172010606
171049296
172431321
171398340
171856966
169292718
168589523
172402018
170879784
172316519
171615430
172786903
170961427
169595689
172351567
170975794
172276328
171208965
171382143
171740739
173669255
169554628
171332407
170403526
171826208
170811635
172247330
173742181
171009503
171172754
170681389
172160221
171435207
172197263
171087764
172414092
171171012
171176690
170528861
171673328
170661549
169512079
170220379
171946081
172512082
171475363
171030484
171836026
170728593
171602030
172572557
170859885
172111463
172734746
172488278
172839540
173075707
171486982
171406562
172380352
169961567
172053259
171189715
170587311
170884792
171206388
171556425
170867350
171128919
172656325
169766701
170909136
171359795
172233318
172567626
170558621
172351381
172786659
169724774
171947046
171359807
169685803
171303988
171838482
173086208
171285236
172788276
171999648
170308116
171915897
172948530
172396775
171573410
173494707
172573211
172425656
171485386
171117054
173326349
171779830
169924728
172397531
172256121
171143152
169291534
169643418
172665499
172237997
171406791
170317440
171884809
171110216
172598017
174394795
170904657
171590341
173069851
170741785
170947041
171071452
172042876
171349783
171185270
171597725
169650217
172759840
171676117
171197421
171744865
171058754
171657006
171892428
172482560
171829012
170523827
170727449
171627041
169373613
170649934
169833643
170762264
170682454
172450631
171418867
170818635
170199718
172050564
169956095
173560498
172667699
169484800
170931719
171820176
171922197
172012406
173143385
170412246
171783244
171655205
169891292
171283786
172019337
171157774
170970749
172583456
170608932
171078551
171572560
170811335
170493833
172604363
169376401
173815969
169835065
172017169
171089047
170580628
172213404
171706953
171066191
170822541
172193601
171139719
170566649
173225819
170700419
170487383
172055788
173331991
173559419
171574807
171600524
171636144
171865303
173492141
170776003
172296693
171614915
171892634
173375361
171644387
171345521
172913817
171690855
171018568
170947608
171552067
172785998
170969566
172385467
170591985
170263789
172180228
169785932
171523915
170215484
172433097
172092055
172299116
173518305
171414156
171455782
171433821
172258312
170252801
172648762
170138583
171604642
173276750
172644139
169660938
170961817
171641026
170583442
170952370
170287837
170523356
172055826
170412726
171421817
172396832
170599797
171333495
172342700
170893307
171056860
171177112
172598434
170821908
170753835
169725842
171511359
172716180
169937579
172278420
170677989
171066071
173082153
170975201
171749888
172857213
170471021
172528069
168873948
170450504
171024752
171094127
171631003
171454852
172399905
172662976
173310838
170870511
171636134
172465102
172422520
171866591
173774866
170953605
171108336
172613644
172565212
173313923
171382629
171442168
171766907
173996064
171646799
170865534
171103065
171878208
173690842
171867454
171980762
170236221
172531482
171589112
172782333
170013442
172237407
170518945
170542084
170668095
171062032
171743057
170626980
170079879
172158312
169023112
170959514
172157084
171064443
172124386
172898703
172569368
171581029
169790765
170260320
169784843
172027053
170810450
172110509
171976343
172150173
172003908
171710338
169414555
171874363
170519639
171223722
171577712
172575709
171439125
172609392
172609246
172273886
173362191
171368061
171686040
171996082
170515893
