1
160902907
160637850
161683520
159028302
160340778
160292584
160762920
160989830
162069707
162508332
160566591
160983258
162536276
160590230
162940205
161524815
159955998
160875459
162169569
161905042
162044488
163025348
160984996
161630149
161122046
160613626
162012198
161679061
161274178
161609838
161959187
161128618
161419631
161777851
161000954
160482665
162408696
159888999
163586400
160407732
161241896
161121618
161484835
161602214
161737439
161389488
161363159
161804847
160249995
161195657
162817788
160727646
160777910
162490962
162476005
163607249
161049768
162240984
162331012
162557083
163197977
160777035
162261863
160199401
161796719
164143480
161165302
162377615
162387852
161715684
161679509
160677060
161643642
162675386
160499482
162509227
160818432
160127105
161448430
160085971
161274414
160583420
162212106
162416554
162088979
164173316
160585524
161784199
160749672
161279136
160698095
163014536
160306610
161535471
162750815
162376330
160333624
160398114
161950284
160912683
160923535
160859322
159760273
162253610
160195644
161101536
162573734
161406391
161116327
163000728
161028804
162413452
160584678
162676365
161181168
160793349
160282806
161396387
163436363
160392044
162231891
160220928
161703326
162941332
161763989
161798730
162827382
160992185
161533064
159296648
159948283
161009960
161054860
161443952
161557814
162550354
163396325
162024006
161480636
163270612
161581146
161696226
162478151
162867878
161221011
160546607
162532159
162139472
162887389
162194009
161132808
162048385
163953257
161483095
161578486
161217604
161288637
162959143
162174731
161801738
160530687
161051475
161678610
162563881
158897321
163134087
159864591
160797018
161267811
161266803
161989114
161312067
159503005
161565292
158821204
161631202
162065084
161681875
162821163
162582831
162007979
161811014
160183613
159249402
160453971
161895587
162057405
162497165
161136572
161701884
162328259
161625537
159322430
162657433
160682996
162301927
161120439
163030430
161017531
162600299
163621699
161626347
162973722
161321980
161939878
161532341
160731229
160930937
162511148
160595590
162169669
161189926
161336741
158818241
162582463
160819685
164434559
160200809
160845378
163619275
161388188
161779544
160679034
162378172
160174781
160624360
163327647
162105418
160573693
162406168
160143047
160394106
161603899
161708462
162346676
160576676
161479971
161106354
162722289
162742089
160244945
161117720
160723882
160608349
159946656
162612730
163375289
161306611
161312616
161904771
162462508
162162300
162532155
160538655
162229685
162032365
162090715
159472701
162383060
161844379
160985695
160394045
160603666
161726188
162359938
160972860
161118834
162124988
161370648
161926266
162217563
161072664
163106123
162497840
161821921
161763436
161443770
162057760
163600963
158714007
160473811
162018335
159331466
161780634
159665865
160827314
161982240
162444947
163704434
163086743
162171679
160992023
162638993
159503975
160124877
161274990
163455444
160664391
162210440
161894817
161358404
162701321
162746800
160524535
162507208
161126575
162008901
162926758
161426642
162206828
162904741
159802628
160420656
163689698
161965904
164547359
162411319
161240633
161121679
163018938
162206522
162776227
161583117
160938359
161421211
160264107
162051642
163024661
160936985
162057710
162225997
161179285
161625850
161298339
164149162
164178346
161873066
161661906
159659646
162576643
161070504
162581220
162046591
162433453
161783456
160861261
160666918
161113731
162404056
160689730
162490833
162783286
160791320
160869421
160428752
161080997
160373194
162197340
161807965
161511740
162178636
160530877
161290773
160709211
161572476
161433532
162648582
162116055
161933611
160773100
160280051
161294509
162494351
160327274
163349405
161905236
160633887
162953105
161767294
160223806
161551665
163048703
162409140
162023156
161356095
161596136
163406564
161158879
160358445
162019835
162441435
160245042
161754812
161650643
160647784
162504095
158095506
159297620
161233921
161099112
163255788
161813361
161125775
162819673
161395004
162365573
161207771
160805309
160207938
158917020
162893670
161544824
161514384
161759590
164231375
159876107
161722655
161959781
160101649
162423267
161997435
161339521
162780532
161972469
159670547
162579482
161035415
161392432
160212560
163104154
162071099
161637581
160759781
160594224
162169401
162013136
162531310
160083035
163220468
161084456
161380914
159717735
161284709
160555108
160461278
158797543
162926778
162136074
161267030
160276714
163309975
161437061
161188929
163298730
160296441
162240553
163625837
162611371
162779749
163796233
160990070
162129025
162651869
159314199
162056228
162029439
160396365
161491607
160379890
161926874
161209220
161162395
162937258
158882293
162353058
161105136
163106127
163219814
160628584
162900639
162944529
160943065
161180591
160962585
159909450
160885386
162798009
163376483
163101477
161912666
161526730
160937769
161906206
162884316
161334752
161089679
163582736
162972340
162002284
161039565
