0
117
241
365
539
647
727
849
908
1038
1152
1282
1388
1562
1661
1746
1816
1953
2084
2147
2239
2374
2463
2570
2747
2844
2955
3080
3185
3293
3369
3480
3597
3673
3777
3838
3983
4074
4157
4260
4336
4512
4617
4707
4798
4884
5022
5163
5308
5467
5594
5746
5864
5954
6052
6129
6192
6296
6441
6601
6646
6793
6887
7013
7130
7225
7323
7399
7549
7631
7727
7832
7933
8038
8138
8206
8338
8467
8602
8732
8875
8994
9120
9228
9341
9445
9539
9657
9852
9964
10064
10223
10305
10462
10595
10755
10886
10941
11082
11170
11290
11424
11496
11674
11755
11904
12011
12184
12299
12405
12492
12610
12723
12770
12880
13024
13147
13260
13500
13617
13732
13835
13979
14045
14131
14291
14427
14516
14634
14733
14861
14952
15051
15146
15218
15398
15482
15563
15663
15764
15875
15993
16196
16347
16490
16639
16747
16818
16950
17008
17063
17131
17299
17470
17529
17715
17823
17946
18062
18162
18329
18390
18476
18570
18685
18834
18933
19045
19162
19253
19364
19491
19610
19714
19838
19936
20045
20143
20253
20362
20447
20581
20767
20879
20990
21141
21210
21328
21426
21520
21599
21700
21895
22008
22109
22244
22308
22481
22598
22729
22816
22940
23017
23099
23190
23304
23431
23508
23623
23788
23906
24009
24151
24282
24377
24519
24613
24678
24783
24977
25118
25175
25267
25382
25516
25594
25688
25793
25895
26038
26126
26228
26289
26409
26550
26656
26832
26987
27146
27320
27452
27580
27738
27793
27865
27957
28115
28246
28378
28554
28627
28760
28891
28964
29127
29185
29268
29379
29514
29647
29755
29852
29959
30063
30149
30267
30375
30486
30615
30713
30868
30953
31080
31201
31259
31347
31495
31624
31740
31931
32033
32124
32245
32355
32471
32587
32727
32855
32957
33107
33196
33360
33484
33625
33737
33845
34000
34073
34156
34307
34432
34529
34688
34854
34963
35077
35226
35328
35456
35562
35648
35740
35813
36006
36172
36236
36365
36440
36593
36682
36761
36898
36997
37091
37139
37262
37337
37488
37656
37807
37942
38109
38238
38417
38527
38699
38817
38895
38985
39110
39231
39347
39480
39640
39705
39867
39991
40130
40323
40419
40505
40611
40776
40900
41024
41108
41250
41337
41448
41559
41691
41797
41938
42058
42195
42253
42391
42499
42546
42630
42744
42841
42979
43168
43273
43374
43494
43632
43753
43849
43996
44102
44232
44325
44398
44553
44689
44789
44913
45008
45216
45346
45473
45610
45716
45812
45965
46108
46219
46361
46473
46577
46673
46791
46881
46959
47028
47234
47343
47386
47524
47634
47796
47885
47985
48131
48216
48340
48434
48549
48625
48774
48928
49068
49189
49345
49486
49640
49798
49922
50052
50171
50267
50369
50491
50606
50734
50922
50986
51081
51253
51392
51583
51700
51837
51974
52145
52256
52341
52458
52592
52665
52783
52895
53020
53142
53274
53384
53450
53548
53725
53821
53888
53996
54140
54232
54362
54548
54651
54764
54862
55021
55113
55183
55311
55424
55554
55636
55718
55865
55958
56045
56169
56252
56428
56543
56663
56769
56875
56954
57075
57201
57347
57541
57672
57744
57832
57944
58020
58113
58181
