1
61265490
60949325
60763274
60842577
61063756
60938364
60842954
61268466
60977761
60857100
61094267
60977712
61033923
61037380
61066950
61108542
61071690
60947330
60852041
61212584
61073913
61026219
61072511
61206628
61235335
60942947
61141303
60780078
61130448
61010129
60792715
61099384
61013550
61008797
61188763
61078468
61070024
61026784
61171858
61006892
61023284
61496454
60841522
61062167
61133442
60825315
60861524
60959186
60940558
61023094
60920531
60975203
60878791
61024339
60947859
61011848
60935865
60954620
60895901
61048608
61229583
61358164
61107986
61116246
61168095
60885293
61096311
60966984
60993070
61016031
60962896
61183671
61002627
60984717
60939375
60890885
60907250
60865988
61199068
61246451
61011510
61074906
60832636
61115821
61045740
60953485
60799947
60998226
61059264
61201266
60961045
60914506
61031387
60842022
60933892
61181977
60740647
60973214
60900109
60879564
60863660
61439114
60939753
60699840
60950249
61023777
61276912
60938239
60974279
60863650
60681334
61057322
61192165
60901398
61086259
61127353
60902189
60912761
61046734
61098334
61393585
60897698
61176876
61023430
61027193
61379375
61219386
60954532
61308669
61223848
60768632
60680776
60750105
60856762
60830440
61130259
60998616
61086733
61013185
61108785
61109615
60949884
60941985
61023565
60754604
61204963
60983777
61018845
60954062
60770380
60743344
61092504
60818124
60899687
61107219
60975639
60867451
61017411
60867093
60878559
60828446
61092544
60924801
60891293
61172472
60891677
60950759
61032319
60995631
60917159
61218387
60850959
60787269
60876168
61025041
60945232
60859282
60902351
61088746
60760283
60978657
60961075
61132034
60924291
61041528
61199766
61149397
60762622
61061359
60798206
60854661
60966245
61065366
61033047
61052770
60866914
60976642
60879669
61051812
60981614
61083877
60719689
61077233
60981044
61051345
61086602
60815885
61121818
60825444
60987786
61351866
61128553
60979404
60914487
60997496
60798637
60986749
60873898
61049931
60830757
61023682
61183569
61340406
60915311
60549083
61093058
60854879
60886785
60847850
61103985
60922730
60754823
60970674
60967622
61105011
60644080
60976493
61153283
61133896
61196795
61147409
61021059
60991006
60947550
61025372
61105347
61016472
60856854
61027386
60901577
60904624
61071542
61265536
61169602
61028790
61218124
60849392
60867779
60925610
60951680
61037067
60908861
60977371
60836929
61130795
61008193
61024794
61103685
61078481
60967057
60947642
61017840
60998019
61175600
60874857
61081407
60722803
60631737
61024188
61155676
60794790
61154853
61146854
60811217
60986400
61098476
61155639
60909977
60908400
61032173
60971728
61109715
60849905
61034837
61214045
61213702
61067291
60996028
61060195
61234684
60948496
61195416
60890775
61199827
60932311
61079357
61004948
60927210
61041266
61177433
60884890
60928312
61064827
60909439
60906782
60893751
60979367
61069807
61019416
60884174
60996169
61146075
60808103
60976430
60954736
60822113
60992981
61151064
61000766
60993119
61035544
61180621
60944905
60962211
61239793
60857789
61161013
60929877
61212827
60938400
60865687
60895619
60828090
60949861
61072111
60689200
60878210
60933570
60803533
60861296
61203900
61147533
61014534
60882540
61112558
60850672
60962657
60977520
60882220
61096042
60925307
61192505
60952026
61093859
61040873
60841571
61201988
60720645
60923183
61392677
60964561
61180831
60872165
60831386
60909822
60944755
60970041
60975195
61044999
60979339
60863619
60919744
61244142
61418016
60786140
61124592
61116703
60755085
61017269
61281306
60971899
61066917
60802488
60802001
60888230
60878519
60795097
61088690
60879362
61089666
60832571
60965429
61318582
60889782
60990861
61099798
61020679
60912575
60991343
60648639
60958410
60890130
60944667
60929399
61056877
61185225
61183753
60976603
60783125
61257559
60804095
60954836
60925304
61120978
61026381
61113398
60687473
60878616
60902360
60745342
61357806
61011652
60850807
60703367
61014009
60746484
60979337
61030058
60976795
60906533
61152814
61272647
61132659
61146019
61069334
61078016
60880795
60841416
60940581
60955777
60677452
61049235
61057757
61108058
61167887
60977803
60809641
60939691
60935650
60908408
60768380
60714676
60928245
61061589
60952609
61048872
60717276
60924983
61059622
61184996
61006065
61062182
61070750
60835498
60889653
60759045
61009844
60792582
60726088
61038477
61041183
61062937
60910293
60930333
60986595
61037643
60711948
60857139
60926667
61315138
61229180
60953250
61119061
61024742
60845312
60876012
60955487
61066432
61183270
60904834
