0
0
0
0
0
0
3
13
13
13
13
13
13
13
13
19
43
43
43
43
43
43
43
66
66
73
88
88
96
96
96
96
96
96
101
101
101
101
107
107
115
115
115
115
115
115
115
129
129
129
140
140
140
140
140
140
140
140
140
140
140
140
140
140
140
140
140
140
140
140
140
140
147
147
147
147
147
147
147
147
147
147
156
168
168
168
174
174
174
183
197
208
225
225
234
234
234
234
234
239
254
268
268
268
268
268
268
268
268
283
294
294
294
294
294
294
294
319
319
328
328
337
337
337
337
337
337
342
360
360
360
367
367
367
372
372
372
372
372
379
379
382
390
390
409
409
409
409
409
409
409
409
409
409
409
409
409
409
409
409
409
409
409
409
409
409
409
409
409
409
409
409
409
409
409
411
427
447
447
448
448
448
448
463
479
485
497
506
514
514
514
514
514
514
524
544
544
544
548
550
550
550
566
587
596
596
596
596
596
596
596
605
605
615
615
630
635
635
635
635
635
635
635
635
635
635
639
639
639
639
639
639
639
639
639
639
648
650
650
650
650
650
650
650
650
650
650
650
661
661
661
661
661
661
661
661
661
661
661
661
663
663
663
663
663
663
663
663
663
663
694
710
710
710
713
713
713
719
731
731
731
740
753
753
772
772
772
772
786
813
814
814
830
831
840
840
845
860
863
863
863
863
863
863
870
874
874
874
874
874
874
874
874
874
874
874
874
874
874
874
874
874
874
876
876
876
876
878
878
878
878
886
887
887
887
887
887
887
887
887
887
894
905
906
921
921
921
921
921
921
921
921
921
924
928
928
928
928
928
928
928
928
928
929
950
957
957
957
964
964
965
967
976
976
984
984
996
1000
1008
1009
1011
1011
1012
1029
1035
1035
1035
1035
1043
1043
1055
1055
1055
1055
1055
1055
1055
1055
1067
1072
1072
1072
1072
1072
1072
1072
1072
1072
1072
1072
1072
1072
1072
1072
1072
1072
1072
1072
1072
1072
1072
1072
1072
1072
1072
1074
1074
1074
1074
1074
1074
1074
1074
1074
1076
1088
1090
1093
1113
1113
1113
1120
1143
1143
1143
1143
1143
1143
1146
1146
1156
1156
1156
1162
1164
1164
1164
1164
1178
1194
1194
1194
1194
1194
1196
1205
1215
1215
1229
1253
1262
1282
1283
1283
1283
1283
1283
1307
1307
1307
1307
1307
1307
1325
1332
1342
1342
1342
1342
1342
1355
1356
1369
1369
1369
1369
1369
1369
1373
1373
1373
