1
42289739
42659528
42569830
42797122
42446005
42661199
42643302
42572224
42909837
42615562
42937486
43181567
42981054
42962263
42840303
43012336
42636243
42395410
43042534
42899527
42969700
42755649
42750007
43037744
42785766
42948684
42591379
43114575
42843273
43015778
42916164
43018312
42724270
42499163
43175424
42595979
42744089
42740446
42662958
42758196
42599873
42775705
42859826
42530279
42577569
42568588
42842141
42866739
42622439
42612739
42975534
42218895
42458533
42978771
42739349
42764259
42886096
42952602
42563513
42812930
42605811
42806400
42905517
42662403
42492455
42701017
42672598
42737919
42788778
43197026
43117737
42769179
42942663
43077866
42829411
42937057
42830770
42926058
42837145
42850917
42564681
43072880
42757742
42398235
42799943
42319545
42390778
42489088
43007723
42997319
42434806
42844100
42507455
42640136
42627620
43055328
42990441
42573841
42567078
42531280
