0
0
0
0
0
9
9
9
9
9
9
9
9
9
9
9
9
9
9
9
9
9
9
9
9
9
9
9
9
9
9
9
9
9
9
9
9
17
37
37
37
37
37
37
45
66
67
82
89
97
97
97
97
97
97
105
126
126
126
126
126
126
126
137
165
169
169
169
169
169
169
169
169
170
180
181
196
200
200
200
200
200
200
200
200
200
200
200
200
200
200
200
200
200
200
200
200
200
200
200
200
200
200
200
200
200
200
200
200
204
204
204
204
204
204
204
204
204
204
204
204
204
204
204
204
204
204
204
204
204
204
227
245
245
245
245
245
245
249
259
259
259
264
272
274
289
294
294
294
301
327
328
328
340
340
351
351
352
372
373
373
373
373
373
373
373
377
377
377
377
377
377
377
377
377
377
377
377
377
377
377
377
377
377
377
377
377
377
377
377
377
377
379
382
382
382
382
382
382
382
382
382
382
391
394
407
407
407
407
407
407
407
407
407
407
407
407
407
407
407
407
407
407
407
407
418
424
424
424
433
433
433
433
433
433
441
444
453
453
466
467
470
470
470
481
487
487
487
487
487
490
499
503
503
503
503
503
503
503
507
513
513
513
513
513
513
513
513
513
513
513
513
513
513
513
513
513
513
513
513
513
513
513
513
513
513
513
513
513
513
513
513
513
513
513
513
516
516
524
541
541
541
541
559
559
559
559
559
559
559
559
560
560
560
565
565
565
565
565
572
586
586
586
586
586
586
591
598
598
611
637
646
666
666
666
666
666
666
682
682
682
682
682
682
697
706
710
710
710
710
710
710
710
720
724
724
724
724
724
724
724
724
724
724
724
724
724
724
724
724
724
724
724
724
724
724
724
724
724
724
724
724
724
724
724
724
724
724
724
724
724
724
724
725
725
725
736
753
753
753
753
753
753
753
753
757
757
757
757
757
757
757
757
757
773
773
773
773
773
773
773
787
791
796
813
813
819
819
819
819
819
819
822
822
822
822
822
822
826
826
829
829
829
829
829
831
831
831
840
840
840
840
840
840
840
840
840
840
840
840
840
840
840
840
840
840
840
840
840
840
840
840
840
840
840
840
840
840
840
840
843
854
854
854
854
854
854
855
880
881
896
900
902
902
902
902
902
902
911
928
928
