0
61787
123401
185434
247270
309180
370847
432656
494344
555942
617698
680130
742086
803886
865721
927613
989067
1050802
1112664
1174636
1236511
1298339
1360400
1422224
1484014
1545433
1607417
1669011
1731281
1793573
1855256
1917221
1979140
2041212
2102958
2164734
2226686
2288495
2350303
2412278
2474311
2536003
2598151
2659864
2721826
2783686
2845325
2907232
2969220
3031099
3092978
3154794
3216471
3278336
3340042
3402183
3463864
3525996
3587880
3650055
3711929
3773542
3835571
3896956
3958577
4020180
4082328
4144076
4205759
4267399
4329463
4391209
4453202
4514947
4576848
4638869
4700827
4762744
4824632
4886414
4948228
5010021
5071624
5133534
5195053
5256779
5318744
5381105
5443051
5504686
5566498
5628062
5689640
5751550
5813417
5875322
5937304
5999115
6061109
6122838
6184528
6246713
6308434
6370336
6432296
6494211
6556168
6618462
6680641
6742062
6803745
6865666
6927410
6989317
7051379
7113321
7175291
7237118
7299108
7360879
7422690
7484776
7546577
7608392
7670616
7732574
7794417
7856303
7918120
7979915
8041943
8103801
8165514
8227249
8289021
8350963
8412776
8474639
8536614
8598374
8660021
8722161
8784134
8845911
8907591
8969287
9030881
9092748
9154730
9216749
9278259
9340115
9401809
9463791
9525675
9587395
9649316
9710899
9772620
9834391
9896474
9958144
10020223
10081901
10143526
10205349
10267421
10329137
10390787
10452900
10514737
10576246
10638195
10700218
10761933
10823757
10885882
10947696
11009280
11071347
11133237
11195149
11256847
11318450
11380269
11442098
11503947
11565775
11627759
11689497
11751316
11813180
11874727
11937183
11998828
12060988
12123195
12184949
12246861
12309292
12371113
12432916
12494806
12556811
12618937
12681005
12742666
12804487
12866339
12928243
12990433
13052142
13113697
13175803
13237575
13299642
13361501
13423110
13484969
13546931
13608929
13670710
13732353
13794195
13856120
13918076
13980155
14042287
14104235
14165910
14227983
14289822
14351608
14413424
14475319
14537098
14599126
14660956
14722559
14784362
14846136
14908184
14970029
15031927
15093699
15155874
15217487
15279273
15341050
15403253
15465432
15527074
15588952
15650930
15712916
15774963
15836590
15898536
15960076
16021799
16083362
16145374
16207282
16268970
16330977
16392533
16454121
16516329
16578173
16640106
16701922
16763959
16825911
16887957
16949709
17011508
17073122
17134912
17196938
17258760
17320781
17382755
17444772
17506366
17568351
17630135
17692125
17754057
17815693
17877611
17939514
18001296
18063084
18124858
18186918
18248335
18310349
18371887
18433503
18495678
18557445
18619393
18680998
18743226
18804691
18866383
18928390
18990402
19052315
19114157
19176339
19238621
19300253
19362398
19424265
19485951
19547748
19609605
19671210
19733110
19795064
19856745
19918872
19980982
20043032
20104902
20166572
20228450
20290435
20352286
20414074
20476101
20537923
20599718
20661670
20723558
20785212
20847308
20908811
20970833
21032728
21094693
21156078
21217783
21279436
21341187
21402788
21464638
21526486
21588660
21650595
21712532
21774226
21836276
21898462
21960364
22022421
22084066
22145738
22207506
22269579
22331555
22393514
22455315
22517124
22579457
22641238
22702941
22764902
22826756
22888563
22950308
23012146
23073725
23135734
23197636
23259651
23321179
23383279
23445138
23507003
23568900
23630737
23692738
23754530
23816522
23878344
23940142
24001881
24063684
24125564
24187423
24249145
24311286
24373033
24434761
24496548
24558721
24620504
24682467
24744293
24806242
24867737
24929880
24991729
25053717
25115550
25177448
25239079
25300967
25362425
25424108
25486045
25548403
25610531
25672229
25734315
25796066
25858043
25919590
25981453
26043442
26105290
26167280
26229113
26291240
26353043
26414641
26476449
26538535
26600403
26662145
26723840
26785866
26847783
26909222
26971378
27033244
27095039
27156703
27218548
27280403
27342250
27404454
27466107
27528160
27590191
27651861
27713848
27775559
27837659
27899463
27961275
28023196
28085071
28147022
28208797
28270485
28332390
28394196
28455952
28517623
28579692
28641636
28703415
28765384
28827135
28889036
28950725
29012512
29074407
29136170
29198321
29260471
29322415
29384101
29446025
29507820
29569619
29631435
29693108
29755343
29817129
29878842
29940731
30002648
30064398
30126322
30188019
30249916
30312083
30373861
30435602
30497530
30559342
30621156
30682924
30744847
30806755
30868774
30930666
