0
0
0
0
0
0
0
0
0
0
0
0
6
18
23
55
57
70
98
101
101
101
101
101
101
101
119
119
126
126
134
161
161
161
161
179
186
186
186
186
186
186
186
186
199
207
207
207
207
207
207
207
207
207
207
207
207
207
207
207
211
211
211
211
211
211
211
211
232
236
237
238
240
257
257
267
267
267
267
282
286
286
288
303
303
307
311
311
311
311
311
314
314
314
336
346
346
346
349
349
349
349
349
349
349
349
349
349
349
371
374
395
412
426
429
429
429
429
429
429
441
441
441
443
472
483
498
499
504
531
536
536
536
536
536
536
536
536
536
538
538
538
538
538
541
541
541
541
541
541
541
541
541
541
543
543
543
543
543
543
543
543
543
543
543
543
543
543
543
543
543
543
543
543
543
555
575
586
589
592
592
592
592
592
595
600
600
600
600
600
600
600
600
600
600
600
615
615
615
615
615
615
615
619
628
653
674
690
693
693
693
693
693
693
708
708
709
710
723
743
761
761
761
773
775
775
775
775
775
775
775
775
790
797
797
797
797
797
797
797
797
797
797
797
797
797
797
797
797
797
797
797
797
797
797
797
797
797
797
797
797
797
797
797
797
797
797
803
819
830
848
856
862
866
866
866
866
866
866
867
867
867
876
890
890
890
898
898
902
902
902
902
902
902
902
902
902
902
902
904
916
921
931
931
931
931
931
931
957
957
957
957
957
957
972
972
978
978
978
978
978
978
978
978
978
978
981
982
992
992
992
992
992
992
992
992
992
992
993
999
1002
1010
1010
1010
1010
1010
1016
1016
1016
1016
1016
1016
1016
1016
1016
1016
1016
1016
1016
1016
1016
1016
1016
1030
1063
1067
1067
1067
1067
1067
1067
1067
1067
1075
1075
1085
1100
1100
1100
1100
1113
1113
1113
1113
1113
1113
1113
1113
1113
1113
1113
1113
1113
1113
1113
1113
1113
1113
1113
1113
1113
1113
1128
1128
1131
1131
1133
1133
1133
1133
1133
1133
1133
1133
1133
1133
1133
1133
1136
1136
1136
1139
1139
1139
1139
1139
1139
1139
1139
1139
1139
1139
1139
1142
1157
1163
1163
1163
1163
1165
1179
1179
1179
1179
1179
1179
1179
1179
1179
1179
1179
1179
1179
1179
1179
1181
1197
1205
1247
1265
1265
1294
1294
1294
1294
1294
1294
1294
1303
1310
1310
1310
1311
1311
1323
1323
1323
1323
1324
1324
1324
1324
1324
1324
1324
1324
1324
1324
1324
1324
1336
1336
1336
1336
1336
1336
1336
1336
1336
1336
1336
