1
64070699
64152990
64068500
64408191
64334811
64468200
64377442
64352652
64139947
64702064
64358246
64333035
64418665
64581370
64318876
64142698
64405834
64090070
64221296
64020911
64404991
64597245
64482502
64409911
64535489
64670686
64107518
64605019
64096129
64201539
64394212
64400030
64414748
64456301
64082560
64250708
64380918
64499130
64451591
64439467
64113373
64561264
64561799
64176827
64520091
64407482
64251011
64331974
64603690
64673878
64699689
64799357
64672965
64460564
64290274
64320867
64194458
64122267
64342154
64539522
64623914
64534844
64507616
64399562
64140235
64265323
64525539
64529543
64054495
64150370
64492220
64428188
64370187
64479887
64203568
64323865
64345288
64677440
64090614
64752239
64481084
64163416
64707033
64294363
64386405
64196495
64197452
64575754
64138879
64730093
64128943
64272735
64602510
64477901
64384376
64226141
64411444
64765385
64573520
64202430
64601922
64683459
64241965
64333186
64513074
64584698
64465863
64429993
64544751
64178007
64518707
64515327
64441981
64307600
64611492
64318610
64245161
64095251
64549439
64681078
64517021
64390398
64688624
64518163
64695736
64398647
64297729
64224833
64378505
64683193
64276864
64348301
64299044
64232001
64116783
64151840
64432781
64259802
64456589
64216601
64688469
64123166
64433715
64456462
64370602
64308277
64305045
64263747
64422447
64647028
64453027
64539220
64483549
64276612
64425637
64559475
64135562
64564152
64667711
64589244
64704426
64516131
64364067
64664334
64675945
64352313
64545740
64504951
64693934
64683352
64582691
64241187
64272929
64753597
64226228
64216782
64406292
64302745
64614668
64671550
64532910
64345382
64594149
64511106
64610450
64561757
64613197
64315786
64623560
64310802
64528459
64491479
64309358
64213378
64556121
64264650
64317928
64291505
64430543
64160668
64232960
64219802
64412176
64561031
64423831
64250021
64669076
64218481
64296257
64457962
64251751
64222513
64287129
64216494
64246825
64546034
64550320
64289013
64241488
64453264
64544115
64370562
64328180
64540037
64414763
64400112
64629874
64171152
64473019
64407106
64160597
64131941
64308216
64640969
64452515
64516449
64338838
64296965
64456421
64317420
64335226
64148685
64392349
64388476
64424897
64294351
64875797
63998903
64290596
64384449
64496063
64645056
64156315
64383956
64252027
64069369
64717341
64635850
64401180
64495608
64623347
64362015
64313617
64166162
64323339
64822503
64382107
64536994
64367146
64503858
64726566
64606125
64316898
64728222
64517729
64079751
64281355
64298211
64326020
64347091
64755892
64459587
64542504
64340837
64626455
64325201
64574051
64498966
64445182
64533640
64412172
64411098
64688815
64565725
64359993
64452127
64432168
64200237
64329166
64617207
64086566
64271185
64556130
64420753
64384205
64030753
64567783
64170542
64503198
64728055
64327547
64440875
64350604
64360193
64398979
64461646
64450013
63948471
64421800
64351438
64177630
64187089
64544444
64165941
64286055
64297084
64555452
64553286
64375555
64483710
64438460
64455534
64076145
64441566
64165541
64449802
64211635
64441652
64401635
64793146
64078414
64289659
64525628
64334124
64327432
64400882
64136898
64488695
64491334
64485775
64366540
64394114
64540866
64117302
64552024
64503500
64424084
64341958
64303260
64491738
64052113
64451382
64411243
64556505
64145972
64518567
64769809
64678622
64251979
64289357
64257118
64394379
64151803
64537633
64393930
64177725
64228857
64440684
64424091
64384820
64011356
64393342
64829704
64659730
64584435
64643210
64283748
64102327
64558868
64395159
64502749
64420652
63972190
64182648
64106301
64380144
64581692
64470553
64451048
64562805
64293856
64257082
64372745
64235374
64355651
64300536
64378143
64097771
64525258
64369742
64428370
64388441
64629503
64361126
64757053
64225308
64412260
64529432
64598329
64087739
64678849
64439945
64004116
64286868
64467010
64452560
64438784
64581373
64315416
64464608
64550626
64579115
64342096
64172261
64450794
64264859
64456628
64269840
64493367
64819477
64655685
64608336
64396043
64611932
64454211
64584132
64484778
64475865
64604191
64305878
64541040
64300996
64090610
64513613
64649577
64490854
64280844
64319480
64418688
64392735
64060669
64518241
64502661
64482439
64579059
64278592
64520032
64247856
64392833
64485670
64055335
64416334
64525410
64450009
64468506
64597381
64601626
63992530
64547719
64753311
64224483
64567017
64357610
64348512
64571379
64084118
64412636
64219331
64594948
64269865
64312565
64050513
64603324
64177831
64355246
64625969
64526467
64240367
64230201
64679328
