1
78097249
78348868
78097807
77904664
78394961
79175870
78587426
78775693
77668083
78814929
78669220
78499352
78473324
78301043
78565505
78630347
78367940
78667043
78305261
78266193
78240927
78380804
77961820
78553135
77993639
78236111
78426503
78481763
78760714
78205488
78481357
78486705
78002166
78236904
78815568
78773212
79094430
78573473
78609677
78720117
78409417
77670530
77968994
77737027
78959990
78283363
78061882
78636094
78393742
77897291
78756174
78430248
78242836
78212762
78528665
78916151
78385820
78596706
77883714
78149914
78638062
78481810
78715753
78325783
78571363
78664829
77798386
78397062
78864427
78248865
78589352
78000261
78625926
78642992
78579386
78288599
78041978
78315619
78388282
78565349
78377985
78672767
78416873
78275554
78584917
78277015
78329611
78245060
78964944
78512186
78494913
78173258
78501033
78121192
78430357
78553687
78401211
78023077
78284944
78872858
77764291
77912378
78511205
78194577
78855559
78331245
78457356
78872544
78592900
78958066
78754272
78229824
78206724
78153099
78565242
78535006
78627954
78429184
77955368
78086577
78084428
78639051
78160322
78476893
78515386
78583336
78518535
78289303
78472349
78209125
78295948
78285866
78251849
78081070
78884164
78263584
78676363
78743954
78596927
78474344
78765936
78414800
78545518
78986868
77925885
78764784
78484357
78238945
78389294
78791951
78208288
78880912
79098440
78385760
78603400
78839339
78439560
78436978
78716239
78083099
78361320
78657978
78563013
78750948
78537176
78687779
78693664
78398846
79124643
78634057
78300606
78997538
78321086
78881526
78379604
78385735
78511589
78242770
78385461
79038075
78355976
78383345
78626107
78454281
78693906
77883059
78744701
78303726
78557660
78369690
78139221
78531097
78079869
78361988
78111014
77941900
78526594
78891666
78382587
78382515
78184926
78446578
78553411
78593636
78605475
78384823
78888908
78223851
78623438
78436823
78810772
78339881
77789952
78714677
78638801
78124259
78255094
78793513
78341366
78464355
78310942
78374840
78418599
78218414
78113983
77918198
77819086
78159775
78080098
78309779
78092639
78925068
77933784
78174468
78539545
78117291
78378216
78359755
78468017
78942074
78247987
78215208
78497399
78192881
78263459
78628324
78603258
78682831
78522219
78383433
78752349
77653210
78613219
78648362
78589562
78368136
78242267
77762710
78656527
78615331
77441106
78129031
77816594
77573381
78436610
78943029
77995858
78729338
78536873
78237757
78470885
78233754
78477530
78067730
78601317
78977012
78651426
77747568
78444413
77746112
78369083
77711054
78310274
78538843
78520111
78535233
78835980
78360434
77757694
78794954
77916440
78470140
78307155
78426813
78750222
78872881
78391668
78205703
78580172
78485241
79195571
78745781
77947142
78258530
78486723
77963828
78665457
78182500
78437030
78194270
78455422
78121528
78865553
78682674
78562514
78868620
78820725
78183849
77993276
78249638
78127080
78575642
78664731
78447100
78659328
78387352
78265540
78223919
78365901
78912353
78177802
78265039
78558117
78886181
78273744
78345456
78363812
78509018
78216036
78448261
78681465
78567808
79293071
77798816
78498600
78137255
78131108
78352244
78743822
78558128
78410077
78367516
78158583
77835180
78755704
78798260
78272727
78045899
78193089
78577244
79067823
78306034
78127069
78471166
78232697
78637888
78320586
78917893
79070078
78842064
78765332
78750658
77692198
78745779
78817375
78160588
78641285
77794118
78110831
77618693
78515372
78282319
78889252
77914048
78710606
78462692
78700324
78459532
78610704
77785247
78455592
78661887
78541473
78241951
78774772
78239463
78044288
78339140
78220231
78482498
78180347
78672330
78047541
78736523
78066964
78641527
78555299
78467901
78568788
78622386
78486698
79138170
78358724
78512267
78698485
78865664
78405632
78314009
78364982
78371854
78383367
78579469
78680920
78514737
78616922
78439004
78741601
78067986
78511829
78478579
78858470
78614395
78880803
78444889
78059969
79415627
78200374
78242064
79022467
78781761
78173277
78808952
78423437
78301143
78515172
78254557
78014256
78575798
79060878
78659822
78207724
78596651
77520075
78824534
78534835
78460770
78575678
78397737
78592643
78510336
78686191
78379324
78429161
78091516
79153489
77752122
78273937
78140146
79256389
78236728
78293206
78537430
78143911
78078771
78474641
78266283
78343916
78940164
78239320
78006964
78389253
78401947
78320636
78185759
78487546
78602459
78718400
78261144
78482398
78130802
78404367
78583544
77840991
77522837
78126425
78445061
79113245
78541359
78109140
78316652
