1
73720922
74142822
74328214
74324002
74263515
74532939
74144177
74136655
73569529
73494880
74251265
73967379
74177981
73659986
74002676
74449306
74378147
73941432
74117364
74031455
74306955
74313114
74251171
74266247
74571497
73969973
74432375
74092080
73649554
74403993
74546902
74538235
73976849
73974864
74323722
73904230
73808538
74132139
74227487
73504964
74096214
74239685
73889949
73643995
74043956
73942978
74749271
74179354
74000902
74746449
73999577
74243494
74498597
73910173
73750775
73908434
74616494
74039966
74286163
74230141
73341276
73833923
73650378
74397568
73856855
73855883
74428113
74634985
73978233
73943551
74310671
73670939
74261053
73887145
74103701
73819349
74717717
73980139
74411026
74552511
74414172
74010709
74540673
74321213
74523649
74393327
73779186
74376258
74748925
73470469
73786659
74378409
74066393
74531514
74960490
74033882
74575444
74478508
74145966
74257327
74557444
73839487
74004611
74505491
74260732
74140110
74354356
74048871
74527861
73782281
74603399
74112500
74384402
74636779
74187930
74469450
74204245
73937807
74241255
73540276
74270607
74408919
74141545
74210628
73967585
74454869
74010218
73477461
74238996
74155069
74019329
74206642
73755558
74269601
73683886
73734378
74217105
73629400
74081028
74577785
74068401
74184415
73703209
74041217
74518195
74279358
74284874
73941627
74352338
74019258
74135411
74079574
74282337
74198326
73449370
73994846
74746420
74046491
74000863
74084329
73934000
74162586
74104164
74146244
74279658
74064807
73544826
73683400
73782171
73782631
73711584
74056756
73977163
74748504
73581057
73582977
73918197
74389965
74058474
73770296
74497861
74718417
73718982
73978994
74298966
73483267
74026023
74089475
74218984
74764524
74388200
74007700
74647814
73279892
74381822
74342077
74229718
74326250
73947583
73790300
74607817
74218005
73344372
73301036
73902341
73451183
73847744
74320961
74064580
74370532
73984172
74364394
73646225
73946449
74366982
74079009
74395470
74226766
74296325
73705224
73724877
73410270
73710741
73629045
74200541
74457403
74143968
74283119
74552247
73929207
73545628
74557902
73458768
74451453
74087582
74268702
74381147
74193670
74013420
73888993
74529485
73977029
74651653
74181727
73482140
74013616
73992014
73613681
74261633
73784207
74326807
73535048
74036849
73981836
74889499
74408640
74388549
74554542
74625931
73892644
74000696
73873948
73668157
74273627
74820289
74149648
74149219
74373216
74103302
73841945
74289862
74377435
73922456
73827960
74156957
74415099
74217304
73962607
74007159
74559001
73792392
74158642
74210416
74405904
75062243
73406964
74291905
73929252
74065483
73963884
74480602
74167665
74437679
73704681
74032295
73510324
74070328
74882154
73734315
74000331
73666239
74546000
74764916
74009304
73992950
73922190
74377878
74458739
74378104
74614858
74486155
74337718
74365985
74488704
73624010
74474601
74531324
73883950
74207982
73595535
73711231
73210137
73907648
73748457
74452029
74081376
74573564
74031205
74115952
74212376
74333302
73563455
73577524
74525284
74071862
73741306
74170450
74241343
73570954
74293649
73979116
74304858
74007339
74154115
73912300
74487824
73577513
74647414
73860024
74007764
74367687
74461498
73739433
74905590
74327194
73686032
74289790
74524892
74633807
73960144
74136774
74075928
74223933
74659001
74203943
74290201
74329858
74320069
74559911
74028277
74780267
74259226
74504308
74604539
74236698
74256099
73983974
74981850
74144498
74116463
74953162
74505030
73977580
74173595
73892565
74001411
74374447
74109312
73714259
74209178
74577135
74374770
73880287
74558354
73055788
74668783
74530754
74269406
74036830
73982623
74461304
73893728
74336324
74153512
74110204
74013073
74830504
73641177
73983819
74140453
74529613
73841254
74028784
74280298
73828210
73948884
74287192
73820686
74057057
74310929
73969500
73772461
73973231
73937682
74347181
73803136
73881558
74110925
74920796
73878640
74410183
73624530
73933249
74846183
73455681
73517678
73890589
74200652
74930542
74180667
74020369
74120251
73704723
74242307
73636341
73586385
74239236
73863169
74060075
74043736
74867435
73767721
74155770
74383163
73898326
74609062
73512623
74485700
73918909
73671490
73989951
74000234
73974858
74671294
74300326
74227515
74195799
74378153
73978754
74152632
74076225
74075125
74205893
74468634
74456810
74017898
74013552
74058231
74447507
73421785
73888808
73565646
73582224
74086929
74804959
73996191
74206115
73526219
74556777
74384949
74447895
74210762
74221198
74048486
74389644
74164173
73994467
74095889
73928890
74163317
