0
0
0
0
0
0
0
0
0
0
0
0
0
0
0
0
0
4
4
4
4
4
4
4
16
26
30
30
30
50
50
50
60
60
60
62
79
79
79
93
95
97
104
104
104
104
104
107
107
107
107
133
138
138
138
141
141
141
141
141
141
141
141
141
141
141
164
177
190
207
223
223
223
223
223
223
234
234
234
235
235
271
278
292
297
315
324
328
328
328
328
328
328
328
328
332
332
332
332
332
335
335
335
335
335
335
335
335
335
335
335
338
338
338
338
338
338
338
338
338
338
338
338
338
338
338
338
338
338
338
338
338
356
381
381
387
387
387
387
387
387
394
394
394
394
394
394
394
394
394
394
394
398
411
411
411
411
411
411
411
418
427
455
471
486
486
486
486
486
486
500
501
501
505
505
522
554
555
555
555
567
569
569
569
569
569
569
569
569
589
589
589
589
589
589
589
589
589
589
589
589
589
589
589
589
589
589
589
589
589
589
589
589
589
589
589
589
589
589
589
589
589
589
589
601
615
622
648
651
658
658
658
658
658
658
658
659
659
659
670
683
683
685
690
694
694
694
694
694
694
694
694
694
694
694
694
701
712
720
723
723
723
723
723
734
750
750
750
750
750
752
763
770
770
770
770
770
770
770
770
770
770
770
772
775
782
782
782
782
782
782
782
782
782
784
785
790
800
800
800
800
800
803
808
808
808
808
808
808
808
808
808
808
808
808
808
808
808
808
808
829
855
857
857
857
857
857
857
857
865
865
873
876
889
889
889
901
904
904
904
904
904
904
904
904
904
904
904
904
904
904
904
904
904
904
904
904
904
911
918
918
922
922
923
923
923
923
923
923
923
923
923
923
923
923
927
927
930
930
930
930
930
930
930
930
930
930
930
930
930
934
954
954
954
954
954
969
969
969
969
969
969
969
969
969
969
969
969
969
969
969
969
981
987
1012
1038
1055
1055
1085
1085
1085
1085
1085
1085
1085
1101
1101
1101
1103
1103
1113
1114
1114
1114
1114
1114
1114
1114
1114
1114
1114
1114
1114
1114
1114
1114
1121
1127
1127
1127
1127
1127
1127
1127
1127
1127
1127
1127
1127
1127
1127
1127
1127
1127
1127
1138
1138
1138
1141
1148
1148
1152
1158
1158
1158
1158
1158
1158
1158
1174
1176
1176
1186
1190
1197
1201
1201
1201
1201
1201
1222
1222
1222
1222
1223
1227
1227
1227
1227
1227
1227
