1
72903175
72704789
72648197
72661664
72908107
73038051
72948507
72853867
72983361
73051966
72726660
73105769
72544281
72760819
72900076
72590729
72679603
73181416
72969051
72600074
72681219
72989576
72810476
72797982
72913567
72901555
72887609
72850173
72759751
72230528
72770873
72613287
72514355
72919036
72577814
73075670
73018601
72791400
73054641
72845654
73089427
72572480
73035042
72501837
72653034
72706474
72734971
72751214
73057327
72370110
72946203
72810770
73117340
72785921
72762532
72610832
72568711
72943214
73455932
72929971
72861707
72917248
72938549
72910995
73107041
72695898
72929366
73005001
72871737
73063818
72874845
73270826
73146541
73041845
73126429
73006362
73173945
72470024
72774870
72874017
72919932
72972488
73157344
72925124
72974002
72809811
73073473
72726849
72737931
72431029
72989708
73028411
72981103
72950926
73098258
72869790
72901120
72876267
72770902
72793023
72691557
72945537
72465413
72757693
72949577
72765891
72796969
72894858
73079926
72850657
72874835
73030523
72619833
72951175
72824429
72692189
72776623
73039466
72782195
72522544
72853143
72835104
72997184
72781105
72866546
72547661
72862196
72749762
73016331
72960452
72769687
73023250
72951447
72864303
72718532
72708304
72778817
72867910
72676942
72723877
73359083
73303146
72577682
72505913
72857843
72902899
72677385
72661244
72728469
73068180
72764237
72783674
73032909
72785404
72966339
72742240
73117497
72974109
73013195
72761165
72929286
72703236
72436819
72926479
72742349
72880132
72715895
73104145
73194990
72969524
72661215
72778287
72829139
72829732
72852869
73039329
73032548
72711348
72758183
72807595
73010941
72762084
72636975
73140879
73181349
72953948
72681317
73067602
72696874
72635474
72754555
72878449
73067728
72565170
72474898
72601498
72894863
72822653
72925342
73090847
72824850
72904805
72742736
72837955
72841554
72723808
72943558
72485639
72736914
72973252
72747070
72857660
72955803
72825250
73197277
72772449
73138906
72699083
72872659
72976170
72701605
72424226
73128656
72847084
72375134
72862482
72641685
72854761
72818504
72627243
72924549
72988386
73146425
73042102
72494233
72766441
73054149
72960579
73030675
73023991
73018230
72960978
72972112
72994394
73096579
73193370
72688066
73081713
72893554
72924406
72942685
72708272
73081113
72659840
72659492
72941660
73259464
72750890
72916318
72790876
72801098
72740803
72715509
72892985
72802153
73352249
72956536
72724837
72796096
72845182
72884594
72642466
72954278
73258547
72708648
72920490
72838384
73135919
72863498
72626168
73060860
73302540
72741864
72796939
73010632
73019337
73049842
72660570
72943568
72868032
73034513
73103514
72713919
72694056
72601360
72992300
72660265
73158716
72605310
72783928
72895950
72521214
72604305
72728161
72729222
73037144
72667336
72872802
73102345
72657884
73170617
72670939
72906196
72571920
73019932
72859444
73101311
73202099
73040606
72725770
72769303
73083533
72973668
72890696
73057576
72905740
72948039
72890623
72570771
73104966
72748769
73222475
72757731
72534968
72793968
73143502
72657328
72572355
72611936
72649743
72785627
72822795
73106493
72909870
73125345
72955122
73053784
72732843
73014857
72676593
73054137
72830158
73126099
72699627
72523223
72847641
72341888
72642408
72503865
72753397
72964469
73208153
72933887
73042476
72884139
72962992
72767141
72533274
72570199
73117381
73002183
72500928
72968383
72782167
72761157
72647036
72852509
72918930
72702697
72538040
73106222
72633079
72289166
72814887
72873757
72731933
72601996
73085308
72895022
73270474
72939262
73151907
72680637
72829247
72758625
72727744
72486378
72758465
72759706
73129866
72940824
73033180
73150888
72448051
72573795
73025404
73072270
72915687
72321744
72982541
73132667
72893059
72736375
72421543
72787191
72758040
73001437
72789009
72911929
73018290
72711318
72994069
72588779
72866923
72391992
72912949
72903652
73025078
73101728
72731709
72955999
72906090
73060345
72905053
72696131
73314553
73081829
73226805
72679882
73098952
72713714
72779790
72778552
72598764
72963249
72941865
73137029
72791257
72995575
72783976
72991142
72718042
72598080
72678444
73096154
72334738
72943634
72591030
73165940
72612426
72903471
73102776
72809147
73161248
73245568
72650157
72619905
72887514
73143958
72892599
72869815
73089404
72710681
72458378
72798080
72934623
72714846
72910002
73046027
72804612
72608939
72997649
72511348
73168930
72899520
72645083
72738296
72971280
73255821
72824451
72831697
73091088
72837350
73131161
72828688
72904636
72898452
72938528
72957560
73101924
