0
2
3
50
59
68
89
89
89
94
97
97
97
97
97
132
132
135
135
135
145
159
159
172
173
213
234
248
258
282
289
313
318
333
338
338
361
389
393
401
413
415
419
419
458
476
482
482
506
506
526
535
550
550
550
551
561
561
588
588
611
620
623
623
626
630
635
642
648
648
648
648
658
663
663
679
679
679
679
679
691
696
702
702
702
706
721
732
732
732
732
736
736
757
757
767
797
800
820
830
859
859
859
899
930
930
930
949
949
979
984
1013
1019
1019
1029
1057
1057
1068
1068
1092
1115
1151
1151
1156
1160
1178
1194
1215
1231
1242
1275
1325
1330
1368
1368
1368
1386
1386
1424
1450
1459
1459
1480
1480
1484
1523
1529
1540
1540
1555
1556
1556
1602
1602
1619
1623
1623
1623
1632
1642
1652
1652
1652
1652
1665
1671
1671
1680
1680
1700
1714
1716
1716
1716
1722
1732
1757
1757
1757
1757
1761
1765
1769
1769
1769
1769
1783
1786
1786
1791
1797
1814
1814
1819
1859
1863
1864
1892
1919
1919
1919
1921
1921
1943
1943
1962
1966
1966
1988
2003
2003
2008
2008
2011
2062
2079
2079
2088
2088
2103
2121
2137
2164
2164
2174
2197
2198
2213
2213
2213
2217
2224
2249
2259
2259
2259
2281
2294
2294
2321
2322
2330
2330
2341
2350
2350
2397
2397
2407
2427
2427
2427
2427
2436
2436
2436
2442
2461
2473
2484
2489
2511
2511
2528
2528
2528
2528
2528
2528
2532
2562
2562
2562
2562
2582
2583
2583
2583
2583
2583
2624
2626
2639
2660
2662
2675
2675
2677
2717
2759
2759
2784
2801
2805
2805
2813
2813
2844
2845
2886
2906
2906
2911
2922
2922
2922
2922
2934
2988
2988
2988
2988
2988
2993
3006
3024
3063
3078
3091
3111
3116
3119
3122
3125
3134
3159
3194
3200
3203
3205
3245
3245
3245
3272
3272
3288
3288
3301
3321
3326
3350
3350
3366
3385
3385
3385
3385
3398
3407
3407
3407
3407
3428
3432
3432
3452
3452
3454
3454
3475
3475
3475
3475
3475
3495
3495
3495
3495
3499
3499
3499
3499
3505
3505
3561
3575
3593
3614
3619
3620
3620
3621
3671
3707
3707
3742
3759
3762
3762
3762
3763
3772
3792
3846
3849
3849
3852
3892
3892
3900
3920
3948
3983
3983
3983
3983
3983
3983
3983
4003
4025
4055
4060
4077
4084
4092
4096
4102
4107
4109
4126
4126
4128
4130
4165
4165
4165
4178
4178
4178
4178
4192
4199
4199
4209
4228
4228
4228
4228
4228
4228
4242
4251
4251
4253
4267
4291
4291
4291
4309
4309
4316
4316
4333
4333
4333
4333
4333
4365
4365
4365
4365
4368
4379
4379
4387
4396
4396
4450
4486
4499
4509
4528
4528
4528
4532
4563
4579
4579
4601
4634
4640
4652
4672
4672
4672
4684
4757
4770
4770
4773
4824
4824
4839
4850
4852
4882
4882
4882
4882
4882
