1
97392375
97635641
97554000
98276817
97628847
98255867
97765177
97337213
97408255
97324966
97838910
97448998
97623619
97819701
98369942
97726786
97727986
97372180
97250010
97624774
97760479
97848915
97531174
98086009
97543306
97830193
98095180
98056971
97489267
98159128
97931717
98612387
98322674
97090671
98164026
98471506
97190473
97239981
98578172
97428662
98418077
98370762
97570205
98179026
98224143
97854227
97572439
97795398
97027559
97401741
98264674
97985323
98085167
98087935
97805484
97893582
97165153
98382555
97863499
97850513
98219658
98151917
97985824
97610628
97514332
97754127
97419328
97375883
98319642
97788412
97790009
97799898
97665913
97447082
97322617
97541184
97712679
97686633
97906549
97339971
97658743
97294603
98045457
97663321
97402421
98159553
98333192
97412751
97742741
97467940
97965847
97842824
97665091
98363265
97634570
97860315
97448596
98161648
97712718
97874922
97801549
96748022
97690568
98166350
97426429
97333107
97880546
97250851
97778144
97846124
97805615
97820214
97494932
97165014
97129830
97481192
97332826
97178935
97853599
97359089
98606028
96606520
97302578
98019851
98024886
97756097
97270283
98112682
98406463
97493759
97542955
97634221
97417373
97154500
97916189
98045065
98085740
98092526
97700746
97968864
96969858
98199282
97933538
97957036
97790064
97568768
97302109
98427352
97871745
96811732
97293561
97431129
96953993
97468652
97800880
97105593
98345869
97491803
97831712
97582057
97422506
97419192
97893933
97553796
98099891
97947170
97048175
97262322
96960590
97925087
97085168
97723222
97977267
97814248
97789723
98129230
97500009
97325941
98231847
97233645
97942333
97615980
97797257
98018510
98343876
97753637
97765851
97840120
97383968
98394187
97919113
96912230
97490088
97534241
97132249
97935264
97699248
97596643
97072862
97966725
97876239
97991757
97849542
97856349
98102404
98148179
97430753
97540953
97413457
97341364
97669043
98318292
97946296
97815854
98108278
97596214
97882311
97785426
98064971
97475455
97211024
97756158
98114603
97733371
97965293
97791954
97968871
97512203
98075401
97828438
97964098
99002721
97331402
98215781
97346773
97661464
97898863
97753756
97914552
97528630
97917286
97345373
97000515
98264780
98377354
97791804
97260835
97536673
98168953
97763825
97704508
97631570
98143264
97788058
98255470
97647450
98532288
97777032
98425679
98278370
97938677
97410752
98123830
97989247
97340235
97607128
97216818
97823995
96669668
97513459
97508275
98283352
97827965
98367170
97778849
98193878
97797712
97419744
97464487
97500806
98037620
97359680
97613122
97867555
97694981
96890968
97501152
97755638
97591052
97845919
97916274
97685776
97944745
96973763
98405051
97701126
97338959
97875643
97789474
97590064
98394114
97492443
97714503
98032311
98224883
97813914
97819038
97320559
97912034
98289205
98693437
98041014
98068999
98300608
97381476
98297500
97236449
98678229
97637751
98165168
98141453
97735845
97878731
97306006
98679197
97754920
97833230
98516415
98427836
97566837
98113409
97267595
97421988
97811312
97501162
97449794
98345977
98246305
97805191
97512319
97965521
97191235
98214618
98309128
97946110
98002210
97626894
98033128
97648736
97690214
97973692
97553409
97392425
98512784
97227299
97858197
97950488
98302116
97666359
97437457
97966730
97517903
97502563
97880051
97542262
97993307
97831422
97719532
97259169
97880149
97491184
97871639
97315214
97927243
98253184
97935848
97576342
98105459
97551272
97791434
97969300
97460864
97171473
97580235
97942648
98109714
98000870
98025614
97372369
97554252
97945994
97708810
97766160
97671976
97510880
97452278
98149297
98221240
97483633
98170779
97585529
97752206
98159340
97365320
98122800
97493392
96965343
97705893
97748554
97576233
98614796
97900374
97843768
97692206
97818275
97399616
98224837
97569724
98012913
97646534
97819852
98320337
97422314
97798923
97564698
97672684
97250466
97074795
97472491
97193015
97949535
98382534
97660948
97566035
97026518
97904144
98288011
98184222
97527989
97493800
97850078
97832502
97972450
97743945
97606214
97725248
97938613
97178592
97317036
97954383
97198348
97328115
98137929
97412424
97800782
97980420
97541711
97735301
97592959
97630724
98049316
98086377
98395735
98144216
98097852
97659833
98089316
97528448
96858535
97347991
98115646
97612588
97340145
98056213
97741410
97557665
97891203
97373695
97870146
97571121
98249625
97793071
97882173
97739343
97573395
97414808
98021126
98143744
98059465
97612760
98518743
96928765
97458341
97735293
97575776
97514457
97754049
97400342
97839992
97531977
