1
61266243
61271523
61002012
61007679
60899205
61408971
61002220
61157362
61212002
60966872
61133278
61136550
60976976
60918945
60843593
61172374
61132703
61236308
60806164
60988932
61332599
61421569
61175602
61186691
61202210
61063996
60592697
61028459
61150507
61030675
60964105
61071820
61246965
61346690
60948062
61115267
61165342
61215292
61067437
61104745
61163882
61483963
61011021
61072471
61188997
61099131
60944774
61025667
60631075
60584332
60903122
60978023
60808920
60826675
60877954
61147017
61076838
60994424
61194986
61177301
60954542
61024209
60999642
60991486
61095116
61113142
61020740
60704662
60861003
60999891
60948373
60633193
60936726
60793486
61032416
61222181
60999292
61020397
60959666
60909705
60749152
60954420
61022273
60741170
61038233
61133296
61022856
61044703
60970638
61214399
60993439
60966148
60963804
61102208
60927393
61220800
60964986
60690443
60977054
60906287
60786847
61305484
61274268
60955807
61179149
61114875
60992321
61315651
60902961
60811215
61067405
60948841
61165066
60809964
60821845
61085785
60820876
61205672
60996116
61246663
61132178
61183148
61185963
61195609
60904023
60744066
60984452
61005289
61055455
61093325
61004752
61084843
60900630
60979587
60961899
61040899
61023454
61031149
61001511
61078557
60856755
61291998
60928754
60936243
60762097
61143195
60947471
60756140
61057315
60873474
60729607
61109424
60943360
60987925
60950653
60983311
60875766
60800188
60805273
61070889
60855195
61015383
61124593
61153756
61132617
61267255
61022932
60959682
61066409
60846865
61104768
61213006
60988288
60865023
60796179
60936350
60812010
60905189
61047217
60615111
60970943
60888611
60979885
61076816
60704886
60682484
61350116
60853215
61044597
60986879
60840922
61068031
61119814
61011024
61011840
61101111
60912437
60775401
61002316
60976472
60947948
61155540
60971662
61084299
60869912
61350521
61142954
60943882
60792039
61028017
61116880
61052843
60661192
61000514
60915620
61173356
60733537
61102222
60834166
60930776
61217811
60926640
61117230
60688590
60909226
61052453
60906898
60948566
61136038
60981074
61066530
60674764
60765916
60998128
61253331
61165865
61074456
61193526
61077428
60982403
60801121
61008505
60815093
61167677
61010049
61037873
61043584
60836814
61149343
61217702
61191336
61086304
61031744
61021673
61034396
61046950
61217140
60974760
60892902
60740798
61261419
61024577
60919639
61183382
61099892
61338492
61152566
61088369
61118820
60674234
61158025
61201209
61241001
61095802
60908178
61172133
60951970
61124896
60884519
61033626
61065000
60963961
61344965
60630285
61171820
61010737
60992797
60920338
61223761
61016237
61012344
61069193
60960816
61162873
61049724
60658811
60934531
60765353
60950565
61074836
60917145
60998994
61045111
60743416
61301162
60925522
60903074
61013676
60766892
61151770
60948217
60894125
60843536
60938696
60958576
60858405
61126676
61327471
61121206
61166526
60962674
61093137
61064785
60836941
61011025
60842755
60982156
61034764
61040965
60832887
61150323
60840363
60863289
61005570
60886305
60865587
61038522
61031973
61053379
61170126
61202627
60890338
60910425
60833224
61036699
61069116
60943449
60753817
60882007
61337718
60908150
60913003
60949774
61121204
61108463
60879711
60811667
60877696
60914308
61028060
60843615
60864032
61028605
60964146
60906338
61179411
60883769
60929170
60880517
60860497
61037351
60940018
61099549
60953007
61045062
61061223
61072419
60725988
61232936
60941128
61302314
61224413
61009724
61156525
60772957
61042831
60921734
61298528
61117271
61313769
61179931
60815607
61067264
61174281
60962732
60900103
61104484
61100364
61023183
61108233
60669240
60818995
61035759
61174152
60932083
61075652
60712788
61110995
61089503
61113835
60955118
60917190
61024926
61181404
60923341
60856731
61113172
60792322
60765614
61088228
61013828
60839939
60729961
60866213
61096556
61434124
60875148
60887960
60936954
61069529
60916577
60971826
61057086
60874752
60686688
60799787
61062567
61162684
61160004
60874187
60920528
60586316
61238270
61012540
60693201
60928861
60868869
60865489
61113917
60841122
61029681
61091090
61093762
60854321
60966063
60946065
60831077
60976239
60931898
61175334
60969735
61006325
60824087
61065675
60973520
60802374
61080661
60991282
61270095
61099356
60854274
60810460
60933343
60699926
60997061
60805941
60990081
60947608
61122532
61265991
60898590
61016185
61052081
60868431
61118584
61081775
60911271
61115289
61209333
60899047
60949706
61059447
60947213
60952157
60913068
60971032
60830447
61220686
61008267
60807969
