0
0
0
0
0
0
0
3
3
3
3
3
3
3
3
3
19
19
19
19
19
19
19
35
37
42
56
58
69
69
69
69
69
69
70
70
70
70
70
70
71
71
71
71
71
71
71
73
73
73
82
82
82
82
82
82
82
82
82
82
82
82
82
82
82
82
82
82
82
82
82
82
82
82
82
82
82
82
82
82
82
82
82
89
89
89
89
89
89
93
108
120
134
137
142
143
143
143
143
143
148
166
166
166
166
166
166
166
166
169
181
181
181
181
181
181
181
194
194
202
202
213
213
213
213
213
213
213
224
224
224
229
230
230
231
231
231
231
231
231
231
231
236
236
257
257
257
257
257
257
257
257
257
257
257
257
257
257
257
257
257
257
257
257
257
257
257
257
257
257
257
257
257
257
257
257
264
285
285
285
285
285
285
294
310
317
329
339
347
347
347
347
347
347
355
378
378
378
378
378
378
378
387
414
422
422
422
422
422
422
422
422
422
432
432
448
453
453
453
453
453
453
453
453
453
453
453
453
453
453
453
453
453
453
453
453
453
453
453
453
453
453
453
453
453
453
453
453
453
453
453
453
453
453
453
453
453
453
453
453
453
453
453
453
453
453
453
453
453
453
473
493
493
493
494
494
494
494
501
501
501
501
513
513
532
535
535
535
538
570
570
570
574
574
586
586
588
607
609
609
609
609
609
609
609
609
609
609
609
609
609
609
609
609
609
609
609
609
609
609
609
609
609
609
609
609
609
609
609
609
609
609
609
609
609
609
609
609
609
609
609
609
615
619
630
632
632
632
632
632
632
632
632
632
632
632
632
632
632
632
632
632
632
632
642
649
649
649
657
657
657
657
658
658
666
666
679
679
692
692
695
695
695
709
712
712
712
712
712
712
722
722
722
722
722
722
722
722
723
728
728
728
728
728
728
728
728
728
728
728
728
728
728
728
728
728
728
728
728
728
728
728
728
728
728
728
728
728
728
728
728
728
728
728
728
728
728
738
755
755
755
755
773
773
773
773
773
773
773
773
773
773
773
773
775
775
775
775
784
797
797
797
797
797
797
797
808
808
820
846
857
877
879
879
879
879
879
893
894
894
894
894
894
901
910
918
918
918
918
918
918
920
931
933
933
933
933
933
933
933
933
