0
0
0
0
0
0
0
0
0
0
0
0
15
15
15
15
15
25
25
25
25
25
25
25
40
50
54
56
56
79
79
79
92
92
92
92
116
116
116
128
132
135
142
142
142
142
142
152
152
152
152
184
186
186
186
192
192
192
192
192
192
192
192
197
201
207
236
251
267
286
306
306
306
306
306
306
317
317
317
317
320
361
372
386
391
417
424
428
428
428
428
428
428
428
433
451
451
451
451
451
461
461
461
461
461
461
468
468
468
468
468
472
472
472
472
472
472
472
472
472
472
472
472
479
479
479
481
487
487
487
487
487
510
541
541
549
549
549
549
549
549
577
577
577
577
577
577
577
577
577
577
577
582
594
594
594
594
594
594
594
606
618
649
665
685
685
685
685
685
685
709
709
709
716
716
734
767
772
772
772
786
791
791
791
791
791
791
791
803
835
835
835
835
835
835
835
835
835
835
838
838
842
842
852
852
852
852
852
852
852
852
852
852
852
852
852
852
854
859
859
859
859
859
871
887
902
912
940
944
951
951
951
951
951
951
967
971
971
971
983
996
996
1002
1005
1011
1011
1011
1011
1011
1011
1011
1011
1011
1011
1011
1013
1025
1037
1049
1051
1051
1051
1051
1051
1071
1087
1087
1087
1087
1087
1092
1103
1113
1113
1113
1113
1113
1113
1113
1113
1113
1115
1115
1136
1140
1149
1149
1149
1149
1149
1149
1149
1149
1149
1171
1172
1178
1190
1190
1190
1190
1190
1197
1201
1201
1201
1201
1201
1201
1201
1201
1201
1201
1201
1201
1201
1201
1201
1218
1222
1248
1276
1283
1283
1283
1283
1283
1283
1283
1312
1312
1320
1324
1340
1340
1340
1356
1356
1356
1356
1356
1356
1356
1356
1356
1356
1356
1356
1356
1356
1356
1356
1356
1356
1356
1356
1356
1356
1384
1391
1391
1394
1394
1400
1400
1400
1400
1400
1400
1402
1402
1415
1415
1415
1419
1425
1425
1428
1428
1428
1428
1428
1428
1428
1428
1428
1433
1433
1437
1442
1453
1474
1474
1474
1474
1474
1496
1496
1496
1496
1498
1498
1498
1498
1498
1498
1498
1498
1498
1498
1498
1498
1530
1539
1567
1598
1620
1620
1652
1652
1652
1652
1652
1653
1661
1691
1691
1691
1691
1691
1704
1706
1706
1706
1706
1706
1706
1706
1706
1706
1706
1706
1706
1706
1706
1706
1714
1722
1722
1722
1722
1722
1722
1722
1722
1733
1737
1737
1737
1737
1737
1737
1737
1737
1737
1755
1755
1755
1760
1765
1765
1770
1778
1778
1778
1778
1780
1780
1780
1804
1806
1806
1818
1821
1831
1834
1834
1834
1834
1839
1867
1867
1867
1867
1869
1874
1874
1874
1874
1874
1874
