0
0
0
0
0
0
0
0
0
0
0
0
0
0
0
0
0
0
8
14
23
30
36
36
36
36
36
36
40
58
58
58
58
58
58
58
58
63
70
70
70
70
70
70
70
70
70
70
70
70
70
70
70
70
70
70
70
70
70
70
70
70
70
70
70
70
70
70
70
70
70
70
70
70
70
70
70
70
70
70
70
70
70
70
70
70
70
70
70
70
70
70
70
70
70
70
70
70
70
70
70
70
70
70
70
70
70
70
70
70
70
70
74
74
74
74
80
80
94
94
94
94
102
122
123
123
126
126
132
132
135
149
151
151
151
151
151
151
151
151
151
151
151
151
151
151
151
151
151
151
151
151
151
151
151
151
151
151
151
151
151
151
151
151
151
151
151
151
151
151
151
151
151
151
151
151
151
151
151
151
151
151
151
151
151
151
151
151
151
151
151
151
151
151
151
151
151
151
151
151
151
151
151
151
151
151
151
151
151
151
151
151
157
157
157
157
157
167
169
169
169
169
169
169
169
169
169
169
169
169
169
169
169
169
169
169
169
169
169
169
169
169
169
169
169
169
169
169
169
169
169
169
169
169
169
169
169
169
169
169
169
169
169
169
169
169
169
169
169
169
169
169
169
169
169
169
169
169
169
169
169
169
169
169
169
169
169
169
169
169
169
169
169
169
169
169
169
169
169
169
169
169
169
176
183
199
199
199
199
199
199
199
200
200
200
200
200
204
209
217
217
217
217
217
217
217
217
217
217
217
217
217
217
217
217
217
217
217
217
217
217
217
217
217
217
217
217
217
217
217
217
217
217
217
217
217
217
217
217
217
217
217
217
217
217
217
217
217
217
217
217
217
217
217
217
217
217
217
217
217
217
217
217
217
217
217
217
217
217
217
217
217
217
217
217
217
217
217
217
219
219
219
219
219
219
222
222
222
222
222
222
222
222
222
222
222
222
222
222
222
222
222
222
222
222
222
222
222
222
222
222
222
222
222
222
222
222
222
222
222
222
222
222
222
222
222
222
222
222
222
222
222
222
222
222
222
222
222
222
222
222
222
222
228
234
235
235
235
235
235
235
235
248
248
248
248
248
248
248
248
248
248
248
248
248
248
248
248
248
248
248
248
248
248
248
248
248
248
248
248
248
