0
0
0
23
30
34
49
49
49
49
49
49
49
49
49
61
61
61
61
61
61
63
63
63
63
78
97
105
105
108
113
115
115
127
131
131
142
155
157
164
173
174
177
177
193
206
211
211
214
214
225
230
242
242
242
242
242
242
246
246
264
271
271
271
271
271
271
271
271
271
271
271
271
271
271
271
271
271
271
271
271
271
271
271
271
271
271
281
281
281
281
281
281
281
281
281
295
300
303
311
334
334
334
350
376
376
376
376
376
384
384
394
398
398
398
412
412
412
412
416
434
452
452
452
452
452
458
474
484
484
500
539
543
572
572
572
572
572
587
608
608
608
609
610
613
644
650
659
659
659
659
659
678
680
696
696
696
696
696
696
703
703
703
703
703
703
703
703
703
703
714
714
714
714
714
714
728
728
728
728
728
728
728
728
728
728
728
728
728
728
728
734
734
734
754
754
754
766
788
788
788
788
788
790
790
811
811
811
812
812
812
812
812
812
840
852
852
852
852
852
856
869
890
891
898
917
917
928
928
928
928
928
932
940
940
940
941
952
952
960
960
961
961
961
961
961
984
984
984
997
997
997
997
997
997
997
997
1001
1001
1003
1003
1006
1006
1006
1006
1006
1006
1006
1006
1006
1018
1018
1018
1018
1018
1020
1020
1020
1020
1020
1039
1040
1051
1051
1052
1062
1062
1062
1082
1114
1114
1133
1139
1143
1143
1143
1143
1154
1154
1176
1192
1192
1192
1192
1192
1192
1192
1192
1229
1230
1230
1230
1230
1230
1230
1234
1266
1266
1276
1285
1287
1287
1287
1287
1287
1291
1314
1319
1319
1319
1336
1336
1336
1341
1341
1341
1341
1341
1352
1352
1366
1366
1375
1389
1389
1389
1389
1389
1389
1389
1389
1389
1392
1394
1394
1396
1396
1396
1396
1397
1397
1397
1397
1397
1398
1398
1398
1398
1398
1398
1398
1398
1398
1398
1425
1436
1451
1454
1454
1454
1454
1454
1477
1505
1505
1524
1538
1541
1541
1541
1541
1541
1541
1584
1586
1586
1586
1600
1600
1600
1607
1631
1658
1658
1658
1658
1658
1658
1658
1659
1675
1686
1690
1702
1708
1715
1715
1715
1715
1715
1715
1715
1715
1715
1726
1726
1726
1726
1726
1726
1726
1726
1726
1726
1726
1737
1739
1739
1739
1739
1739
1739
1743
1743
1743
1743
1759
1759
1759
1759
1759
1759
1759
1759
1759
1759
1759
1759
1767
1767
1767
1767
1767
1767
1767
1767
1767
1767
1794
1825
1832
1834
1836
1836
1836
1836
1849
1864
1864
1865
1891
1896
1902
1919
1919
1919
1919
1974
1979
1981
1981
2008
2008
2017
2022
2026
2048
2048
2048
2048
2048
