1
57002561
56906701
57146854
57040605
57122937
57163245
57178599
56993906
57127455
57080190
57108417
56999140
57122625
57084273
56883064
56898619
57123944
57187875
57232461
57067540
57032769
57004130
56752882
57204474
57096496
57172660
56952465
56922201
57108738
57093476
57065989
57181388
56934729
56627494
57135036
57062144
56812160
56965543
56951975
56877281
56953524
57160421
56939142
57185494
57177351
57154867
57021942
57016548
57015798
57165925
56962533
57077145
57026898
56930523
56930881
56993693
57124403
56972953
57085278
57031378
57083167
57365916
56992730
56749121
56941532
57093249
57163972
57035122
57101755
56983896
57152774
57171364
56964918
57172928
57086565
57170034
57234363
57010239
57186891
57020722
57254415
57098704
57003592
56988968
56823584
57075957
56961805
56842004
56835713
57236823
56855174
56948062
57234348
56846624
57099602
57225897
56952014
57129281
57270445
56890712
56940578
57099749
56855985
57024198
56996369
57245883
57189624
57139922
56917040
57067583
57117895
56957733
57202339
57105894
57096958
57056409
56970279
57056206
57150306
57284645
56958831
56914712
57099436
56830909
56915451
56952159
56871275
56924722
56998346
57125094
57049640
56947861
57087011
56960018
57312781
57401971
57228303
57278019
57023035
57024596
56684916
57154834
56902010
56918550
57124051
57267910
57006241
56958583
57344921
56860636
57110613
57147833
56944592
57312446
57047327
56740876
56957286
57296191
56986231
57143124
56924314
57106831
57141060
56980678
56666995
57123019
56970291
56994826
57052066
57288807
57302641
57095707
56912869
57149575
56941004
57207605
56959991
56999204
56900515
56906543
56897863
56990244
57021851
56733492
56954133
57002947
57175811
57015710
57076622
57044537
57124415
57066679
56958078
57062564
57071766
57029391
56797975
57346973
57047294
57025793
56922101
57050620
57143917
56920566
57099932
57124671
57051952
56915567
56981995
56918044
57089813
56971115
57168172
57063085
56882390
57006418
57073633
57129611
57233260
57049474
56815661
56766228
57232979
57189351
56853539
57024683
57221489
57117739
57209168
57062804
57132512
57207515
56964293
56980274
57045338
57031150
56921238
57013983
57142207
56875044
57093072
57171947
57206930
57023317
57295940
57288947
57176965
57389403
56843835
57190576
57257994
57244192
57101998
56987118
56766536
57093118
56961411
56900308
57235301
57268831
57043097
57098165
57140842
57144162
56989553
57007427
57023303
56816349
57180203
57073513
56815530
57249561
57205810
57172325
57240583
57271427
56921553
56920535
56964792
57198475
57061190
57116406
56951721
57091130
57026336
57068422
56794101
56977113
57023905
57098529
57125993
57156378
56908845
57195622
57018975
57111178
56922450
56999757
57177192
57086680
56964474
56893568
56964418
56980392
56906820
56995102
57054849
57168189
56940774
56955120
57048558
57082490
57199547
57035989
57292807
57045808
57090494
57085337
57141018
56869176
56972409
57120390
57018889
57105405
56950866
57133911
57023030
56985936
56899923
57388019
56952870
56992032
57069452
56996397
57036146
57042846
56970018
56961610
57226457
56974855
56922938
57006445
56962180
57084341
56992739
57072371
56919881
57133281
57080715
57148231
57250958
57173407
56985257
56913371
57045743
57302569
56987210
57152084
57002850
57117615
57061371
56980015
57049492
57210177
57182239
57043012
57040439
56999601
56899975
57116832
57214675
57173522
57067828
57145996
57143338
57089896
57021744
57078906
57053828
57171250
57137133
56894763
56787442
57036693
57039748
57097136
56957804
57307482
56818154
57011979
57215861
57081090
57157227
57204608
57508682
56994057
57121826
56993191
57082748
57061688
57409226
57042276
56968737
57076644
56972523
57159957
56998833
56990953
57125109
56944815
57288146
56955322
57100045
57318173
57134092
57047200
57052800
56927097
56909948
57199562
56858267
57041965
57012360
56845946
56740439
57036561
56853011
57200266
57136496
57082040
57072760
56993928
56982274
57218042
57218155
57158261
57058550
56878493
57154851
57018738
56999390
56907315
57077413
56978620
57148123
57040660
57067125
57195834
57050486
57013685
57126615
57012653
56992843
57120092
56882499
56873038
57170736
57104211
57128833
56873254
57134270
56816022
57007607
57001839
56969031
56922833
56954835
57200283
57207822
56893763
57109723
56958181
56905116
56881090
57235076
56962120
57076201
56918937
56794639
57096634
57189262
57054594
56986123
57122138
57064565
56972059
56924857
57273751
56951685
56984137
57247471
57039073
57089217
56922576
57022451
56875814
57213070
56741522
57004862
57006240
