0
0
0
0
0
19
19
35
46
46
46
46
46
46
46
73
73
73
73
73
73
73
74
98
108
108
108
108
108
108
108
108
108
108
109
118
126
126
126
126
126
126
126
126
126
126
126
126
126
126
126
126
126
126
126
126
126
126
126
126
126
126
126
126
126
126
126
126
126
126
126
126
126
126
126
126
126
126
126
126
126
126
126
126
126
126
126
126
126
126
131
152
152
154
155
155
155
155
155
163
163
163
169
169
177
188
188
188
188
224
224
224
224
229
230
237
243
254
263
263
263
263
263
263
263
263
263
263
263
263
263
263
263
263
263
263
263
263
263
263
263
263
263
263
263
263
263
263
263
263
263
263
263
263
263
263
263
263
263
263
263
263
264
264
267
279
279
279
279
279
279
279
279
279
279
279
279
279
279
279
279
279
279
279
279
286
286
286
295
295
295
295
295
295
295
295
306
306
312
321
322
322
322
334
336
336
336
336
336
336
344
344
344
344
344
344
344
344
344
344
344
344
344
344
344
344
344
344
344
344
344
344
344
344
344
344
344
344
344
344
344
344
344
344
344
344
344
344
344
344
344
344
344
344
344
344
344
344
352
367
367
367
367
374
374
374
374
374
374
374
374
374
374
374
374
374
374
374
376
386
391
391
391
391
391
391
391
399
405
412
439
453
461
461
461
461
461
463
466
466
466
466
466
466
479
488
488
488
488
488
488
488
488
491
491
491
491
491
491
491
491
491
491
491
491
491
491
491
491
491
491
491
491
491
491
491
491
491
491
491
491
491
491
491
491
491
491
491
491
491
491
491
491
491
491
491
506
513
513
513
513
513
513
513
513
513
513
513
513
513
513
513
513
521
521
521
521
521
521
521
521
528
534
535
546
554
554
554
554
554
554
559
559
559
559
559
559
559
559
559
559
559
559
559
559
559
559
562
564
564
564
564
564
564
564
564
564
564
564
564
564
564
564
564
564
564
564
564
564
564
564
564
564
564
564
564
564
564
564
564
564
564
564
564
564
564
568
568
596
601
606
615
615
615
615
615
615
615
627
630
630
630
630
630
630
630
630
640
640
640
640
640
640
640
640
643
645
652
660
660
660
660
660
660
660
662
662
662
662
669
669
669
669
669
669
669
669
669
669
672
672
