1
72604164
72889144
72856730
72810567
72590258
73086966
72661777
72529786
72921403
72731325
73015268
72853630
72860220
72749839
72912635
73013209
73198932
72765470
72769949
73070177
72649707
73080157
72599306
72823346
72987475
73129560
73085319
72744980
73005841
72861220
73279620
72391713
72975500
73135773
72491511
72942322
72644146
72520286
72809087
72835169
72820818
72744437
72994406
72723759
72677480
72633942
73100523
72906529
72842406
72872839
72794743
73119116
72607907
73079474
72934182
72673590
72862110
72910215
72868833
72920111
72903952
73101679
72505262
72850255
73209163
72942716
73025701
73076547
73022489
73189697
72682523
72961959
72431401
73072040
72766241
72761793
72574660
73047408
72707358
72832696
72976119
72766993
72584970
72867009
72799887
72437275
72612115
72586113
72620048
72711334
72825084
72984849
72461091
73225461
72584747
72722392
72875526
72865993
72570604
73069286
72882062
73237014
72750441
72803120
72862902
72825882
72932788
72974939
72839974
72972604
73143408
72840024
73324673
72834130
72951148
72654865
72500114
72648826
73413965
73074965
72698904
72846145
72364288
72798631
72592110
72959960
72650212
73297766
72771017
72786563
72448736
73152365
72760442
72740103
73013421
73272522
73090753
72583524
72912045
72224595
72940984
72918104
72873037
72972270
72833497
73220539
73073654
72884100
73298111
72753980
73009539
72594012
72863149
73083966
72383742
72774156
72546411
73080823
72717400
73202901
72770940
72937102
72733107
73025814
72985884
72587581
72691944
72813940
72953754
72561430
73089994
72929465
72992158
73027500
73064489
72923253
72524168
72629859
72731435
72349563
72829435
73120913
73187906
73072503
72948378
72769570
72451239
72840355
72897512
73077562
72558722
72391810
73156308
72790286
72776054
73029943
72717435
72847500
72794709
73102659
72799665
72677320
73122268
72764754
73104669
72745882
72994780
72624091
72741654
72895550
72716730
73275993
72914881
72889026
73149300
72901226
72924954
72914891
72983347
72976420
73105479
72923230
73057121
73018483
72667100
73148563
72979254
72982946
72628620
72927219
72797582
72749498
72889551
72903366
72812780
72879523
73063972
72581624
72772812
72763012
72553805
73112657
72814853
72949387
73495199
72661091
73332321
72922410
72563808
72936623
72958862
72973972
72845615
72665125
72908562
72581599
72351374
72812858
72692516
72836251
72857869
72851419
72923373
72707877
72836881
72638611
73163207
72882389
72954078
72856217
72906477
73220659
73055018
72631307
72939625
72806257
72916708
72755676
73008572
72882767
72922654
73210044
73016231
73023612
72545028
72872071
73092773
73249285
73335402
72809133
73190221
73060865
73137476
72576786
73038286
72729616
73086796
72718557
72910057
72674600
72880677
72838579
72808668
72778331
72867059
73228295
72876307
72795806
73043078
72774971
73094658
72342157
72921662
72909537
72713770
72777969
73017606
72991032
72677197
72868731
72875717
72837489
72599203
72854937
73078744
73165644
72830940
72978843
72860710
73007196
72218767
73099744
72571145
72820799
72815667
72583981
72748368
73086466
73114264
72662920
72593504
73012073
72987158
72973331
72845556
72867947
72768418
73142914
72871629
72518974
72962157
72636829
72626996
72602705
72462388
73129379
72653767
72826157
72940779
73072022
72944099
72690551
72776822
72666359
72870427
72818320
72539448
72714990
72935359
72462788
72826093
72484738
72992261
73012423
72627092
72481213
72581363
72682595
73141756
72633854
72772161
73129254
72796017
72712276
73166988
72789090
73382790
73164366
73097662
72968790
72933639
73153103
72983891
73031061
72997499
72987658
72909404
72267441
72760265
72879606
72710085
72895906
73040353
72830012
72893750
72674243
73343050
72965023
72608906
72585745
73132805
73015580
72830731
72907985
73043015
72754669
72530151
72899999
72901773
72873364
72902703
72891314
72561968
72694075
73070683
72791821
72674141
72739710
72682036
72699779
72730182
73064317
72990575
72776073
72882911
72917503
72510608
72942792
72795283
72586030
72612993
72641241
72676957
72744239
73059945
72677600
72679594
72775817
73051383
72858739
72567748
72861404
72944319
72864630
72780020
72849199
72647307
72887475
72658012
72722592
72868799
73216945
72358343
72801847
72879538
72977740
72846351
72501589
72451307
72867448
72885012
72815728
73143679
72731391
72992896
72477929
72872838
73027462
73033668
72720687
72917609
72609295
72658110
72629006
72872632
72991789
72409335
73086681
73247151
73015667
72595074
72942770
72690309
72632613
72945411
73025935
72916801
72692411
72449212
72892816
