1
162017143
162024666
163890381
162788231
165846533
164189793
162534594
162490408
162429097
160731793
162546342
162513316
164060805
162708358
162818199
164084324
161508154
163885726
163363516
163164910
162632128
161765913
164378381
163138621
163588544
164143757
163433676
159570107
161947986
164950239
164198838
165346576
163054344
162086593
162471190
163451857
164371937
163077705
161817179
164115918
161588922
161465833
163545352
162665236
163670840
161930259
163634298
161165015
163435153
163096769
164331031
165395197
163315608
161858467
160444977
165634186
162623090
162538283
161862028
164129493
162566833
163090205
161935191
163951613
163130948
162400515
163516333
164408691
161718750
162530548
162325142
161862139
162125242
162260258
164156514
161257059
163393466
161983954
163236600
160905473
163249499
163614863
163104210
162360954
163892028
160273891
162041657
162089215
164228883
162337378
163452556
163399838
161425053
165107742
161698444
162050229
162433662
164371671
162242565
162225675
163830192
164016454
162354641
161907738
162004980
162893296
162757405
161728289
163797999
161696081
162299604
162977343
159026815
161002104
162818262
161424237
164580432
163744598
161809986
163338537
163381490
162946426
163257474
161072718
161379768
160809866
163273685
163571915
162522258
163088667
163325098
161935038
162533174
163547577
161673340
163689818
162483588
162275334
163979183
162952744
160975571
162929099
163257640
161737776
162576020
164930248
161555437
163596492
161670755
162399460
162314200
163828707
163741833
162497948
162651313
162773629
162478257
161048439
161816047
161641203
161317685
160723024
164804451
162982057
162480587
162624391
162498593
162688909
163493036
163668276
162219505
162773257
164667520
162984862
164935222
164326359
162096855
164389389
162989416
160980001
163898174
162171966
161567292
163649714
161822398
162548867
162782849
161727406
164270581
161384441
161771247
163125869
164043745
164321744
162456956
163155754
163069493
162343932
163249752
160295541
161919757
162932174
163583948
163818514
165027170
163194819
161595164
162758279
163467938
163601789
163341155
162587366
165121360
164344399
162812409
162324355
163895915
164135299
162438331
163028524
162151738
164395912
161058172
161271206
163012179
162767962
162742595
162953487
162523318
163052914
162993356
163784271
164375965
163143313
163517439
162612616
162652973
161269947
162301394
162540097
162574369
163026742
160807856
162462812
162660727
163195925
162301532
163761486
161910246
163352609
164163251
162132493
163217643
162860860
161037503
161638363
160463363
161767560
161777037
163494056
160567334
162581149
164257967
160898478
162866606
162621774
163487440
162885360
163426192
161336174
162564458
163621251
162750318
164054289
162688404
162112066
163276650
161298846
163219005
163390130
161681703
162268110
163861647
162395810
162010241
163070582
161814086
161738795
163043025
162305320
163259448
162079385
163588341
162186605
162506031
161800849
162463955
163196950
162175561
163839293
161823247
161571838
163873639
161977183
162724334
162791626
165032074
163927821
163758867
161590553
163918071
162377650
165076577
164133786
162383483
163133572
162547251
163229667
163997478
163637325
163880440
162155378
163860632
161900524
162113850
162301159
163452897
161186516
163934996
162147897
161680253
162153004
162629742
161771840
161892758
163513247
163993832
164553065
164464349
161139447
162935077
163330035
160461966
163165173
162928624
161710011
164340143
162767933
162428436
162468562
161874469
161700724
162875333
162250089
161843232
161214947
161179928
162612568
163775491
162508319
162674400
163496215
162731590
162772129
162184496
162728250
162517013
163052030
161623571
160826477
164621589
163146120
161839488
164022146
161460886
162752656
163618803
163690009
162334799
163546693
162431482
160847089
160794921
162818411
161695501
162749101
161556435
163685565
164296484
163538175
162978490
162783846
163852368
163140681
163609463
163413663
163507750
162133722
161989394
164688046
164581729
163170220
162800843
163459096
164270362
163590870
163142876
162623586
162294279
164460170
163667461
162189355
162104818
161206448
163304527
163882385
161766434
160607182
162902188
162511917
162812165
162025230
163234338
161694504
162539322
162268830
161038978
160599636
164632184
163702822
162386094
163199537
163633505
163454660
161567691
161052198
161367588
163785145
160946555
164502560
163117138
163624799
161981830
164421891
161536230
160689195
164176460
161154385
163424699
163199997
162586508
163781330
165144536
162646695
163915707
163034296
162049297
165271384
162102487
159903990
164768244
162213463
162088062
164336404
160979860
162382899
161409074
162834082
163465244
164015158
161330993
163400300
163717901
163755150
161624777
162629819
161566359
161914536
162367828
163834574
162641173
162756610
162757591
161357158
162369057
162774715
163977853
162489618
161348149
161961152
164127226
162677252
163950141
161052607
162417986
161264206
160434354
162787437
164717023
164551205
