1
1177590392
1179834172
1181167790
1179719619
1178293899
1178392974
1176327832
1176564987
1177977707
1175545266
1177735669
1179767063
1180507590
1176345071
1178268900
1176096876
1180679198
1179137914
1176928247
1182153591
1179831056
1177906943
1178207296
1177938335
1182373990
1176265071
1177377665
1175994257
1179573364
1177097695
1182161094
1180271563
1180018220
1177694067
1177806507
1175961102
1175325837
1177739002
1178108720
1178159207
1177454939
1176644902
1181869768
1179178810
1181044821
1178132170
1181034204
1178374891
1179985648
1177221228
