1
-1074566070
-1062027916
-1064654161
-1044477386
-1048872595
-1053854308
-1061659206
-1062733369
-1075068797
-1083771657
-1067505011
-1072873225
-1079580040
-1072960359
-1068125354
-1070953972
-1068548852
-1062631440
-1060467518
-1083136353
-1086400273
-1053814441
-1073629888
-1056139140
-1072054921
-1081554438
-1078059225
-1063583865
-1064331239
-1054294577
-1046103930
-1072379678
-1042955359
-1060132875
-1057323730
-1062219122
-1064243710
-1079058799
-1078150635
-1073314924
-1064446858
-1073270991
-1067190164
-1070917372
-1068635209
-1064280955
-1072938381
-1069004550
-1067052401
-1061324836
