0
0
20
35
44
53
53
64
64
76
76
91
91
91
95
99
106
111
121
126
141
150
161
172
174
174
180
180
186
233
247
250
269
269
290
301
308
322
322
326
326
329
344
344
363
366
375
376
403
415
417
417
427
440
440
440
464
470
481
514
514
521
530
533
533
533
554
576
576
581
581
591
591
594
594
594
622
623
623
626
630
633
634
672
681
709
729
731
731
743
743
743
743
771
799
803
831
847
849
855
855
881
881
881
884
911
914
918
919
927
938
939
959
965
970
981
983
990
990
994
996
996
1015
1058
1060
1063
1072
1072
1087
1087
1087
1087
1101
1120
1123
1125
1144
1144
1177
1188
1188
1188
1205
1205
1205
1209
1221
1232
1232
1240
1260
1269
1277
1286
1297
1304
1320
1320
1320
1320
1346
1370
1370
1376
1382
1407
1407
1411
1412
1412
1422
1422
1422
1426
1430
1437
1445
1489
1499
1525
1556
1581
1594
1622
1622
1622
1622
1639
1655
1672
1700
1700
1712
1722
1727
1759
1759
1759
1759
1785
1785
1787
1787
1788
1790
1790
1802
1802
1809
1826
1826
1847
1849
1852
1854
1854
1855
1876
1876
1885
1903
1903
1903
1916
1927
1927
1928
1944
1948
1961
1981
1992
2009
2012
2017
2020
2030
2038
2038
2042
2058
2071
2071
2089
2115
2117
2136
2151
2162
2169
2177
2177
2177
2188
2229
2250
2250
2250
2252
2279
2280
2280
2288
2288
2288
2288
2298
2302
2311
2319
2337
2366
2373
2382
2410
2413
2445
2463
2463
2463
2463
2468
2480
2490
2524
2524
2538
2551
2561
2602
2609
2610
2610
2646
2648
2658
2658
2677
2677
2682
2695
2703
2716
2729
2730
2747
2747
2749
2761
2761
2761
2777
2777
2799
2812
2815
2818
2830
2848
2848
2848
2859
2860
2867
2874
2881
2914
2916
2925
2925
2933
2963
2963
2977
2987
2993
2993
3015
3034
3041
3062
3076
3078
3083
3094
3094
3094
3098
3132
3137
3137
3142
3172
3194
3195
3195
3207
3207
3210
3210
3216
3217
3229
3232
3247
3266
3273
3289
3307
3329
3343
3363
3377
3377
3377
3381
3381
3381
3414
3414
3414
3434
3446
3489
3496
3508
3526
3560
3571
3571
3571
3582
3585
3602
3606
3612
3616
3638
3638
3638
3643
3662
3680
3680
3680
3693
3693
3706
3726
3741
3744
3748
3758
3764
3764
3766
3769
3775
3776
3776
3787
3791
3794
3800
3808
3834
3834
3837
3843
3850
3855
3866
3880
3902
3934
3945
3945
3950
3958
3959
3964
3964
4003
4018
4018
4025
4041
4051
4053
4059
4068
4068
4071
4072
4084
4096
4097
4102
4102
4106
4108
4125
4145
4164
4190
4200
4216
4216
4216
4226
4226
4240
4280
4284
4298
4304
4313
4351
4371
4381
4381
4399
4414
4416
4416
4418
4421
4447
4447
4455
4465
4492
4492
4492
4502
4507
4522
4524
4528
4557
4570
