1
53810500
53908612
53958294
54260962
54227151
53938117
54222568
54382516
54363313
54108412
54304706
54315979
54342722
54227985
54115191
54277959
54220312
54154805
54548288
54481825
54422754
54432696
54277032
54049290
54400403
54387219
54371893
54301954
54038454
54216584
54199818
54320582
54510145
54266534
54199273
54241603
54449057
54213556
54238901
54433189
54279775
54179209
54233037
54302834
54054603
54406335
54324857
54314426
54439362
54319480
54266031
54278798
54172983
54354323
54392810
54368596
54404325
54341592
54054189
54206391
54527986
54426951
54518565
54306093
54409802
54306508
54429720
54447176
54272886
54494259
54317772
54133165
54211820
54505535
54469453
54463515
54099202
54314541
54299723
54518593
54383907
54271736
54149845
54419442
54265310
54406182
54148669
54428487
54242603
54016347
54219436
54299780
54326368
54190044
54269328
54239674
54295282
54324731
54240585
54470581
54317007
54207262
54505814
54316398
54359919
54167515
54206122
54220089
54291821
54199317
54216792
54203430
54320862
54172525
54230556
54292477
54079958
54398354
54239745
54313449
54267952
54268437
54505772
54234911
54283480
54427148
54104903
54142752
54326571
54337531
54314322
54369366
54362427
54289639
54143800
54315567
54331970
54115053
54276611
54241791
54284532
54174971
54512406
54309657
54147146
54249383
54366684
54405859
54207787
54320196
54201537
54071255
54393719
54273514
54170691
54467020
54433440
54160914
54147514
54221713
54376398
54657002
54373975
54497345
54256657
54469262
54467264
54467252
54328728
54468750
54466301
53986463
54205839
54216261
54227128
54235394
54428176
54271647
54380568
54190473
54252452
54367528
54384528
54192809
54376145
54393911
54250618
54250115
54321829
54434059
54187601
54335943
54448553
54058478
54255128
54391857
54144029
54180913
54503819
54079819
54293235
54194481
54408364
54114218
54310184
54386973
54427868
54300502
54352865
54390720
54415629
54294764
54167132
54253383
54357855
54265527
54254690
54284612
54201755
54387928
54372986
54341072
54497276
54532195
54245509
54416379
54318813
54448797
54096541
54092919
54200541
54301240
54260686
54555976
54150040
54451973
54192516
54331663
54243943
54293644
54361371
54371958
54399871
54306764
54389031
54348478
54228434
54200671
54416314
54253949
54334316
54421402
54311039
54171847
54346754
54257925
54014741
54316347
54386508
54357620
54245085
54308494
54276673
54285877
54247172
54015680
54427525
54175749
54282582
54261521
54269627
54339118
54349075
54379162
54105190
54384210
54164514
54044239
54572391
54278681
54292922
54352167
54234460
54312031
54378245
54231054
54286423
54440793
54167346
54505239
54226577
54117683
54420651
54469726
54387175
54609304
54255605
54085182
54229973
54229389
54386247
54122898
54230572
54123925
54296459
54370294
54384890
54183858
54437092
54314152
54397335
54372718
54195733
54317751
54394223
54011368
54524872
54158340
54135764
54211294
54336142
54130150
54334813
54490048
54232924
54321380
54522643
54334941
54150688
54163371
54542868
54250655
54421343
54336340
54365239
54592984
54461506
54426044
54207752
54411931
54402320
54246280
54495891
54360344
54439440
54302289
54234370
54397596
54360924
54292549
54493460
54370060
54253675
54422013
54132211
54326670
54223246
54385315
54306716
54355542
54497278
54156228
54446371
54055144
54413374
54321894
54299369
54446549
54520226
54172684
54414069
54325680
54462372
54208056
54280397
54652493
54254454
54298050
54302877
54394686
54385393
54170888
54305587
54338036
54327029
54283936
54287383
54086229
54264070
54232750
54228103
54360789
54450599
54276997
54176161
54295940
54183011
54277139
54291751
54408007
54295625
54285209
54611063
54317731
54316255
54071495
54329115
54380107
54231673
54037485
54403539
54279351
54421729
54318043
54433514
54268483
54360886
54194218
54192566
54195182
54300197
54013153
54444078
54134109
54484614
54237888
54413466
54175652
54117487
54425687
54503946
54247031
54199610
54382292
54180769
54107889
54282781
54095581
54323650
54353750
54326420
54048803
54413702
54557945
54134372
54373977
54375416
54211978
54326255
54298313
54409058
54394895
54057465
54192360
54194314
54364112
54349403
54324152
54398606
54182195
54348051
54134160
54365200
54258423
54245619
54333604
54397718
54167225
54196293
54313058
54344385
54418102
54359916
54232065
54310774
54266858
54083412
54406101
54267093
54273242
54337456
54268105
54410543
54309562
54597703
54326441
54280061
54380761
54326009
54330875
54224722
54248631
54485611
54314627
54284277
54379703
54263456
54046520
54191956
54298973
