0
0
0
0
17
29
29
40
57
57
57
60
72
72
72
72
72
72
72
72
72
72
72
72
72
72
72
72
72
72
72
72
72
91
108
108
111
111
117
117
117
117
117
117
119
119
132
133
133
135
141
141
144
144
144
144
144
144
144
144
144
144
148
151
153
169
188
188
188
188
188
207
210
210
210
211
211
211
211
211
211
211
211
211
211
211
211
231
253
263
312
334
334
364
364
364
364
364
364
364
396
404
404
404
404
409
418
418
418
418
418
418
418
418
418
418
418
418
418
418
418
425
434
434
434
434
434
434
434
434
445
449
449
449
449
449
449
449
449
449
464
467
467
472
477
477
482
490
490
490
490
492
492
492
514
516
517
523
533
543
547
547
547
547
549
578
581
581
581
581
588
588
588
588
588
588
588
588
588
588
590
622
630
636
672
672
699
724
724
724
724
724
724
724
750
756
756
764
764
795
804
804
804
807
826
834
834
834
834
834
834
834
837
859
861
861
862
862
862
862
862
862
862
862
879
879
879
879
879
889
889
889
889
889
889
889
898
914
918
920
920
942
942
942
955
955
955
955
974
979
979
990
994
999
1006
1006
1006
1006
1006
1016
1016
1016
1016
1047
1050
1050
1050
1056
1056
1056
1056
1056
1056
1056
1056
1061
1062
1070
1100
1109
1130
1150
1170
1170
1170
1170
1170
1170
1178
1181
1181
1181
1183
1225
1232
1251
1253
1274
1287
1291
1291
1291
1291
1291
1291
1291
1294
1313
1313
1313
1313
1313
1320
1322
1322
1322
1322
1322
1329
1329
1329
1329
1329
1333
1333
1333
1333
1333
1333
1333
1333
1333
1333
1333
1333
1342
1342
1342
1343
1348
1348
1348
1348
1348
1366
1401
1403
1410
1410
1410
1410
1410
1410
1438
1438
1438
1438
1438
1438
1438
1438
1438
1438
1438
1443
1455
1455
1455
1455
1455
1455
1455
1468
1474
1508
1525
1546
1546
1546
1546
1546
1546
1566
1570
1570
1577
1577
1592
1621
1633
1633
1633
1647
1651
1651
1651
1651
1651
1651
1651
1661
1695
1695
1695
1695
1695
1695
1695
1695
1695
1695
1699
1699
1702
1702
1711
1711
1711
1711
1711
1711
1711
1711
1711
1711
1711
1711
1711
1711
1714
1715
1715
1715
1715
1715
1730
1746
1762
1772
1799
1800
1811
1811
1811
1811
1811
1811
1825
1830
1830
1830
1843
1857
1857
1857
1865
1865
1871
1871
1871
1871
1871
1871
1871
1871
1871
1871
1872
1886
1899
1909
1914
1914
1914
1914
1914
1934
1952
1952
1952
1952
1952
1956
1968
1978
1978
1978
1978
1978
1978
1978
1978
1978
1980
1980
2000
2004
2014
2014
2014
2014
