0
2
3
55
127
153
218
245
296
330
333
377
409
409
414
458
513
534
540
572
601
624
680
688
715
766
789
817
820
857
876
883
934
1004
1037
1058
1103
1116
1160
1163
1179
1194
1199
1274
1301
1316
1359
1362
1412
1458
1480
1483
1534
1535
1535
1535
1582
1625
1633
1640
1703
1724
1740
1791
1802
1845
1896
1900
1917
1934
2001
2068
2077
2079
2107
2173
2178
2197
2200
2222
2244
2265
2281
2284
2316
2329
2379
2445
2496
2543
2641
2689
2736
2818
2818
2818
2820
2860
2901
2919
3023
3041
3069
3120
3122
3203
3219
3228
3230
3273
3301
3325
3332
3353
3374
3400
3442
3447
3469
3507
3526
3570
3589
3603
3636
3636
3653
3705
3722
3743
3812
3848
3860
3896
3906
3952
3959
3997
4029
4034
4111
4117
4175
4211
4243
4246
4277
4325
4325
4325
4383
4429
4446
4486
4563
4579
4588
4665
4695
4722
4769
4770
4771
4788
4877
4931
4936
4950
4969
5043
5063
5073
5090
5109
5111
5122
5136
5156
5201
5216
5263
5334
5363
5401
5483
5495
5562
5619
5626
5631
5637
5656
5700
5703
5791
5801
5821
5881
5889
5996
6013
6042
6042
6099
6137
6167
6176
6228
6237
6275
6303
6323
6355
6408
6424
6457
6470
6489
6524
6528
6536
6586
6602
6634
6702
6708
6733
6777
6784
6832
6837
6858
6887
6900
6933
6933
7007
7045
7068
7078
7095
7192
7196
7212
7267
7306
7322
7369
7435
7463
7482
7561
7574
7597
7633
7633
7641
7655
7727
7766
7766
7789
7812
7916
7929
7940
7963
7989
7994
8010
8035
8046
8088
8104
8146
8198
8234
8285
8350
8380
8442
8486
8524
8527
8527
8560
8574
8580
8664
8671
8687
8748
8767
8872
8904
8947
8984
9051
9076
9095
9108
9144
9151
9189
9226
9249
9273
9330
9338
9350
9374
9413
9472
9474
9479
9518
9518
9561
9634
9651
9690
9706
9723
9763
9771
9781
9809
9814
9844
9846
9869
9891
9911
9934
9957
10044
10059
10083
10104
10139
10139
10172
10210
10255
10312
10395
10396
10419
10446
10460
10484
10492
10547
10625
10625
10657
10677
10721
10743
10755
10790
10807
10809
10831
10857
10882
10909
10933
10937
10963
10989
11028
11069
11101
11179
11217
11260
11281
11284
11325
11335
11368
11465
11481
11484
11555
11559
11641
11709
11755
11770
11812
11856
11877
11880
11900
11901
11946
11984
12010
12035
12108
12123
12128
12133
12164
12203
12203
12211
12281
12293
12334
12383
12410
12432
12494
12507
12529
12534
12544
12571
12577
12594
12600
12650
12659
12668
12688
12688
12772
12785
12797
12826
12829
12856
12906
12954
12990
13013
13091
13110
13131
13161
13172
13172
13187
13230
13299
13309
13351
13369
13421
13454
13462
13480
13501
13529
13543
13567
13592
13614
13635
13649
13665
13692
13722
13736
13768
13819
13847
13890
13907
13918
13945
13951
13979
14080
14115
14130
14200
14202
14253
14282
14317
14358
14363
14386
14393
14414
14449
14453
14509
14534
14570
14573
14650
14666
14702
14713
14745
14786
