1
161571485
159658220
161337395
161794101
162065653
163962211
162168868
162523263
161068666
161687977
163227154
160240207
164858856
163107174
160822934
161271659
160048257
160210362
162187855
162371875
163169104
161970512
161627819
160669232
160900373
161880716
161648534
161230289
160311994
160156494
160149047
162668036
162787187
161055589
162981747
160850226
161688313
162851699
162172755
161136536
162711484
162374046
163365674
162514883
160228044
160779743
162805771
161221301
162690298
162502411
163339198
160712421
161772519
162900126
160773836
160577669
160814077
161709965
162988413
161877577
163069286
162709700
162518881
162993299
160669045
161109674
162948664
160187194
161195665
160872546
161287908
159519075
160800679
159288961
160189480
161301264
161858595
164377978
161778755
160018219
163092521
159896457
161676430
162563316
162721085
162316413
161123084
162712590
162835901
161244147
162052235
161069282
161607634
162150465
162785694
162511817
160534200
161972694
162397435
161414667
160746328
162047159
162768469
162089071
159283234
162270306
160630810
158934134
161089122
163117212
161992116
159811874
161865917
163898107
160327905
161674183
160496926
160196935
160123700
163401034
161884501
160978707
161614087
161482769
162300783
162029762
160871404
161803868
162745348
160902975
160697685
163043349
160285429
159684235
161592793
161665974
162824245
161662815
161639804
162700844
162537679
161620474
163232754
161992410
161946784
162633521
161423957
160121974
162513836
161745820
162524307
161251317
161780555
162258445
162965219
161034130
162127964
163779065
160728594
163216899
162851789
161874009
162678313
161284720
161456790
162705372
163296125
162109394
161804586
161120938
162490033
159686758
162289583
161396854
161942486
161182071
162298143
161253477
161494315
164328224
159507274
160184138
163597219
161290159
162289295
161928682
160910070
161704732
161693527
163003355
163511311
162973240
162679705
161166911
160630843
161314082
161447066
161826836
160912503
161745914
160671312
159184802
162029762
162314568
160494920
161245944
162396737
162599686
160777004
158870640
162744829
162238241
162418052
161813753
162486034
162217673
162182607
161305348
161982487
162778789
160698699
162106879
161380777
161886140
161155402
159193514
160975906
162847199
161580607
163282855
161313592
160888554
161391843
161191678
160606103
160655011
162767744
162868619
161528239
161325974
161667644
161707004
160775543
160399563
161093060
160696471
161874932
163989891
160977669
160967812
160942558
162300640
162233782
162755706
162268391
160677889
162876784
161434597
161942169
159425428
162223503
161901675
160667131
161362870
161932567
160394810
161803072
162685646
162386895
160744960
161688584
163289174
163131595
159723085
162366472
163223313
162777071
161335410
161992983
160488501
164390571
162282749
162676343
160792451
161765673
160154971
161807724
162062999
161330350
161291771
161629729
162263517
161214428
161360163
161395624
162174484
161647767
162641118
161575992
160889395
162560092
159913394
162438687
161954111
160576287
161292439
161434827
161067097
161660283
161983723
160861931
161251055
161565668
162655871
161017005
159340862
161245741
160821690
164436560
161508867
162025139
162110691
162711835
162427947
161057540
161361436
161459367
160021755
161667518
160897369
161595569
160125335
159909886
161432134
161385945
162180470
161607424
161688805
163079388
159589533
161747097
161894339
162252749
163005079
161211686
161647945
162365052
161573669
159681030
160169311
159930483
160413010
161066087
162046717
161673495
162655043
161204805
161721873
161413562
160521874
161799251
159714609
161007124
162323569
160624288
162598914
160230959
161315934
160887796
161479451
161557364
159969366
161156931
162886941
160035176
160450138
160603100
161187088
162141268
161776573
162013234
160966183
161181282
160243457
162356207
161170095
161380887
162992872
161872349
162440308
161924324
161103867
163000731
161585290
159908034
161158642
161543651
161118445
161630257
162979115
162884090
162390489
160094725
162286630
159021395
162134876
161504490
162945702
162329861
161772119
159857397
162942026
162791006
162159818
163870054
161700944
163388658
164567879
162226251
162998922
161582430
159552360
161881211
161713881
161151238
162684918
163154884
161995657
160860638
161266349
162386561
162069542
162157917
160804932
162606633
161981396
162384239
160908358
162166634
162941370
159783937
160689383
161360942
161348653
162648448
162141795
163306431
161305507
161559737
160910765
162112266
162896311
162154389
160994443
160457041
163476367
161858290
161024335
159995057
162771230
159914195
162131588
162589179
161400791
159973118
160240506
161893244
161868588
162334693
162279341
162908119
161728011
161242994
161390070
162793451
162062176
162295773
160888420
162115159
160988719
161596571
162531884
160988863
161277811
162936887
161161425
160700359
160171748
161311917
162538859
161060161
159262650
161727913
162609493
162035602
160199941
163691248
160835408
160414584
160284290
