0
6
8
28
32
62
74
87
87
87
103
103
140
149
149
171
171
171
180
181
201
201
201
201
201
221
221
229
229
234
262
262
265
265
269
278
293
304
304
304
307
310
312
312
312
312
312
330
330
330
340
357
357
357
399
402
406
418
452
461
461
461
462
465
485
491
510
510
531
546
546
550
550
553
584
620
620
620
628
631
649
663
701
705
716
732
740
756
756
756
760
760
779
801
801
801
809
835
835
861
861
871
871
871
891
891
939
939
939
970
970
970
970
979
979
979
979
1003
1003
1023
1030
1049
1053
1063
1071
1071
1071
1071
1071
1073
1095
1106
1106
1106
1109
1127
1127
1127
1127
1127
1132
1170
1183
1183
1203
1218
1218
1219
1261
1282
1301
1326
1329
1346
1346
1346
1353
1376
1384
1418
1446
1446
1451
1464
1464
1464
1464
1469
1511
1529
1529
1531
1531
1531
1534
1548
1606
1606
1634
1638
1660
1663
1663
1670
1679
1680
1713
1744
1744
1749
1781
1789
1789
1815
1817
1829
1832
1832
1865
1869
1882
1894
1900
1931
1931
1931
1931
1942
1952
1952
1952
1952
1952
1978
1978
1997
1997
2000
2000
2000
2021
2021
2021
2021
2028
2042
2042
2042
2045
2045
2045
2045
2049
2049
2069
2105
2138
2138
2162
2165
2165
2165
2216
2237
2251
2276
2293
2307
2307
2307
2310
2320
2320
2363
2396
2396
2396
2428
2438
2442
2448
2476
2517
2529
2529
2529
2529
2529
2529
2542
2570
2570
2606
2606
2630
2637
2639
2645
2649
2649
2663
2668
2668
2674
2697
2709
2709
2720
2720
2720
2720
2720
2738
2741
2751
2770
2770
2770
2770
2770
2770
2775
2793
2793
2793
2802
2814
2833
2833
2849
2849
2855
2855
2855
2871
2871
2871
2871
2891
2902
2902
2902
2902
2916
2916
2916
2933
2933
2949
3006
3035
3035
3048
3065
3065
3065
3101
3118
3118
3134
3156
3179
3182
3212
3212
3212
3212
3256
3307
3311
3311
3351
3365
3379
3379
3391
3419
3421
3421
3421
3421
3421
3436
3454
3462
3462
3462
3462
3474
3474
3474
3480
3480
3480
3480
3480
3480
3491
3500
3510
3510
3526
3532
3538
3538
3556
3567
3568
3568
3598
3606
3611
3613
3613
3613
3613
3627
3627
3627
3628
3662
3683
3694
3712
3712
3712
3718
3718
3723
3723
3723
3723
3744
3758
3758
3761
3761
3771
3785
3785
3797
3798
3815
3859
3870
3870
3882
3910
3910
3933
3941
3955
3955
3977
3985
4007
4008
4030
4030
4035
4035
4067
4092
4098
4098
4120
4124
4144
4146
4169
4170
4170
4170
4181
4181
4204
4207
4226
4239
4239
4241
4244
4247
4249
4249
4261
4261
4261
4261
4261
4272
4275
4282
4292
4292
4292
4293
4306
4312
4318
4318
4318
4318
4335
4348
4348
4348
4348
4353
4353
4375
4375
4375
4397
4420
4425
4449
4479
4480
4480
4512
