0
0
0
0
0
0
0
0
0
0
0
0
0
0
6
29
31
45
68
69
69
69
69
69
69
69
88
88
92
93
101
122
122
122
122
140
146
146
146
146
146
146
146
146
157
163
163
163
163
163
163
163
163
163
163
163
163
163
163
163
163
163
163
163
163
163
163
163
181
183
186
186
187
201
201
211
211
211
211
225
228
228
230
241
242
249
249
249
249
249
249
251
251
251
271
277
277
277
281
281
281
281
281
281
281
281
281
281
281
302
305
323
338
352
355
355
355
355
355
355
363
363
363
366
390
401
412
416
417
443
445
445
445
445
445
445
445
445
445
445
445
445
445
445
450
450
450
450
450
450
450
450
450
450
450
450
450
450
450
450
450
450
450
450
450
450
450
450
450
450
450
450
450
450
450
458
476
487
488
491
491
491
491
491
492
498
498
498
498
498
498
498
498
498
498
498
511
511
511
511
511
511
511
517
523
545
563
577
579
579
579
579
579
579
592
592
595
597
606
624
638
638
638
648
653
653
653
653
653
653
653
653
657
661
661
661
661
661
661
661
661
661
661
661
661
661
661
661
661
661
661
661
661
661
661
661
661
661
661
661
661
661
661
661
661
661
661
661
668
681
696
703
710
710
710
710
710
710
710
712
712
712
719
731
733
733
739
739
742
742
742
742
742
742
742
742
742
742
742
743
754
761
767
767
767
767
767
767
788
788
788
788
788
788
801
802
807
807
807
807
807
807
807
807
807
807
807
807
812
812
812
812
812
812
812
812
812
812
812
814
818
822
822
822
822
822
830
830
830
830
830
830
830
830
830
830
830
830
830
830
830
830
830
832
862
864
864
864
864
864
864
864
864
864
864
864
874
874
874
874
885
885
885
885
885
885
885
885
885
885
885
885
885
885
885
885
885
885
885
885
885
885
885
885
885
885
885
885
885
885
885
885
885
885
885
885
885
885
885
885
885
885
885
885
885
885
885
885
885
885
885
885
885
885
885
887
887
887
887
890
903
903
903
903
903
903
903
903
903
903
903
903
903
903
903
903
912
917
956
971
971
997
997
997
997
997
997
997
997
999
999
999
1000
1000
1012
1012
1012
1012
1012
1012
1012
1012
1012
1012
1012
1012
1012
1012
1012
1012
1022
1022
1022
1022
1022
1022
1022
1022
1022
1022
1022
