1
70457792
70217377
70562684
70846656
70282135
70211261
70311233
70393950
70455429
70179522
70448599
70563385
70402234
70314203
70792801
70330936
70393460
70202587
70592401
70459594
70183673
70276385
70559620
70925464
70590964
70561384
70619069
70564905
70772347
70785379
70220699
70470016
70660421
70491646
71011276
70418449
70414823
70445814
70853292
70548290
70740298
70661540
70884379
70973521
70598180
70514925
70658555
70760039
70811332
70286556
70658405
70396755
70379216
70615689
70257831
70468629
70340998
70552530
70707881
70408187
70940578
70059196
70827386
70250681
70765590
70637062
70352103
70485260
70550400
70320166
70331530
70422294
70779100
70501319
70355962
70147420
70708625
70390285
70402616
70496368
70486100
70564061
70267147
70517908
70423511
70430973
70634983
70233854
70457111
70750748
70869635
70200811
70397418
70701694
70602813
70540751
70367983
70806088
70534530
70918951
70500797
70363122
70556983
70211780
70365932
70329758
70376017
70422068
70458776
70266236
70319304
70174322
70615840
70351660
70304772
70229188
70657959
70526049
70331282
70413745
71194217
69955642
70341436
70165111
70700077
70550142
70416350
70362458
70145340
70316307
70794777
70534431
70877405
70703547
70798747
70381951
70756257
70379208
70447143
70751760
70622273
70638930
70400341
70962761
70671353
70687660
70465823
70680673
70670284
70235096
70447789
70572107
70235474
70398488
71011173
70580511
70622571
70638329
70923660
70404821
70550903
70111646
70678114
70629172
70436575
70740423
70451926
70397256
70525324
70638897
70287671
70376658
70467385
70668367
69943595
70727158
70638315
70585800
70269073
70235909
70484387
70470614
70289421
71027334
70774348
70862791
70612678
70268255
70399023
70699057
70516724
70387535
70430539
70102409
70473549
70344436
70592075
70396435
70306671
70630711
70874787
70567975
70420607
70730716
70517942
70590810
70362854
70550573
70273701
70829548
70370464
70593888
70543178
70708499
70221982
70429740
70582828
70748570
70412452
70174186
70515896
70852298
70306533
70774656
70571992
70362321
70664355
70331737
70485483
70700963
70676880
70537118
70442828
70273507
70262535
70735012
70615121
70587508
70422966
70603030
70968705
70511659
70348929
70127124
70512658
70415292
70440347
70664761
70533902
70483896
70410671
70602000
70639019
70603324
70109350
70737467
70871659
70640611
70665040
70871198
70095966
70319817
70765748
70716807
70604236
70324081
70002603
70153466
70545947
70577852
70498303
70242584
70398680
70476443
70586701
70687215
70350327
70272835
70553588
70299194
70242298
70330071
70537678
70453068
70583148
70402270
70669935
70343170
70599163
70357116
70623612
70583989
70491447
70098177
71010121
70440596
70304713
70586909
70469420
70760064
71061442
70531258
70601648
70579116
70725966
70828520
70254509
70407938
70693173
70341767
70676902
70687156
70795056
70921529
70743112
70471356
70750742
70928071
70668475
70746702
70592130
70750368
70613093
70550401
70484518
70176204
70436365
70703909
70845482
70525660
70883325
70544915
70618614
70429491
70561142
70704403
70273250
70755058
70682044
70386738
70554943
70192679
70563302
70361300
70435632
71053010
70630495
70414456
70599828
70715748
70762368
70149303
70427176
71146929
70391971
70386631
70540199
70537022
70672364
70517937
70320866
70330804
70728857
70483476
70399461
70189516
70557953
70474266
70443095
70655284
70395153
70374460
70593228
70119037
70214909
70189385
70401464
70441241
69971408
70756261
70603682
70420534
70775040
70294202
70504002
70334745
70434748
70977455
70620105
70799179
70734680
70334148
70493098
70522412
70837161
70263817
70376435
70408019
70686241
70421396
70168813
70911716
70612398
70652799
70437475
70570644
70212426
71080101
70383598
70320572
70222589
70295908
70348898
70365080
70701252
70328699
70757404
70525110
70488831
70236333
70728955
70353438
70435640
70814564
70811881
70457988
70177022
70649869
69995512
70718403
70274721
70552035
70509514
70837722
70670191
70659086
70291855
70604525
70556019
70345467
70446142
70705191
70662773
70388980
70491128
70206584
70366506
70159768
70677405
70712894
70320554
70458146
70362006
70257531
70157511
70641364
70464394
70505804
70571404
70666049
70616921
70555172
70791380
70740058
70566861
70718288
70063891
70223648
70130891
70468676
70538756
70571289
70561774
70849029
70329267
70357594
70548831
70504698
70796532
70327653
70149509
70362297
70595052
70447509
70346136
70244232
70419060
70314335
70635447
70496067
70514939
70761865
70055379
70713981
69945167
70631790
70091470
70517795
70528258
70453443
