0
0
0
0
4
12
12
19
21
25
25
25
25
25
25
25
25
25
25
25
25
34
43
54
56
56
56
56
56
73
84
84
84
84
84
91
99
109
109
109
109
109
109
109
109
109
109
109
125
135
138
138
138
138
138
138
138
138
138
156
156
162
170
170
170
170
170
180
180
180
180
180
180
180
180
180
180
180
180
180
180
180
180
190
198
226
245
250
250
250
250
250
250
250
271
271
280
297
297
297
297
312
312
312
312
312
312
312
312
312
312
312
312
312
312
312
312
312
312
312
312
312
312
334
338
338
341
341
343
343
343
343
343
343
343
343
350
350
351
357
358
358
360
360
360
360
360
360
360
360
360
364
364
366
376
382
400
400
400
400
400
418
418
418
418
418
418
418
418
418
418
418
418
418
418
418
418
447
452
484
510
526
528
557
557
557
557
557
557
564
584
584
584
588
588
600
600
600
600
600
600
600
600
600
600
600
600
600
600
600
600
617
617
617
617
617
617
617
617
617
625
626
626
626
626
626
626
626
626
626
643
643
643
645
650
650
656
663
663
663
663
663
663
663
681
682
682
694
704
706
709
709
709
709
714
734
734
734
734
736
739
739
739
739
739
739
739
739
739
739
739
768
773
781
808
809
845
860
860
860
860
860
860
860
881
882
882
893
893
927
927
927
927
942
949
956
956
956
956
956
956
956
964
978
978
979
979
979
979
979
979
979
979
979
985
985
985
985
996
996
996
996
996
996
996
996
1016
1020
1025
1025
1025
1047
1047
1047
1059
1059
1059
1061
1080
1080
1081
1095
1096
1099
1105
1105
1105
1105
1105
1108
1108
1108
1115
1138
1142
1142
1147
1147
1147
1147
1147
1147
1147
1147
1147
1147
1153
1163
1180
1201
1211
1232
1245
1245
1245
1245
1245
1245
1257
1257
1257
1258
1263
1306
1310
1320
1326
1350
1362
1362
1362
1362
1362
1362
1362
1362
1362
1381
1381
1381
1381
1381
1386
1386
1386
1386
1386
1386
1388
1388
1388
1388
1388
1393
1393
1393
1393
1393
1393
1393
1393
1393
1393
1393
1393
1398
1398
1398
1398
1404
1404
1404
1404
1412
1440
1453
1453
1457
1457
1457
1457
1457
1457
1474
1474
1474
1474
1474
1474
1474
1474
1474
1474
1474
1485
1493
1493
1493
1493
1493
1493
1493
1506
1522
1548
1563
1575
1575
1575
1575
1575
1575
1593
1593
1593
1596
1596
1628
1651
1651
1651
1651
1666
1668
1668
1668
1668
1668
1668
1668
1675
1705
1705
1705
1705
1705
1705
1705
1705
1705
1705
