0
0
0
0
0
0
0
0
0
0
0
0
0
0
0
0
0
0
0
0
0
0
0
0
0
0
0
0
0
0
0
0
1
3
27
40
40
49
50
50
50
50
50
50
64
66
66
66
66
66
66
66
66
72
72
72
72
72
72
72
78
78
87
87
97
97
97
97
97
97
97
99
99
99
99
105
105
105
106
106
108
108
108
108
108
110
110
128
128
128
128
128
128
128
128
128
128
128
128
128
128
128
128
128
128
128
128
128
128
128
128
128
128
128
128
128
128
128
128
128
147
147
147
147
147
147
154
165
177
185
195
207
207
207
207
207
207
207
231
231
231
231
231
231
231
231
255
265
265
265
265
265
265
265
265
265
265
268
281
286
286
286
286
286
286
286
286
286
286
286
286
286
286
286
286
286
286
286
286
286
286
286
286
286
286
286
286
286
286
286
286
286
286
286
286
286
286
286
286
286
286
286
286
286
286
286
286
286
286
286
286
286
286
298
312
312
313
316
316
316
316
326
326
326
326
329
329
342
350
350
350
350
383
383
383
383
388
392
396
402
419
422
422
422
422
422
422
422
422
422
422
422
422
422
422
422
422
422
422
422
422
422
422
422
422
422
422
422
422
422
422
422
422
422
422
422
422
422
422
422
422
422
422
422
422
424
424
431
436
436
436
436
436
436
436
436
436
436
436
436
436
436
436
436
436
436
436
439
444
444
444
455
455
455
455
455
455
457
457
468
469
478
483
485
485
485
497
498
498
498
498
498
498
503
503
503
503
503
503
503
503
503
503
503
503
503
503
503
503
503
503
503
503
503
503
503
503
503
503
503
503
503
503
503
503
503
503
503
503
503
503
503
503
503
503
503
503
503
503
503
503
523
523
523
523
523
533
533
533
533
533
533
533
533
533
533
533
533
533
533
533
539
547
554
554
554
554
554
554
554
559
568
579
602
619
624
624
624
624
624
629
629
629
629
629
629
634
642
650
650
650
650
650
650
650
650
657
657
657
657
657
657
657
657
657
657
657
657
657
657
657
657
657
657
657
657
657
657
657
657
657
657
657
657
657
657
657
657
657
657
657
657
657
657
657
657
657
657
657
668
675
675
675
675
675
675
675
675
675
675
675
675
675
675
675
675
683
683
683
683
683
