0
28
43
85
135
151
153
174
179
219
259
286
312
384
396
402
410
441
480
480
490
554
573
604
666
688
710
771
783
805
812
824
855
860
878
885
936
944
952
972
972
1055
1069
1081
1110
1114
1148
1192
1239
1274
1301
1376
1400
1415
1445
1455
1455
1468
1515
1584
1590
1643
1656
1700
1733
1740
1772
1777
1816
1822
1849
1874
1894
1914
1930
1946
1971
2001
2023
2056
2099
2128
2169
2187
2206
2226
2235
2260
2357
2394
2413
2476
2479
2533
2565
2599
2638
2643
2672
2674
2694
2728
2734
2794
2807
2844
2848
2925
2943
2976
2987
3019
3058
3058
3069
3127
3160
3181
3283
3303
3324
3362
3397
3405
3413
3463
3520
3537
3551
3567
3605
3615
3633
3645
3645
3720
3726
3733
3750
3777
3799
3819
3918
3947
4005
4070
4093
4099
4135
4135
4137
4138
4210
4287
4289
4369
4392
4433
4468
4478
4538
4545
4546
4565
4610
4656
4672
4684
4719
4738
4768
4817
4845
4868
4905
4920
4948
4965
4989
5006
5016
5062
5148
5165
5195
5233
5242
5288
5297
5305
5315
5324
5410
5425
5442
5487
5487
5543
5582
5608
5614
5661
5661
5661
5673
5707
5749
5759
5776
5832
5865
5874
5920
5946
5975
6018
6029
6038
6050
6125
6186
6190
6200
6225
6286
6291
6310
6317
6333
6359
6379
6394
6399
6431
6468
6495
6583
6625
6690
6753
6800
6856
6929
6929
6935
6935
6990
7031
7072
7155
7155
7201
7237
7248
7331
7337
7342
7351
7398
7425
7441
7452
7467
7487
7514
7556
7563
7596
7640
7644
7696
7709
7727
7760
7760
7776
7831
7853
7885
7948
7973
7984
8019
8040
8072
8091
8117
8148
8165
8236
8245
8310
8334
8367
8388
8402
8451
8451
8452
8520
8559
8576
8631
8697
8720
8748
8813
8829
8871
8898
8899
8910
8917
9011
9066
9066
9083
9094
9168
9187
9203
9223
9230
9242
9243
9269
9277
9327
9362
9403
9460
9504
9538
9607
9628
9704
9748
9760
9766
9778
9806
9834
9866
9937
9937
9988
10021
10063
10153
10178
10187
10193
10260
10290
10317
10324
10376
10388
10414
10443
10472
10493
10550
10567
10606
10607
10632
10663
10663
10671
10721
10741
10786
10841
10854
10878
10916
10946
10972
10986
11015
11031
11053
11077
11081
11159
11202
11217
11231
11241
11335
11341
11373
11425
11450
11466
11531
11582
11616
11663
11711
11719
11739
11774
11774
11782
11797
11888
11910
11910
11949
11981
12062
12075
12091
12118
12136
12152
12157
12193
12193
12235
12262
12307
12342
12392
12437
12493
12545
12585
12626
12664
12668
12681
12702
12715
12732
12814
12814
12834
12900
12938
13026
13062
13099
13135
13211
13235
13246
13261
13303
13320
13346
13382
13402
13434
13483
13497
13505
13526
13582
13624
13624
13627
13667
13676
13710
13782
13814
13838
13853
13889
13911
13921
13932
13953
13977
13986
13988
14025
14042
14053
14089
14102
14187
14205
14232
14256
14280
14290
14320
14350
14392
14482
14531
14534
14556
14584
14598
14623
14631
