1
88985633
89207669
89444771
89502677
89566260
89070172
89641228
89903002
89866224
89588619
89595152
89394022
88948885
89740030
89146020
89517931
89758935
89274730
89567744
89762739
89146521
89551180
90552915
89329405
89680377
89409940
89525500
89860362
89427662
89550322
89457572
89712028
89418093
90244338
89808082
89785982
89922791
89536262
90097829
89663333
89510258
89807739
88659583
89402453
90128748
89807922
89732999
89584034
89715581
89161383
88982629
89946877
89550514
89300452
89390683
89610800
89481964
89700250
89278818
89445293
89368565
90465619
89293360
89754284
89769605
89515508
89326794
89326663
89942433
89968185
89697469
89842819
89398974
89690335
89721759
89338772
89616509
89482868
89586532
89348688
88691821
89821575
89690632
89159540
89323054
89050047
89994825
89168729
89439235
89471543
89135732
89645173
90208847
89393480
89616938
89590878
89955640
89651266
89822064
89397681
90049395
89433193
89256900
89566849
89447266
89163233
89690776
89545408
90354087
89518640
89303053
89343533
89359818
89392812
88752619
89463097
89741545
88883425
89833239
89071771
89722539
89384632
89480270
89440050
89314164
89120990
89738702
89116323
89553816
89479109
90308579
89376760
89559926
89537561
90181145
89593975
89123004
89861068
88995896
89440740
89894409
89377570
89632711
89689482
89235459
89632349
89504399
89969719
89506558
89643767
89471403
89221129
89397082
89668890
90184258
89335221
88972296
89023293
89301968
90373688
90441481
89246762
89601172
89693891
88708911
89445365
89736796
89608332
89689918
89234831
89376833
90006359
89382359
89517747
89187064
89707731
89656409
90013272
89144097
89262657
89863922
89491185
90113324
89473814
89089785
88889042
89588116
89123717
89505346
89101012
89695063
89231394
89422339
90482881
89642724
88951355
90203267
89464149
89757073
89379929
89217615
89908152
89274951
89075581
89706680
89561986
89428051
89207525
89372649
89505141
89110876
88687072
89461923
88635901
89831877
89534438
89375371
90145452
89168422
89788745
89727535
89182142
89639329
89759116
90064601
89343315
89339833
89641643
89628324
89409916
88886391
89449024
89090802
89882683
89546889
89294754
89807914
89762689
89406887
89545069
88913908
89962007
89544275
89234281
89440299
89754548
90165177
89200390
89634486
89277519
89794576
89704625
90468838
88950761
89011695
89865680
89719052
90092744
89941142
89183572
89474707
88941071
89578558
89324292
88986766
89421108
89926698
89760947
89889291
89650481
89835856
89645986
89616814
89576745
89008840
89593330
89167922
89749235
89315685
89568588
90020940
89283267
89926090
88783317
89791975
89427354
89525090
90100585
89532593
89238127
89541829
89081331
89468116
89611399
88804221
89563774
90071296
89816739
90470168
89905498
89158295
89654428
89257670
89534890
89992250
89574983
89637092
89261148
89926896
89448604
89465975
89791527
89515310
90141999
89848226
89683674
89936978
89597148
89472363
89170005
89279465
89779412
89628067
89419589
89286798
89926479
89162254
89253751
89374774
89713048
89396820
89833897
88902131
89367211
89332919
89706120
89667873
89284199
89717150
88694566
89427562
89735313
89884333
89398556
89625841
89893574
89749348
89891041
89591541
89740934
90111068
89494029
89657863
89979120
89186743
88957073
89700112
89464996
89083000
89637565
89696159
89237163
89300006
89692789
89380193
89414426
89500483
89248537
89832144
89312465
89711616
89329316
89390087
90091268
88860758
89678566
89184238
89579894
89117919
89054964
89710045
89442600
88996776
89347645
89526866
89607197
89705055
89546443
89118013
89085621
89758782
89247638
89335977
89994690
88874322
89653993
90258069
89679020
88967372
89607340
89618809
89688813
89102596
89559496
89623644
89340806
89940454
89188614
89303073
89525120
88925914
90368878
89722830
89470404
89803334
89594179
89539257
89240603
89644981
89547177
89682971
89951738
89023520
89497819
89592447
89474757
89072808
89980731
89789597
90110257
89647165
89938140
89317350
89650611
89591554
89308519
90018710
90073832
89253105
89471614
89688048
89384826
89076911
89560544
89583030
89154924
89357103
89900733
89509176
89376077
89679794
89094790
89386351
89804780
89007014
88916530
90357461
90030676
89643431
90156006
89179820
89101403
89539778
89462394
89674516
89362720
89361534
89236564
89045017
89259726
89424779
89316363
88572821
88991502
89484662
89356770
89405786
89909415
89425697
89660206
89612461
90002037
89560961
89418623
89668416
89561957
89625279
89268661
89147493
89332160
89346913
88870936
90142295
90259509
89906954
89339313
89635690
89429929
89597189
90148751
