1
503223279
1006500775
1510339396
2014242212
-1776960726
-1273848631
-770297507
-267034097
237020022
740145455
1243405194
1746966524
-2044225728
-1540300853
-1036864521
-532801551
-28875703
474785840
978008522
1481437684
1985160696
-1806567713
-1303035013
-799952112
-295595976
208331242
712164508
1215919681
1719521628
-2072042995
-1567775298
-1064422316
-560484245
-56995423
446645970
950228531
1454077478
1957377800
-1834270736
-1330953880
-827280761
-323346980
180879575
684684144
1188355102
1691355081
-2100027214
-1596530028
-1093151872
-589644303
