1
48218416
47890958
48124825
48486148
48137391
48159755
48003502
47968057
47983506
47963991
48015555
48207275
48335178
48103100
48399180
48023825
48032452
48015908
47941165
47963547
48087351
48147337
47918352
48159968
47958187
47876346
47962763
48033317
48049210
48103611
48157903
48019204
48098244
47942191
48220681
48104508
48128755
48083923
47936669
47891600
47954842
47913195
47923885
48142448
47849424
47933466
47949070
47963658
47958309
47954201
48065016
47982352
47968065
47952719
48113627
48003907
48087073
47924629
48091867
48014675
48077035
48035106
48088381
47877125
48052804
48085108
48153282
48072248
47905782
48171530
48128741
47966822
47906696
48118257
48045936
48195745
47983707
48002334
48111386
48148390
48023635
48233276
48222051
48015986
48211061
48200743
48118892
47989004
48040267
48131353
48133547
48113423
48032813
48330105
48008374
47978126
47860684
48107479
48067542
48035755
47856792
47964279
47980503
48018498
48177677
48062483
48040207
48019390
47702060
48233310
48196737
47893844
48040935
48211155
48103787
48000622
47826102
48129123
47978345
48133863
47986427
48157016
48096124
47938778
48060924
47955547
47965667
48240167
47892903
47900099
48092633
47995662
48097852
48023747
48181732
48031302
48004550
47975726
48031204
48173623
48026014
47932831
48089421
47879087
48136960
47998946
47969226
48165057
48063835
48023489
47874559
48042859
48162866
48023181
47982456
47934601
47988176
48130989
48057617
47797935
47946674
47944466
47948204
47929352
47909568
47836802
48117109
47971464
48067293
47994591
47896986
48062997
48287770
48024017
47985341
48139005
48049718
47971278
47990626
48028883
48071385
48114548
48093815
48080590
48040467
48131990
48048759
47968166
48115647
48095148
48111668
48032269
47990413
48014488
48050004
47940735
48124798
48092757
48069946
48006079
48237546
48007463
48123053
48068416
48091860
48045920
47999956
48077107
47971827
47958512
47898911
47983821
47966709
48087473
47916295
48088213
48085971
48129166
47993506
48066055
48076620
47990612
48036216
48055506
48033831
48031064
48043694
48001843
48160351
47996440
48128320
47947894
48269212
48062180
48084606
47991132
48024227
47905967
48118941
47992326
47938550
48125652
48043186
48138047
47946715
48029464
47938392
48023088
47961655
47986885
47927776
48177850
48121753
48002360
48162260
48019931
48032787
47924154
47843797
47926107
47911425
48022091
48095465
48041475
48052030
48189061
47983485
48009892
48166165
48062373
48071077
48061296
48047469
48220225
48043780
47911609
47952692
48138820
47920319
48120927
48047079
47971223
48323016
47859208
48040853
47866523
48186944
48137719
48129526
48052966
48062579
48151026
47908387
48093138
48000935
47920224
47969129
48255388
48068237
47977976
48001947
48029913
47944100
48088913
48083545
48162113
47941621
47987817
48020457
47883471
48049272
48021209
48127579
47888468
48065049
47995643
48035159
48025299
48095920
47884194
48047901
47993788
48048295
48009125
47821561
48124598
48043414
48116813
47951676
48052838
48063671
47963665
48097933
48175886
48013207
48044508
48070508
47908977
47949531
48014452
47963446
48083746
48085411
48013288
48146537
48102614
48158107
48129441
48043870
48030346
48004010
48120156
48072123
48057700
48122586
47993436
47869188
48168842
48075695
48217961
48000828
48028136
48147908
48019489
47942278
48105610
48043045
48010997
47885959
48041443
47973539
48072310
48071217
47930106
48091622
48157424
48061451
48134402
48030656
48111745
47993884
48282464
47974248
48100761
47943776
48097213
47949485
48046537
48160590
48004912
48062214
48107239
47985078
47859179
47943513
48001752
47889845
47973937
48101718
48100326
48026746
48061232
47980005
48029247
48124314
47804399
47959646
48081807
47893030
48127521
48012633
48041789
48002541
47972368
48112563
48054605
47984523
48046118
47956916
48031163
48020911
48146989
48023107
47934714
48005180
48054068
48097914
47948181
48026064
48001320
48130133
48050630
48096230
48044373
48071129
48074898
47844721
47843751
47941751
48135704
48038437
48168201
47992425
48059474
47929906
48114399
48109957
48001967
48090555
48151425
48000065
47994407
48097186
48053328
48004495
47954873
48035313
47974731
48006135
48262733
48202592
48011036
47974806
48070508
47923367
48107071
48000941
48114057
47961262
48012641
48105032
48143169
48243707
47867671
48061384
47981386
48021103
48038028
48045128
47968857
47979895
48162458
47947000
48046060
47951952
48096197
48047715
47944761
48053040
48011880
47959072
47928183
48054691
48093409
48156678
47990389
48119996
48026265
48117107
48031761
