1
1138087237
-2019732843
-878551646
261981062
1401371854
-1755966224
-614744228
527422730
1665017661
-1489853937
-352272667
790396575
1929769341
-1221653019
-79952557
1061439474
-2095008217
-955015623
184683505
1322173919
-1834758595
-694570340
443310388
1581280897
-1576047833
-434202810
705817982
1845073275
-1310769374
-169599265
967446954
2106955017
-1046420342
91608875
1232276924
-1921797570
-784240422
353344059
1495403754
-1657776283
-519468847
621416005
1759658796
-1398312714
-257673067
881860344
2019888453
-1134949098
2871510
1142145015
