0
1665
3251
4881
6490
7996
9665
11125
12671
14286
15808
17508
19120
20676
22221
23799
25477
27063
28561
30265
31845
33436
35097
36605
38218
39902
41524
43153
44675
46372
47942
49596
51324
52892
54491
56228
57905
59471
61067
62737
64273
65895
67518
69013
70564
72061
73769
75414
76912
78498
80150
81990
83482
85091
86734
88301
90007
91556
93157
94681
96384
97951
99552
101243
102857
104490
106116
107883
109610
111303
112975
114650
116230
117868
119482
121136
122831
124443
126079
127716
129308
131093
132748
134395
136131
137763
139356
140855
142319
144085
145551
147251
148887
150487
152017
153644
155272
156843
158385
160043
161777
163323
164915
166650
168162
169735
171452
173089
174669
176283
177944
179483
181092
182766
184341
185953
187575
189172
190785
192398
193975
195620
197160
198944
200533
202218
203787
205415
206965
208639
210214
211851
213490
215178
216731
218295
219900
221453
223078
224672
226404
228145
229658
231317
232938
234518
236064
237754
239420
241008
242606
244174
245740
247406
249044
250634
252233
253829
255500
257176
258893
260573
262291
263988
265566
267164
268714
270361
271967
273601
275329
276930
278459
280138
281702
283460
285089
286626
288207
289783
291481
292966
294482
296133
297563
299217
300820
302457
304037
305773
307429
308988
310472
312150
313757
315325
316947
318555
320126
321698
323410
325016
326625
328176
329760
331357
332862
334429
335966
337422
339088
340600
342268
343827
345406
347056
348611
350292
351934
353536
355192
356747
358436
360152
361902
363506
365119
366759
368405
369941
371561
373159
374772
376351
378061
379771
381199
382837
384499
386128
387697
389267
390869
392455
394241
395778
397354
398964
400580
402130
403673
405319
407000
408579
410148
411802
413426
415055
416743
418350
419867
421382
422905
424516
426282
427932
429593
431265
432796
434499
436131
437761
439369
440946
442614
444127
445687
447356
448796
450490
452062
453661
455219
457001
458540
460132
461638
463211
464827
466363
467989
469676
471312
472915
474644
476244
477862
479376
481111
482686
484259
485989
487670
489240
490774
492290
493951
495518
496992
498637
500189
501892
503510
505077
506746
508325
509946
511493
513248
514931
516617
518272
519839
521324
522980
524517
526100
527584
529359
531077
532651
534325
535881
537397
539010
540611
542317
543854
545428
547006
548633
550185
551744
553358
554953
556534
558176
559837
561432
563053
564512
566110
567794
569380
570974
572588
574170
575850
577664
579310
580932
582488
584063
585722
587304
588877
590447
592044
593820
595472
597003
598656
600112
601761
603430
604990
606591
608276
609852
611382
612881
614492
616076
617611
619247
620902
622538
624096
625715
627311
628889
630515
632110
633735
635249
637027
638756
640204
641693
643278
644900
646479
648067
649666
651281
652952
654503
656101
657633
659307
660912
662510
664151
665814
667476
669141
670624
672263
673953
675417
677028
678572
680204
681822
683434
685059
686603
688189
689769
691298
693031
694540
696084
697694
699379
700926
702512
704077
705656
707284
708939
710555
712061
713705
715305
716901
718555
720153
721799
723465
724974
726482
728200
729811
731500
733192
734854
736382
737981
739589
741146
742732
744386
745989
747598
749345
750846
752549
754178
755852
757422
758972
760597
762138
763670
765416
767044
768647
770327
772028
773553
775133
776823
778434
779983
781532
782983
784656
786098
787901
789657
791178
792822
794370
796120
797706
799338
800990
802575
804190
805660
