1
48547474
47934187
47948484
48096116
48288525
47902842
47971384
48114946
47991763
48035676
47993124
48074737
48161428
48050937
48097636
48001523
48054662
48211839
47879236
47989015
48083073
48091981
48076808
48057325
48032326
48021670
48004555
48081061
48149495
48018837
48078384
48075105
48219224
47954045
48046984
48035517
47980911
47976017
48064071
48091514
48021083
47881501
48048857
47932888
47887768
48094853
48045174
48094157
48061960
48044229
47833417
48177907
48023040
48004277
47956070
47972694
47986663
47954025
48108404
47967525
48018351
48003799
48096178
47964424
48216116
48090918
48114048
48003917
47973364
48045492
48083355
47964120
48048663
47939296
48180264
47911817
48094420
47967767
48124068
47961816
48070001
47947144
47936287
48022030
48192231
47896340
48113150
48012687
48097121
47934421
47831632
48054532
47954514
48105908
48045878
48008050
48064790
48020396
47913126
48097553
48231019
48024001
48058696
47928765
48197148
48142006
48083858
47860798
47993251
48109737
47935139
48005189
48078583
48102241
48170650
47847245
48029752
47926760
48090980
48093994
48006781
48142530
48151668
48032802
47950993
48090691
48093597
47899053
48018912
48180364
48069743
48046179
47987923
47960837
48034159
48079141
48082246
48082138
47932033
47989604
48122753
47991378
47958086
48120843
48063124
48015215
48039475
48025332
48028486
48007464
48004163
47850765
48006175
48058998
48032447
47978266
47950330
48006392
48153382
48099316
47975755
48115718
48002301
47940927
48025153
48180076
48034751
47975022
47986898
47949963
48022694
48027531
47961456
48150770
48091192
47996714
48228076
48108342
48029088
48168865
48107020
48148998
47917083
48004425
48133585
48136387
48114593
47912691
47988370
48123091
48119179
48083670
48059095
47951518
48131760
47959129
47942385
48007360
48184250
47910493
47991709
48048846
47979769
48155264
47941940
47949165
48215143
48005076
48041468
48173092
48078562
48181386
48048882
48185578
48144754
47946509
48024828
48063775
47920913
48016364
48034170
48205052
48074263
48179100
47996816
47915615
48066639
47971188
48000838
48004584
48104851
48151741
48105400
48059726
48002260
47991124
48016929
47825686
48030351
48010122
47897338
48159457
48058164
47963928
47863322
47982024
48084440
48075476
48000209
47999785
47889952
48013082
48047159
48172675
48091738
47841330
47966346
48031696
48040546
47964818
47988480
48038348
47976685
48083878
47962146
48029030
48108980
48010404
47897763
47863763
47885086
48109023
48093509
48120135
48121104
47908307
48007595
48180050
48130655
48023911
48128298
48081458
48060925
47999389
47978707
48040944
47976541
47973486
47961803
47937021
48062710
48186123
48116915
47930326
48028394
47933066
48009704
48006717
48061183
48049171
47959559
48107617
48096894
48158776
48125440
47903544
48053041
48064025
48058355
47976516
47987562
47961587
47938082
48168414
47944451
48043569
47897178
48211623
48028868
47850147
48011561
48087794
47859033
47979007
47963530
48103091
48167104
48056236
48068685
47991171
48078981
48045780
47887386
48257004
48049622
48105313
48164901
48010486
48066972
48009844
47945396
47953911
47943888
48131202
48282516
48103871
48049566
48112253
48065958
48071242
48052966
48120686
48105715
48056295
48152372
48022646
48106594
47989843
48143560
48002161
47946010
48047742
48109179
48046739
48073006
48181638
47948859
47836132
48038802
48025116
48092729
47965721
48010273
48100402
48161230
48116646
47834876
48123382
47895048
48121125
47943891
48052380
48171315
47988633
48104764
47877217
47990985
47996589
47994907
48182780
48133538
48016302
47974179
47907474
47984580
47983350
47966951
48100270
48181782
48031965
48055130
48085677
47992225
48090552
48172812
48122708
48077316
47977418
47870512
47992574
47787973
48065109
48057994
47792452
47969568
47976988
47983342
48013969
47964076
48096532
48067671
47898177
47925433
47970810
48048965
48059276
47861221
48252339
47997700
48135647
47936741
48098639
47941924
48085147
48149626
47946887
48149974
48068261
48146139
47989661
47949053
48144196
48011283
48077314
48045102
48056776
48102936
48064169
48137613
48080139
48279802
48233242
47948565
48195230
48240002
47974132
48105309
48158471
47959568
48006964
48178435
48228148
48020461
48066854
48086862
47806189
48092116
48070343
48082904
47889355
48105528
48007936
48005931
48138458
47942816
47966707
47949717
47931206
48186594
48123194
48012419
48141270
48212965
48120947
47892726
47878393
48123877
48040833
48157424
47902502
48123007
47972629
47957919
48085305
47949676
48048693
48069198
48014793
47937202
47922578
