1
171682854
172291817
171033073
169776169
173112223
171043280
171269449
171082049
173465362
174042782
171538121
170990598
172719453
171937528
174054302
171587620
172441709
171062176
171468238
172544625
172220279
172243669
172868544
171991784
170820953
170382745
170612574
171774756
171734094
171050196
171467154
170579385
171052111
171081499
171343081
171038649
172083623
171044613
173935613
173434180
172059736
170967493
171388547
172855429
168073871
172555528
172261332
169887110
173300906
171635095
171563591
171447697
171091448
170238359
171337441
170850733
170475092
170862199
170330939
170628760
173202858
169658577
171181046
172264493
171373061
171170426
171763743
171482954
171193222
171242851
168826918
170805343
172920350
170690363
170792249
172968741
171168438
171852027
172056492
171872840
172016660
171170606
171408316
170146430
169441852
170724173
170563982
171953521
170362019
172722259
172846583
172133883
172259268
171644704
172154369
171995858
173288786
172351848
172482258
170379752
172073605
172652771
172937084
171565180
172002620
171461908
173292551
173136083
169995650
171905871
170930699
174146849
171026792
171538250
170154364
171469082
172187119
172071557
170781441
170791844
171116844
169671970
172564101
170405394
171578703
170789068
171345340
171479307
169900672
169786746
172623744
172375704
171156637
171988341
173459528
172324681
169995440
169464680
170015296
172294143
170592434
173373712
170300491
172902058
171686936
172013928
170208515
170158675
171555178
171324650
171863432
172155494
170471370
172655261
173717218
171165256
173477490
171329731
171315358
173598913
170183382
169876738
172565579
170402551
171185730
172989134
170222081
171066359
170086748
170829177
173432308
171430217
171132561
172023616
170834804
172619137
169456370
172272289
169428170
172020551
170861748
172851166
170720325
172895690
171594312
170093635
171848457
171619068
172465305
170904327
171048269
171533346
172143168
173284830
171352499
170027828
170410968
171016064
169237136
171000302
173585375
171480857
171169771
172773618
170514391
173546390
171732929
170697691
171019419
172392708
171845846
170339457
171951965
171033689
171863846
170128860
170601596
171590761
171852446
172746880
169964278
171997604
170875588
170878632
172978646
170746474
172212776
171502872
172777656
171899843
171082361
172063767
173377924
170382003
169103200
172662434
169421669
170474544
171194350
169792554
171736534
172465399
172524372
173984045
172586553
171275893
171194324
170472004
170685223
171579439
171814438
172496841
170483509
172599155
172446589
171145168
172522334
170832866
172189678
171702850
170379992
174235125
170950414
172922610
173261713
171144220
169145137
171382081
174502561
173010057
172733165
170825009
171864075
171155778
172124946
173076691
171240498
170822553
172220351
171468136
170028594
172127170
171539426
172404203
171521049
171079713
171065079
171797455
172512787
174367014
172475999
172095485
170181541
170657109
172735239
171218782
171971643
170971928
172067286
172086303
170179800
170653195
173252370
171118224
171152535
172579013
171256069
171375994
169958302
170805475
169005150
171673708
172523962
170818630
170937205
171755498
171718545
171600871
170054716
171426180
172276203
171691415
171310024
173037486
168814922
171168016
171277445
172729596
171437359
172298367
172143215
170879794
173209803
170408159
171036568
171959725
173549176
171944953
170078656
171859230
173861268
170924984
170882704
171075196
171977884
170423113
171695842
172684155
169332457
172903410
169256270
169609543
170161647
170619045
172790889
171504999
172524839
170814611
171447372
172370093
172023216
172143497
169249246
168039313
171766152
171580337
172900273
171279611
171884431
171675626
169972302
171722481
171617831
171924652
171355984
171187618
172066053
172850528
170404876
172494921
169952373
172823472
170438388
171056085
174496232
171629435
171006191
169986981
172136340
170547083
172473179
171107320
172123934
171513905
171269114
171139727
170154733
171278397
170107202
170054375
170643375
172790979
171329694
171354560
172112646
170562604
172252726
171854129
171829805
171680053
172682733
172751209
172909739
172139140
171790237
171574505
172924105
169946248
172199059
171245884
171138431
170541980
172521078
170932414
171420127
170813254
172039279
170624777
171211537
170989508
172267697
172862012
171032610
171388695
173165245
171682144
171307460
171255778
169141704
171487613
172055836
172652250
171539900
173928940
171888219
170158717
171686952
173639004
172505426
171065712
173393732
173307573
172835068
171600744
170638258
172478686
172495135
170623359
171837620
171141955
172226489
170230706
169260330
172225669
170672602
172095026
170074375
172238014
170123127
173817872
173836866
171631915
171517031
172546226
171206011
170259533
170565774
171771352
171668246
171059867
171421812
169973183
171505656
171453890
172271178
170936313
170909873
172232785
173210186
171857063
171913539
169962485
171605948
171439153
168780625
170516217
169970549
169878936
171478269
170718931
