1
64514638
64417716
64258522
64361988
64451408
64098550
64573630
64353754
64477658
64271605
64305539
64311838
64206740
64603375
64262873
64606208
64198983
64344437
64011647
64489191
64005392
64412238
64313303
64447393
64308647
64345441
64344885
64577584
64281206
64331587
64564482
64285940
64665752
64504221
64435729
64210251
64525067
64225214
64522208
64414641
64206248
64391027
64505904
64487654
64208076
64391389
64352356
64531783
64592282
64116079
64493020
64438312
64403861
64110584
64238069
64674548
64385031
64320973
64474120
64674553
64629764
64449162
64394274
64355984
64478580
64256754
64564891
64309460
64392874
64587661
64523381
64214444
64461244
64621002
64404367
64587007
64437726
64307511
64451598
64384941
64233585
64263138
64398057
64502765
64053602
64395864
64271995
64687551
64618313
64743242
64460478
64456431
64449727
64160281
64159941
64409217
64159458
64531845
64613716
64459979
64200034
64473659
64741200
64437461
64540922
64275961
64435761
64417529
64110497
64456652
64566392
64330469
64329150
64268769
64408658
64477976
64508596
64256281
64387857
64585999
64641644
64563403
64449793
64502042
64524598
64393451
64360778
64330655
64311356
64367469
64106445
64233191
64428957
64546213
64397818
64177026
64352418
64481295
64466408
64277982
64662134
64500228
64242354
64464197
64365453
64481082
64401670
64577791
64519820
64178106
64056851
64367813
64405302
64203361
64460132
63991919
64475498
64639888
64463088
64687962
64334334
64310257
64011592
64318292
64356592
64006126
64402329
64529800
64516533
64659524
64277774
64574830
64332271
64404434
64245718
64378363
64588996
64637493
64259131
64312987
64256801
64416226
64429428
64697884
64394112
64300605
64518655
64516968
64440175
64664057
64463344
64139172
64420678
64194540
64567437
64191554
64267439
64602383
64434830
64584251
64613095
64644097
64540503
64387903
64725702
64510631
64205590
64085057
64367033
64350563
64518667
64558505
64420941
64412008
64390429
64406864
64223201
64475384
64255209
64213632
64375068
64621555
64245473
64636542
64420529
64090300
64084877
64630840
64379786
64192743
64347948
64315487
64150817
64540402
64330065
64246655
64161077
64355779
64268749
64250117
64028899
64298504
64205390
64464217
64673589
64428052
64293433
64773084
64389092
64391810
64214045
64312806
64512846
64370272
64356949
64501688
64163016
64301087
64226275
64254490
64324186
64320284
64513766
64350593
64154944
64466836
64150300
64224179
64618458
64163407
64524805
64332890
64394101
64531899
64436267
64486534
64536562
64335778
64308472
64360338
64614336
64152519
64305906
64535933
64395157
64600741
64361807
64943141
64166435
64323622
64401881
64372977
64489607
64532860
64020568
64415258
64466144
64822624
64151069
64527743
64371310
64281156
64725330
64481106
64243670
64189253
64349068
64483531
64333160
64337173
64686167
64072572
64586774
64175998
64198847
64388488
64521997
64761436
64508999
64349836
64612261
64390813
64198611
64286072
64240569
64518484
64518090
64432785
64541390
64363635
64462359
64580426
64424372
64570721
64423612
64378234
64630026
64464420
64626913
64376385
64197696
64206734
64413389
64341933
64265393
64383404
64346836
64902560
64509800
64283856
64523997
64147623
64488936
64727451
64363171
64427567
64053171
64558829
64394032
64541116
64485875
64412267
64664317
64339230
64779934
64232659
64682214
64618444
64209544
64273786
64557738
64384206
64489786
64375204
64268469
64608320
64429148
64021752
64354496
64309636
64312708
64302009
64240285
64486520
64450343
64142694
64535421
64307352
64191049
64433402
64059352
64630250
64495756
64383120
64145629
64363516
64519116
64262337
64351771
64717823
64432056
64551935
64451745
64574563
64446549
64209995
64273092
64143880
64389669
64447939
64540877
64331980
64428742
64086511
64281496
64546864
64320878
64196410
64314447
64550440
64519660
64477325
64665496
64194072
64322644
64159225
64635443
64212252
64467074
64041921
64212271
64856295
64165305
64312268
64402296
64502727
64547921
64238986
64171661
64339926
64278963
64476709
64342123
64378576
64477509
64379086
64326383
64582213
64355213
64297089
64358747
64383274
64404810
64327828
64425516
64404189
64412426
64548963
64623636
64436491
64681314
64428951
64728855
64492405
64519949
64656102
64362953
64220384
64459919
64724251
64401497
64654272
64329288
64459233
64253536
64684383
64434315
64292261
64527632
64464763
64666026
64661970
64080474
64245788
64717012
64567202
64260045
64612632
64319729
64503199
64425200
64670006
64349947
64233942
64449295
64515091
64407308
64450789
64413595
64422618
