0
0
0
0
0
0
0
0
0
0
0
0
0
0
0
0
0
2
21
21
21
21
21
21
21
21
36
36
39
41
47
64
64
64
64
78
83
83
83
83
83
83
83
83
91
95
95
96
96
96
96
96
96
96
96
96
96
96
96
96
96
96
96
96
96
96
96
96
111
112
115
115
115
128
128
134
134
134
134
146
150
150
150
159
161
164
165
165
165
165
165
168
168
168
183
188
188
188
190
190
190
190
190
190
190
190
190
190
190
206
211
225
237
247
249
249
249
249
249
249
256
256
256
258
277
288
296
298
301
322
325
325
325
325
325
325
325
325
325
325
325
325
325
325
326
326
326
326
326
326
326
326
326
326
326
326
326
326
326
326
326
326
326
326
326
326
326
326
326
326
326
326
326
326
326
333
349
358
358
360
360
360
360
360
360
364
364
364
364
364
364
364
364
364
365
365
376
376
376
376
376
376
376
379
384
403
418
428
430
430
430
430
430
430
440
440
441
442
450
466
476
476
476
484
488
488
488
488
488
488
488
488
492
495
495
495
495
495
495
495
495
495
495
495
495
495
495
495
495
495
495
495
495
495
495
495
495
495
495
495
495
495
495
495
495
495
495
495
501
509
522
530
532
533
533
533
533
533
533
536
536
536
543
551
553
553
557
557
559
559
559
559
559
559
559
559
559
559
559
562
570
573
581
581
581
581
581
581
598
598
598
598
598
598
607
608
614
614
614
614
614
614
614
614
614
614
614
614
615
617
617
617
617
617
617
617
617
617
617
620
621
624
624
624
624
624
629
629
629
629
629
629
629
629
629
629
629
629
629
629
629
629
629
632
657
661
661
661
661
661
661
661
661
661
661
661
661
661
661
661
670
670
670
670
670
670
670
670
670
670
670
670
670
670
670
670
670
670
670
670
670
670
670
670
670
670
671
671
671
671
671
671
671
671
671
671
671
671
671
671
671
671
671
671
671
671
671
671
671
671
671
671
671
671
671
671
671
671
671
671
679
679
679
679
679
679
679
679
679
679
679
679
679
679
679
679
685
689
719
733
733
752
752
752
752
752
752
752
752
755
755
755
755
755
763
763
763
763
764
764
764
764
764
764
764
764
764
764
765
765
772
772
772
772
772
772
772
772
772
773
773
