0
61925
123711
185461
247444
309261
370934
432732
494571
556421
618288
680056
741948
803864
865650
927465
989235
1051146
1112944
1174896
1236797
1298673
1360437
1422283
1484175
1546106
1607845
1669787
1731630
1793490
1855304
1917199
1978978
2040847
2102775
2164594
2226491
2288330
2350188
2411940
2473845
2535666
2597607
2659471
2721321
2783105
2845077
2906927
2968783
3030661
3092608
3154575
3216582
3278356
3340262
3402181
3464051
3525830
3587711
3649666
3711565
3773332
3835132
3896923
3958923
4020679
4082493
4144333
4206256
4268201
4330040
4391997
4453804
4515663
4577556
4639463
4701237
4763171
4824973
4886874
4948741
5010603
5072459
5134178
5196119
5257977
5319868
5381788
5443632
5505510
5567366
5629278
5691198
5753063
5814867
5876810
5938666
6000419
6062338
6124185
6185861
6247816
6309660
6371505
6433409
6495162
6557002
6618874
6680648
6742478
6804187
6866132
6927951
6989867
7051733
7113644
7175372
7237310
7299202
7361054
7422857
7484793
7546674
7608549
7670361
7732291
7794115
7855925
7917763
7979581
8041422
8103352
8165127
8226958
8288882
8350826
8412660
8474532
8536388
8598331
8660247
8722098
8783948
8845901
8907898
8969835
9031732
9093563
9155408
9217293
9279162
9340911
9402803
9464637
9526526
9588232
9650114
9711949
9773829
9835624
9897461
9959367
10021376
10083237
10145094
10207019
10268886
10330716
10392485
10454420
10516165
10578095
10639844
10701763
10763474
10825358
10887220
10948956
11010942
11072781
11134620
11196616
11258531
11320375
11382241
11444117
11506100
11567887
11629702
11691607
11753457
11815213
11877228
11939066
12000802
12062709
12124572
12186426
12248325
12310142
12371991
12433859
12495656
12557407
12619222
12681055
12742935
12804819
12866726
12928612
12990475
13052436
13114448
13176476
13238267
13300171
13362033
13423892
13485666
13547560
13609372
13671163
13733005
13794821
13856762
13918570
13980345
14042135
14104073
14165971
14227910
14289642
14351475
14413398
14475272
14537161
14599049
14660944
14722929
14784830
14846748
14908634
14970496
15032276
15094148
15155979
15217867
15279703
15341663
15403464
15465332
15527087
15588920
15650718
15712497
15774509
15836400
15898281
15960178
16022136
16083899
16145660
16207560
16269459
16331247
16393210
16454930
16516785
16578651
16640438
16702292
16764063
16826043
16887933
16949827
17011725
17073530
17135332
17197128
17258971
17320852
17382681
17444520
17506367
17568176
17629956
17691921
17753764
17815428
17877333
17939198
18001130
18063031
18124779
18186598
18248515
18310262
18372141
18433897
18495736
18557551
18619489
18681371
18743231
18805118
18867051
18929047
18991044
19052794
19114765
19176668
19238592
19300452
19362303
19424138
19485964
19547755
19609624
19671489
19733347
19795168
19856962
19918829
19980764
20042688
20104533
20166307
20228229
20290178
20352015
20413825
20475691
20537671
20599628
20661429
20723320
20785099
20846979
20908868
20970775
21032614
21094550
21156505
21218261
21280199
21342012
21403761
21465587
21527405
21589223
21651202
21713060
21774832
21836702
21898447
21960175
22021985
22083922
22145651
22207610
22269258
22331070
22392965
22454710
22516537
22578286
22640188
22701949
22763895
22825725
22887563
22949312
23011173
23073057
23134966
23196753
23258723
23320563
23382400
23444152
23506076
23567999
23629796
23691713
23753546
23815420
23877243
23939048
24000858
24062746
24124537
24186481
24248320
24310187
24371997
24433916
24495867
24557702
24619711
24681619
24743570
24805604
24867345
24929251
24991145
25053027
25114854
25176760
25238595
25300555
25362447
25424278
25486075
25547972
25609763
25671581
25733529
25795552
25857473
25919292
25981009
26042965
26104939
26166741
26228581
26290428
26352371
26414234
26476014
26537849
26599754
26661484
26723279
26785184
26847024
26908960
26970873
27032665
27094604
27156486
27218282
27280248
27342060
27403863
27465840
27527622
27589392
27651320
27713106
27774783
27836607
27898558
27960323
28022236
28084027
28145879
28207849
28269651
28331481
28393284
28455186
28516989
28578917
28640821
28702635
28764345
28826231
28888084
28949974
29011780
29073735
29135527
29197290
29259094
29321021
29382901
29444713
29506653
29568465
29630277
29692076
29753920
29815772
29877704
29939531
30001395
30063197
30124979
30186792
30248759
30310696
30372561
30434519
30496500
30558398
30620427
30682141
30744099
30805957
30867837
30929602
