0
4
12
21
28
28
31
31
31
34
47
52
52
67
73
93
94
103
107
111
113
113
128
128
128
130
135
149
149
151
153
162
164
164
177
177
180
221
244
244
257
270
270
270
301
308
313
323
333
353
357
368
377
378
378
399
439
441
441
460
478
479
487
498
517
519
519
519
521
522
522
533
553
553
557
557
568
568
568
573
573
578
583
583
583
592
598
608
610
623
627
627
635
648
657
658
658
672
686
686
692
692
692
693
702
707
707
708
731
744
751
754
764
764
764
769
774
774
774
775
781
802
802
807
807
815
822
826
835
836
843
874
889
889
895
915
915
936
943
951
955
974
980
996
997
1006
1012
1015
1015
1027
1053
1056
1057
1067
1074
1084
1090
1104
1106
1106
1106
1113
1116
1132
1133
1142
1158
1158
1161
1161
1162
1169
1174
1187
1187
1189
1190
1190
1197
1204
1209
1218
1218
1218
1220
1220
1232
1243
1243
1243
1243
1257
1265
1266
1266
1266
1271
1271
1274
1293
1293
1310
1323
1323
1340
1355
1359
1359
1370
1396
1409
1409
1416
1423
1432
1447
1455
1481
1481
1491
1503
1513
1521
1521
1529
1554
1576
1580
1580
1588
1588
1612
1622
1638
1641
1673
1687
1711
1727
1737
1737
1750
1750
1769
1793
1793
1798
1803
1815
1816
1834
1845
1856
1856
1858
1872
1874
1892
1905
1906
1918
1918
1918
1925
1925
1939
1939
1939
1940
1942
1962
1962
1970
1971
1977
1990
1999
1999
1999
2002
2005
2022
2032
2034
2034
2037
2041
2043
2043
2045
2045
2045
2056
2060
2065
2074
2091
2091
2093
2119
2121
2126
2135
2157
2164
2164
2169
2169
2180
2190
2194
2213
2213
2229
2247
2247
2253
2255
2259
2278
2299
2299
2299
2306
2313
2323
2334
2359
2360
2367
2378
2386
2400
2400
2401
2413
2419
2433
2446
2446
2446
2450
2472
2472
2492
2492
2502
2503
2503
2518
2518
2547
2550
2553
2572
2572
2572
2572
2577
2581
2581
2581
2594
2600
2617
2624
2637
2642
2646
2658
2660
2661
2664
2664
2664
2676
2687
2687
2687
2692
2706
2709
2709
2711
2711
2718
2743
2752
2755
2768
2781
2781
2783
2814
2822
2840
2860
2860
2872
2872
2873
2879
2892
2900
2923
2943
2943
2951
2961
2963
2963
2963
2969
2994
3010
3010
3010
3015
3015
3020
3031
3067
3071
3091
3094
3112
3117
3117
3124
3132
3134
3159
3179
3179
3186
3204
3216
3216
3237
3237
3247
3248
3249
3277
3282
3290
3300
3301
3327
3327
3327
3327
3333
3341
3341
3341
3341
3343
3365
3365
3378
3379
3379
3386
3386
3401
3401
3401
3401
3413
3420
3421
3421
3428
3429
3432
3432
3438
3438
3452
3476
3499
3500
3517
3521
3521
3521
3555
3568
3581
3598
3610
3623
3623
3624
3627
3638
3638
3660
3690
3690
