1
62837867
62814092
62917303
62794664
62887237
62906656
62882013
62870936
62775619
62973709
62875022
62820312
62809792
62846121
62613936
62900345
62832730
62912040
62915317
62616038
63044883
62632603
63009532
62776278
62809459
62778767
62874174
62609051
62628887
63021487
62740916
62908529
63019855
63066269
62887964
62892688
62746606
62873312
62913245
62863606
62746716
62694382
62697472
62616288
62908072
62778801
62757332
62595557
62925465
62785198
62837501
62951515
62918534
62548951
62537301
63127916
63117217
62612272
62661225
62733940
62577339
62395297
62685588
62692979
62828357
62937373
62623606
62871184
62856824
62730314
62914416
62705019
62860591
62979108
62704424
62692956
62501923
62911316
62727498
62789051
63081583
63032582
62931147
62472316
62767196
62459450
62973166
62689843
62777705
62831568
62830414
62864708
62826994
62737053
62847275
62741851
62605806
62765863
62944435
62807467
62858166
62785465
62849235
62765994
62962899
62803183
62641181
62973196
62631310
63067776
62885047
62710197
62588143
62788538
62996432
62830594
63050551
63011171
62827501
62859375
62691002
62597964
63026625
62942871
62833200
62868587
62891003
62928037
62565585
62791658
62604425
63004669
62607249
63148757
62636171
62858071
62600471
62785859
62508478
62807106
63030715
62625536
63171078
62733549
62734756
62673002
62821942
62669316
62690327
62553713
62858774
62933300
62689720
62993087
62907014
62925961
63072669
62965462
62978908
62978747
62750958
62626576
62651649
62706356
62638563
63074109
63202260
62798806
62638276
62996344
62501487
63028685
62931419
62954482
62948202
62742238
62774316
62769742
63055471
62967896
62626296
62824592
62815138
62896215
62807659
62527527
62825481
62738571
62774603
62765230
63048925
62854060
62818626
62768555
62751773
62627272
63051589
62796572
62857854
62860177
62856351
62794063
62685275
62654373
62984248
62751572
62730653
62723325
63009690
63160877
62732503
63110274
62639777
62758076
62731773
62662844
62585482
62812776
62909038
62673661
62549579
62459942
62774335
62877698
62695546
62938273
62865296
62709192
62618078
62534802
62653944
62827536
62514993
62730589
63023792
62662553
62912851
62765255
62792412
62816614
62929077
62700292
62663595
62903714
62784049
62712317
62807440
63162712
63022154
62602447
63095919
62766795
62816904
62858450
62980317
62733273
62890274
62890754
62663386
63044227
62770094
63018655
63001075
63020617
62839660
62863149
62928340
62592523
62991450
62727270
62852467
62766181
62797225
62939076
62917533
62669983
63026264
62845463
62744668
62974021
62799983
62786446
62727411
63107182
62779288
62746488
62883936
62713031
62808916
62927128
62608412
62958826
62809314
63012369
62874720
63046036
62804236
62846136
62881158
62818767
62564649
62641804
62847311
62788330
62871025
62694691
62777133
62700309
62949770
62862857
62745603
62976029
63046397
62849980
63254726
62976687
62851198
62885966
62721550
62832908
62740055
62964172
62728938
62827063
62835571
62743144
62809001
62733316
62660957
62661533
62611177
62640589
62638753
62797618
62418625
62837321
62734963
62908760
63183025
62678776
62600554
62824777
62851232
62785778
62873985
62796639
62694780
62935225
62739203
62881970
62922873
62908274
62952555
62786068
62808112
62591613
62826614
62924733
62659039
62912112
62926289
62610122
63132474
62759445
62837218
62769599
62901699
62768771
62947591
62991646
62895392
62896868
62729493
62737614
63036376
62788939
63083807
62498215
62835570
63044990
62795988
62708906
62779707
62742480
62833689
62744835
62651433
62780346
62782108
62608386
62954721
62787927
62563492
62975411
62936733
62672691
63003487
62748020
62774948
62899329
62893005
62723732
62773655
62716642
62784940
62988093
63160823
62861258
62934833
62375759
62666854
63069757
62746031
62688569
63042692
63054941
63221952
62878913
62757282
63007845
63014555
62897188
62846932
62881475
62858096
62623304
63031940
62765901
62617375
62930396
62909396
62886638
62977956
62914784
62918939
62862100
62821459
62671693
62955030
62848771
62762820
62495411
62774782
62978511
62791977
62622421
62912516
62733656
63053299
62866550
62669237
62674704
62715480
62632405
62879912
63016452
62771677
62618424
62871069
63045194
62807197
62822840
62832778
62718504
62983724
62878506
62881777
63193253
62848294
62953359
62376912
62969805
62864318
62788420
62678308
63029208
62645721
62891855
62572675
63028390
62980538
62765675
62826769
62894401
62820541
62588248
63118740
62708865
62836805
63164714
62842479
62548693
62641581
62807145
62798795
62870908
62496554
62780157
62985530
62713917
