1
62916527
62696792
62776404
62786757
62609764
62892213
62757170
62755139
62983785
62653850
62822743
62763017
62741969
62665358
62869250
62986899
62812090
62799450
62932045
62900147
62506059
62993781
62919078
62927328
62869331
62552657
62638354
62608561
62673487
63083681
62708453
62597037
62947631
62919000
62668704
62883993
63018630
62513939
63197791
62430684
63017514
62614321
62909574
62792411
62921019
62869364
62771316
62699860
62698691
62829790
62940487
62943928
62834270
62973107
63040563
62762075
62731119
62889788
62879201
62895173
62814432
62986830
62902653
62652773
62964810
62802107
63026807
62932443
62541312
62655384
62799523
62823648
63036368
62623065
62763406
62843908
63074871
62913464
62842016
62860078
62774475
62537634
62932955
62626248
62902029
62680120
62517512
62810444
62754201
62871758
62867356
62658481
62657434
62949985
62746584
62604412
62868954
62981474
62948816
63102588
62759502
63151822
62562597
62847442
62700621
62895786
62910196
62468697
62920807
62854041
62628144
62718153
62788129
62724725
62636355
62639902
62733813
62893209
62694632
62870467
62916853
62906511
62864784
62643279
62847936
62714561
62880430
62985652
63062921
62825552
62925553
62701425
62880475
62841737
62743233
62659615
62813666
62932447
62702216
62781672
62842426
62807825
62775670
62749183
62765659
62777949
62817639
62630249
62939599
62860799
62714220
62664476
62878527
63089396
62658495
62669495
62789878
62672454
62904320
63054426
62837441
62843007
62696386
63304997
62948827
62654319
62974892
63025574
62798669
62616769
62520080
62802191
62764630
63026717
62641874
63027359
62902436
62818546
62909748
62632589
62689212
62912911
62730415
62890578
62877071
62883881
62894634
62659797
62675310
62761827
62646689
62600055
62607520
62779096
62633003
62906710
63006303
62586585
62614125
62816053
62864083
62701108
62803088
62689332
62580334
62825610
62984348
62705579
63175596
62789057
62826543
62772416
62685799
62914530
62836464
62963696
62940070
62591739
63074466
63000450
62865424
62818844
62960192
62862696
62697464
62848472
62464227
62594935
62731719
62945675
62818767
62608975
62943047
62732013
62706991
62672455
62758937
62990140
62990591
62804274
62927336
62894249
63031946
62901504
62865698
62913169
62891174
62667945
62940027
63117726
62558206
62770607
62576084
62437917
62792155
62946460
62689948
62711684
62541985
62696601
62692250
62745131
62534012
62718366
62720332
62863251
62980067
62726210
62731945
62775456
62473688
62681563
62713396
62770117
62790986
62948398
63072273
62877189
63032645
62639800
62752983
62832845
62807822
62865176
62643350
62747215
62665749
62647931
62715722
63012914
62949163
62749314
62963303
62798135
62588154
62742133
62797828
62764176
62846417
62638358
62883185
62485743
63001413
62911625
62947214
62809161
62726742
62819208
62876322
62916651
62966849
62911320
62739130
62626805
62839757
62794665
62913913
62679284
62650999
62824293
62964759
62700498
62858669
62885243
62912742
62689799
62700180
62571466
62977979
62756036
62988510
63172798
63152308
63182091
62733896
62868765
63123533
62963966
62721503
63044725
62922204
62819606
62908457
62855350
62957115
62704335
62762645
62859732
63235252
62779954
62768021
62595510
62441256
62947725
62635074
62905154
63127403
62894051
62833548
62707250
62540989
62816092
62842436
62398360
62836625
63043404
62735792
62819997
62873003
62851418
62691247
62691565
62656452
62951298
62628495
62940271
62896138
62843112
62934772
62678680
62985322
62578756
63078813
62748148
62762385
62780625
62635423
62746370
62706776
63043784
62855964
62852661
63060680
62632949
62976745
62719270
62797571
62925458
62896845
63075915
62955657
62661242
62785802
62724279
63208772
62656607
62707820
62992551
62786505
62876991
62869541
62935672
63002326
62893101
62613231
62784781
62822957
62712918
62670270
62737285
62781809
63006097
62816328
62816175
62752388
62569583
62664644
63042653
62585638
62831723
62896456
62512509
62426879
62848826
62935784
62768479
62838470
62631597
62914072
62698668
63045888
62576155
62724942
62949331
62504627
62799095
62770153
62842454
62757891
62645949
62540260
62766230
62874273
62721161
62775693
62839100
62535342
62906688
62649839
62813791
62847913
62561729
62867717
62512254
62920071
62756706
62857899
62711535
62915648
62710733
62901184
62798087
62645183
62684667
62670209
62696332
62926815
62493226
62810587
62842994
62885418
62926536
62829683
62965120
62582380
62845125
62701936
62737384
62653998
62621574
62944005
62949134
62836006
62814053
63005982
62680789
62822336
62784768
62901167
62719196
