0
0
0
0
0
0
0
0
0
0
0
0
0
0
0
0
0
0
0
0
0
0
0
0
0
0
0
0
0
0
0
0
0
0
0
0
0
0
0
0
0
0
0
4
4
4
6
11
12
25
25
25
25
47
53
54
54
56
56
62
65
66
81
81
81
81
81
81
81
81
81
81
81
81
81
81
81
81
81
81
81
81
81
81
81
81
81
81
81
81
81
81
81
81
81
81
81
81
81
81
81
81
81
81
81
81
81
81
81
81
81
81
81
81
81
81
81
81
81
81
81
81
81
81
81
81
81
81
81
81
81
81
81
81
81
81
81
81
81
81
81
81
81
85
85
85
85
91
97
98
98
98
98
98
98
98
98
98
98
98
98
98
98
98
98
98
98
98
98
98
98
98
98
98
98
98
98
98
98
98
98
98
98
98
98
98
98
98
98
98
98
98
98
98
98
98
98
98
98
98
98
98
98
98
98
98
98
98
98
98
98
98
98
98
98
98
98
98
98
98
98
98
98
98
98
98
98
98
98
98
98
98
98
98
111
111
129
129
129
129
129
129
130
130
130
130
130
130
139
144
146
146
146
146
146
146
146
146
146
146
146
146
146
146
146
146
146
146
146
146
146
146
146
146
146
146
146
146
146
146
146
146
146
146
146
146
146
146
146
146
146
146
146
146
146
146
146
146
146
146
146
146
146
146
146
146
146
146
146
146
146
146
146
146
146
146
146
146
146
146
146
146
146
146
146
146
146
146
146
146
149
149
149
149
149
149
152
152
152
152
152
152
152
152
152
152
152
152
152
152
152
152
152
152
152
152
152
152
152
152
152
152
152
152
152
152
152
152
152
152
152
152
152
152
152
152
152
152
152
152
152
152
152
152
152
152
152
152
152
152
152
152
152
152
158
163
165
165
165
165
165
165
172
178
178
178
178
178
178
178
178
178
178
178
178
178
178
178
178
178
178
178
178
178
178
178
178
178
178
178
178
178
178
178
178
178
178
178
178
178
178
178
178
178
178
178
186
186
186
186
186
186
186
186
186
186
186
186
186
186
186
186
186
186
186
186
186
186
186
186
186
186
186
186
186
186
186
186
186
186
186
186
186
186
186
186
200
200
210
222
222
222
222
222
222
222
244
244
244
244
244
