1
39269231
39311550
39418010
39403328
39411503
39417413
39677622
39487602
39632640
39316434
39695461
39578824
39436732
39808022
39413026
39580511
39339323
39545717
39304450
39767194
39352543
39736847
39472457
39403512
39550808
39453518
39580657
39758264
39172346
39796345
39410947
39424671
39644024
39539442
39652536
39613535
39618521
39664506
39309278
39186060
39285620
39720063
39481047
39464296
39481375
39670356
39280778
39605830
39620739
39430290
39331854
39347297
39697569
39795531
39535610
39654353
39572734
39693285
39789547
39589476
39334882
39693541
39676533
39200410
39088000
39710385
39483968
39814800
39402885
39662000
39430669
39521892
39561183
39837176
39511684
39747613
39600298
39725825
39700146
39537952
39417146
39669695
39824725
39817693
39347572
39554934
39568366
39276865
39513095
39613061
39324148
39724293
39578329
39711069
39633355
39593268
39567752
39390920
39640170
39318015
