0
327
658
1012
1354
1681
2032
2367
2680
3004
3318
3688
4071
4435
4757
5102
5441
5784
6133
6511
6835
7218
7573
7948
8307
8658
9048
9394
9729
10076
10423
10784
11145
11473
11797
12165
12514
12866
13213
13583
13916
14203
14577
14891
15235
15536
15908
16278
16559
16889
17248
17622
17947
18304
18642
18959
19333
19635
19978
20329
20680
21019
21376
21756
22115
22460
22831
23192
23556
23874
24219
24596
24895
25233
25620
25956
26312
26610
26985
27333
27699
28074
28426
28744
29126
29486
29822
30201
30571
30928
31250
31621
32007
32335
32678
33012
33353
33705
34008
34362
34760
35106
35448
35779
36091
36425
36791
37147
37502
37825
38169
38510
38846
39175
39515
39905
40289
40629
40997
41353
41729
42098
42408
42777
43142
43454
43761
44087
44449
44782
45083
45429
45781
46180
46506
46850
47170
47516
47876
48226
48605
48963
49235
49629
49986
50367
50707
51093
51464
51800
52160
52477
52815
53159
53498
53800
54169
54517
54888
55210
55615
55994
56348
56738
57073
57413
57707
58054
58385
58719
59082
59426
59762
60179
60518
60897
61222
61611
61943
62265
62676
62987
63290
63646
64004
64354
64681
65030
65356
65746
66081
66446
66764
67134
67472
67815
68154
68490
68802
69162
69540
69862
70248
70578
70935
71315
71649
71970
72330
72643
72999
73290
73617
73952
74265
74565
74896
75257
75614
75974
76310
76645
77014
77369
77696
78071
78446
78785
79133
79517
79846
80176
80510
80848
81168
81529
81876
82237
82612
82932
83225
83585
83921
84300
84645
85005
85358
85713
86030
86377
86720
87045
87383
87696
88049
88359
88693
89022
89378
89690
90024
90349
90672
90999
91403
91759
92129
92476
92836
93219
93567
93938
94276
94564
94954
95303
95657
96027
96364
96722
97042
97414
97756
98134
98475
98822
99130
99484
99834
100166
100480
100844
101149
101498
101872
102227
102615
102975
103317
103632
103973
104330
104694
105005
105364
105672
106044
106379
106696
107085
107504
107887
108274
108608
108964
109288
109664
109973
110329
110719
111100
111410
111744
112070
112458
112774
113160
113523
113890
114225
114560
114912
115265
115606
115935
116291
116660
116991
117339
117676
118000
118355
118697
119036
119400
119723
120043
120380
120732
121082
121397
121715
122055
122391
122709
123079
123407
123781
124144
124488
124855
125206
125514
125831
126177
126524
126839
127207
127564
127903
128231
128597
128934
129281
129665
130004
130339
130672
131033
131396
131796
132163
132513
132892
133238
133577
133906
134245
134618
134959
135288
135664
136014
136364
136692
137076
137474
137775
138146
138527
138864
139216
139556
139893
140234
140623
140982
141337
141686
142037
142367
142721
143094
143446
143822
144174
144519
144878
145242
145567
145945
146260
146626
147025
147358
147726
148047
148401
148732
149069
149457
149797
150120
150489
150853
151239
151578
151919
152307
152685
153059
153406
153740
154104
154462
154829
155216
155560
155891
156250
156615
156942
157300
157624
157944
158298
158659
159020
159375
159747
160096
160436
160767
161091
161481
161833
162112
162521
162937
163282
163624
163933
164284
164636
164947
165337
165661
166063
166445
166785
167117
167450
167835
168127
168458
168808
169133
169466
169769
170154
170496
170856
171214
171579
171979
172328
172667
173001
173339
173686
173999
