1
72571060
72437139
72401902
72184505
72444549
72511704
72347732
72597742
72311041
72125534
72371230
72335486
72094494
72785363
72395546
72393409
72124423
72691945
72180184
72191181
72004826
72775540
72220632
72148818
72291581
72721522
72048716
72329286
72330449
71928722
72165485
72121871
72418182
72015695
72485086
72401398
72110804
72190916
72305084
72475848
72197955
72382065
72426625
72480246
72486230
72604298
72277096
72289278
72767951
72045143
72000425
72436253
72212256
72766512
72126216
72223190
72175596
72245592
72413526
72199299
71865509
72561108
72354331
72417386
72113818
72799565
72178072
72029266
72537790
72358829
72591492
72227953
72353453
72122632
71835284
72417753
72673524
72084463
72594356
72384298
72191845
72509283
72422868
72179253
72672055
72384286
72417247
72260148
72754611
72811996
72356829
72281810
72765150
72604722
72186546
72059336
72206715
72075920
72308980
72704311
72692469
72400306
72462860
72454401
72457064
72461045
72193343
72440903
72402251
72607703
72341958
72537753
72383476
72361455
72288991
72441107
72235703
72439271
72239145
72176554
72325930
72531028
72336960
72454377
72216930
72214071
72340637
72520250
72358822
72525329
72574620
72728619
72323343
72312127
72412818
72318895
72192196
72095462
72431415
72009179
72112090
72619877
72250565
72059855
72400524
72485079
72395995
72342824
72310592
72689965
72656269
71950253
72192210
72322347
72413277
72204668
72961042
72371749
72566972
72371362
72199084
72185113
72651153
72373242
72382316
71759299
72482743
72279722
72393947
72423885
72296868
72577193
72335113
72353985
72595092
72382233
72292184
72382470
72387685
72262506
72156309
72405254
72626307
72308339
72617318
72446060
72562926
72019902
72072064
72588332
71958982
72141200
72174599
72707017
72074844
72153148
72313056
72186445
72749087
72022436
72036719
72650224
72569224
72607662
72773242
72257815
71904850
72406498
72396395
72540439
72250361
71811734
72114579
72307761
71916510
72889552
72293535
72160207
72263080
72528385
72100568
72370180
72161945
72151464
72352683
72213629
72187749
72176946
72398707
72575642
72338010
72289213
72494337
72460127
72169191
72356868
72410171
72536272
72042022
72397160
72046022
72158110
72475027
72625280
72186469
72892701
72631921
72268981
72566011
72843188
72272122
72265725
72243649
72397547
72312473
72811934
72174337
72609970
72577004
72489632
72501242
72260021
72892053
72845811
72252630
72587992
72441903
72651620
72434219
71867263
72260227
71819945
72529912
72890834
72438021
72304278
72592765
72390994
72428049
72160548
72748620
72023462
72412524
72633240
72458154
72469327
71967260
72426010
72673415
72132373
72559101
72601315
72277589
72285523
72313592
72637116
72392349
72282386
72652354
72276947
72558991
72111702
72486894
72262532
72562552
72398309
72281396
72636913
72462771
72383172
71882719
72410103
72451989
72154367
72221979
72480717
72406558
72092433
72225153
71999697
72032861
72368337
72082495
72284025
72037604
72778578
72074424
72471683
72393127
72257222
72258803
71880620
72485237
72745706
72743366
72447490
72598081
72040542
72220734
72601075
72319941
72486929
72436798
72295276
72382766
72058689
72426882
72573601
72328953
72405904
72262320
72234056
72646488
72692012
72034455
72293851
72162000
71870166
72212977
72578330
72171153
72430850
72281997
72655114
72239335
72563502
72183041
72253796
72414439
72629765
72481641
72117071
72506292
72045554
72231466
72102833
72530393
72513816
72321817
72575253
72361743
72272267
72054992
72802277
72299420
72422455
72262452
72314594
72286941
72589031
71884481
72262992
72461992
72295957
72652110
72319508
71947829
72307385
72245323
71982210
72468232
72353566
72237510
72269603
72453937
72604740
72491533
72639106
72594908
72481155
72648006
72031004
72094554
72297056
71840661
72412716
72400883
72589576
72524681
72414699
72207389
72384331
72375554
72599749
72333705
72004697
72278424
72330675
72156983
72620144
71981962
72470561
72103565
72501114
72401917
72478366
72882401
71752152
72236675
72226236
72333339
72092489
72289716
72526786
72546853
72613514
72195116
72062665
72777654
72537719
72186624
71876915
72224290
72908361
72671411
72226115
72453532
72329779
72434409
72278149
72526561
72628676
72766541
72260878
72490470
72108734
72114919
72324889
72531906
72111960
72383304
72125361
72387087
71893882
72335703
72301005
72510781
72262300
72741500
73067272
72635660
72480336
72153111
72046720
72261731
72505049
72185164
72109750
72304542
72179864
72059504
72261450
72431687
72329454
72074560
72339788
72806587
72283743
72098688
72158611
