0
61816
123630
185475
247282
309200
371105
432998
494802
556785
618674
680474
742285
804255
866185
928033
989977
1051794
1113552
1175319
1237201
1299128
1360983
1422812
1484593
1546644
1608582
1670453
1732256
1794053
1856014
1917943
1979872
2041842
2103757
2165559
2227345
2289084
2350941
2412783
2474650
2536475
2598336
2660319
2722166
2784047
2845957
2907857
2969722
3031699
3093529
3155447
3217353
3279233
3341150
3402864
3464845
3526575
3588521
3650341
3712253
3774111
3835897
3897746
3959629
4021518
4083412
4145214
4207261
4269092
4331073
4393025
4454796
4516821
4578724
4640596
4702579
4764446
4826314
4888249
4950140
5012165
5074109
5135985
5197793
5259736
5321695
5383539
5445312
5507136
5569067
5631001
5692810
5754654
5816490
5878311
5940059
6001974
6063760
6125736
6187607
6249397
6311229
6373145
6435024
6496889
6558680
6620550
6682524
6744376
6806311
6868163
6929954
6991764
7053644
7115619
7177411
7239239
7301080
7363020
7424954
7486846
7548613
7610501
7672370
7734217
7796027
7857907
7919830
7981641
8043510
8105344
8167191
8229018
8290928
8352833
8414627
8476456
8538386
8600282
8662155
8724019
8785891
8847819
8909632
8971580
9033475
9095385
9157269
9219043
9281027
9342766
9404690
9466500
9528406
9590211
9651993
9714001
9775876
9837763
9899595
9961415
10023420
10085214
10147186
10209187
10271010
10332969
10394857
10456740
10518609
10580482
10642371
10704267
10766087
10828124
10890001
10951970
11013810
11075652
11137518
11199314
11261132
11322910
11384771
11446680
11508412
11570211
11632117
11693944
11755835
11817687
11879504
11941398
12003295
12065067
12126951
12188870
12250676
12312554
12374334
12436193
12498030
12559861
12621836
12683723
12745529
12807312
12869231
12931228
12993107
13055005
13116881
13178898
13240920
13302704
13364537
13426426
13488361
13550234
13612030
13673923
13735832
13797544
13859523
13921441
13983249
14045071
14106919
14168856
14230612
14292498
14354400
14416178
14478102
14539991
14601803
14663685
14725581
14787498
14849382
14911269
14973188
15034998
15096940
15158671
15220596
15282446
15344288
15406162
15468015
15529936
15591821
15653702
15715633
15777372
15839385
15901227
15963119
16025047
16086950
16148939
16210863
16272757
16334756
16396700
16458509
16520360
16582186
16644241
16706079
16768019
16829884
16891821
16953682
17015480
17077340
17139135
17201079
17262959
17324722
17386603
17448567
17510410
17572265
17634076
17695836
17757719
17819500
17881242
17943154
18005028
18066848
18128633
18190473
18252353
18314298
18376165
18438124
18500073
18561840
18623595
18685634
18747522
18809372
18871145
18933009
18994986
19056987
19118729
19180522
19242413
19304225
19366110
19427937
19489725
19551585
19613329
19675309
19737221
19799032
19860925
19922657
19984599
20046385
20108249
20170155
20231983
20293975
20355788
20417690
20479625
20541397
20603278
20665135
20727163
20789064
20850974
20913002
20974717
21036707
21098610
21160475
21222280
21284151
21346004
21407861
21469647
21531489
21593384
21655307
21717078
21779068
21840914
21902828
21964803
22026648
22088485
22150463
22212340
22274145
22336043
22397907
22459927
22521815
22583704
22645564
22707471
22769393
22831083
22892939
22954787
23016696
23078469
23140352
23202244
23264140
23325971
23387823
23449667
23511492
23573362
23635227
23697082
23758979
23820898
23882599
23944413
24006197
24068128
24130000
24191813
24253785
24315670
24377445
24439196
24501159
24563046
24624946
24686766
24748637
24810521
24872440
24934221
24996008
25057783
25119670
25181625
25243494
25305459
25367293
25429019
25490966
25552858
25614713
25676628
25738414
25800350
25862235
25924163
25986058
26047894
26109859
26171855
26233745
26295718
26357544
26419445
26481319
26543254
26605194
26666981
26728983
26790671
26852665
26914592
26976464
27038230
27100052
27161923
27223821
27285601
27347417
27409226
27471097
27532960
27594849
27656783
27718654
27780541
27842383
27904304
27966274
28028190
28089908
28151730
28213676
28275682
28337595
28399461
28461273
28523145
28584988
28646723
28708656
28770542
28832387
28894165
28956077
29017936
29079879
29141646
29203466
29265277
29327134
29389140
29450986
29512863
29574758
29636535
29698335
29760166
29822055
29883882
29945736
30007546
30069512
30131430
30193331
30255034
30316949
30378815
30440664
30502542
30564521
30626495
30688427
30750227
30812007
30873945
30935711
