1
56899203
56962751
56939849
56838432
57128249
57241052
56883879
56969642
57161436
56739198
57227179
57031804
56838929
57103861
56826831
57165611
56734263
57035340
57096534
57099662
56937509
56865677
57042810
56925847
57096830
57110778
57014979
57022979
57083304
56765610
57097422
56968126
57044173
56900269
57160975
56809228
57352060
57160515
56931466
57095564
57049670
57044802
57255140
56855564
57013660
56897146
57073272
56974555
56942609
56950871
56782085
57069703
56963052
56819475
57138688
57083808
56994679
56854386
56862325
56999369
56918013
57244544
57157325
57128372
57072495
56903399
57173452
56843773
57006887
56967361
56996446
57209160
57167479
57014208
56840394
57116306
57013078
57116195
56891212
57000637
57039778
57118413
56928460
57315277
57326151
56950085
57085649
57010168
57019842
57353140
57242237
57042338
57355872
57248078
57260492
57052106
57007605
57212561
56926965
57051239
57231690
56941955
56956544
56986554
57017473
57103562
57070404
56906258
57274088
57182374
57007014
57167937
57182542
57213258
56991535
56846017
57103968
56983300
57035063
57142279
57147451
56966271
57051058
57054468
57158836
57261661
57177939
57110126
57098990
57120401
56982671
56931876
57104407
56884738
56910561
57017924
57324584
56971137
57205525
57000229
56892843
57076538
56999741
57161715
57239083
56998451
57235305
57214165
57005718
57032961
56906304
57037703
57086083
56948737
56993530
57359389
56886245
57032792
57106655
57154027
57233898
56919661
56823499
57125949
57040859
57113580
57139955
56880062
56860026
57230249
57036028
57116340
57187996
57028472
56948793
56898751
57118765
57166669
56973672
57161764
57124177
57267747
56728093
57102222
57120458
57134072
57386601
57199679
57016703
57084736
57148442
56944176
56955499
57001246
57261870
56925992
57007763
57153335
57000725
57116244
57003226
56946839
57116974
56975575
56879267
57095040
57104308
57050459
57030687
57194760
56956413
57065758
57112109
57011302
57252981
56793817
57040462
56922966
57148613
57189458
57280492
56967908
56998283
56983469
57013934
56987005
56855835
57003162
56949087
57070928
57256804
57161097
57140897
56935521
57150425
57054134
57372865
57029134
57272492
56973842
57297719
57169392
56908921
56978368
57090533
57214973
57100072
57031925
57106499
56805547
56897094
56852473
57137058
57080761
57235440
57328148
56825594
56784543
57139160
57084831
57106500
56886403
56677041
57049757
57167121
57206945
57081371
56907478
56893911
57200622
57071560
57028088
56874132
57060879
57226617
56884355
56859405
56917288
57212907
57103874
56970714
56972103
56935502
57019861
56937795
57078936
56938398
56927351
56972416
56977691
57165637
56997158
57176082
56998644
56830148
57082176
57325311
57112319
57029935
56954350
56943456
57189883
57019442
57171567
57024864
57135119
57276071
56961623
57061069
57050194
57179240
57195736
57033406
56963249
56917160
57354545
57006497
57166592
57096353
57033810
57084514
57119916
56763972
56919010
57205452
57067351
56904108
56991150
56897896
56991395
57017624
57058495
57015753
57002257
57228051
57079931
57101493
56912562
57092584
57048575
57106905
57506611
57240747
56888800
57081168
57075106
56981260
57097304
57099639
57024750
56974575
56949226
56999279
56841532
57278634
56929790
56910651
57097455
56850626
57212612
57083718
57075565
56846953
57157363
57091393
57052177
57044902
57002339
57004748
57333488
57122483
57125018
57197094
57151378
57150048
56892845
57009226
57001184
56933688
57144088
57285353
57069927
57061093
57176423
57230845
57097931
57087488
57232089
57091989
56885467
57008825
56989785
57083108
57039048
57018071
56850208
57349868
57147720
57267431
56851622
56915363
56938926
57009166
56987592
57199378
57240117
57033178
56932243
57116375
57170916
57251852
57241890
56875088
57031581
56983950
57187340
56778665
57141788
56999627
57226451
57016347
57152572
57084753
57217379
57167353
57086323
57034566
56965278
57060777
56966535
56987487
56828350
57217391
57093412
57103488
57075958
57171941
56861309
57207388
56984352
57160383
57093664
57047202
57169022
56742733
56975197
56992616
56992787
57008504
56896046
57097139
57148771
57125231
57007847
56906198
56934967
57155218
57072654
56881950
57158120
56917612
57232105
57184257
57095616
57310524
57072568
57146145
57106932
56861226
57099879
57144978
57016665
56968228
57198078
57211695
56987683
57300472
57111172
57092468
57325281
56947491
57295613
57220463
57133823
56995871
57186086
57080883
57220534
57013590
57043350
57027516
57125232
56952698
57222442
57268580
56897109
57173022
57050165
57122978
56803175
