1
72353248
72783721
72498728
72670794
72717134
72958233
72478007
72636931
73000204
73229576
73226277
72948808
73189652
72869214
72835393
72592629
72745622
72910168
73065732
72826928
72571870
72825686
72997383
72606686
72907650
72726606
72607922
72853535
72546142
72904862
72858190
72485396
72789200
72911992
72482958
72938511
72842110
72937625
73112225
73049649
72652985
72902553
72925341
72794529
72892377
72763890
72903717
73023547
72762160
72924637
72945142
72996032
73095407
72886848
72783247
72718846
72869780
72894142
72732122
72800122
72909837
73302781
73134997
72829711
72757533
72784425
73135862
73027195
73046896
72863262
72573378
72668640
72850003
73069787
72858170
73009679
72677873
73097206
72319260
72768792
72752111
73070927
73152454
72824964
73004273
72876309
72634612
72637402
72760369
72695420
72824103
73041796
72771452
72804133
72670307
72656492
73234968
73074072
72711424
72582785
72894122
72964460
72890056
73090926
73268853
72932311
72405121
72780221
72765411
72755837
72846149
72940894
73099891
73003254
73006157
73070653
72721488
72788414
73038202
72770035
72769253
72707459
73015499
72977302
72702373
72808336
72949759
73253215
72770558
73229635
72623921
73227030
73160369
72510114
72967922
73043500
72749151
72939596
72661787
72827248
73015930
72662544
72546463
73147283
72558851
72807079
72996418
72911015
72887217
72906520
72796725
73015337
72657749
72841317
72701355
72672394
73308223
72674868
72774146
72871664
72805420
72771092
72546443
73085815
73020758
73294555
72968929
72956725
72752955
72927552
72927109
72533651
72578154
72504918
73151099
72833625
72441641
72962823
72542899
72993145
72998921
72847043
72536115
73065696
72696421
72944286
72832265
72815090
72612841
72544145
72800344
72894835
73000477
72736339
72562565
72983456
73037786
72701019
72627386
72843666
73251512
72974544
72702249
72680628
72857777
73058241
72982808
72396764
72621459
72678832
72863345
72956398
73039357
72743994
72660141
72688823
72753632
72809267
72896146
73003861
72963456
72878592
72982795
73148581
72802731
73204530
72880508
72682292
73034743
73272298
72717535
72785284
72684891
73090135
73206836
73153460
73075901
72934201
72887243
72813378
72925054
73011879
72636509
73000367
72947820
72888799
73150490
72774352
72610482
73068602
73200757
72866313
72980858
72719693
73066564
73007097
73025429
72729006
72672916
72836458
73080139
72719891
72531476
73122317
72973801
72726141
72989467
73121931
72692786
72718098
72843625
72550195
73227571
72886681
72563070
73113046
72860853
72630647
73034156
73056873
72692592
72571838
72826007
72806465
73068288
72948758
72653326
72498349
72389503
73228916
72721662
72467319
72784670
72627509
73028715
72839841
72891834
73050664
72870544
73137380
72758964
72985699
72685851
72481280
72950377
72679931
73105651
72792213
72913261
72672181
73136077
72529594
72804635
72585357
72979285
73211126
73195617
72856459
72821105
72980080
72498870
72694465
72650915
72964082
72681088
72793239
72981077
73074379
72895905
72862326
72771853
73155591
72752909
72792192
73325009
73061291
72827900
72648231
72845393
72545764
72883306
72914259
72694899
72811286
72994414
72713530
72795066
72884062
72656247
72910379
73339100
72693927
72922304
72848804
72803931
72599397
73111580
72902419
73005748
72952871
73041382
73330578
73302155
72839023
72368956
72907046
72681879
72815377
73007669
72838886
72782006
73262143
72912376
73098164
73028726
73138640
73249260
72780013
72537432
73054435
72877879
72731559
72602025
72642757
72931341
72623066
72577022
72767018
73071752
73214426
73113319
72985106
73135652
72844395
72900474
72674397
72915896
72891557
72613776
72912183
73054161
72993417
72545495
73150185
73052255
72839316
72934565
72552941
72974629
72446249
72771831
72919642
72912822
72750934
72433664
72907566
73000463
72928116
73151979
72382117
73132203
72731302
73002300
72878287
73277017
72791197
73000336
72918708
72952916
72855752
72774567
73013152
72809933
73074700
72950680
72959207
72982301
72876176
73022029
72843226
72980812
73073027
72674627
72990254
72350845
73300076
72568241
72945135
72831783
73031673
72694581
72833572
73100575
72653757
72941244
72526338
72750331
72750861
72836950
72893977
72921775
72874828
72906870
72586741
72769407
72861600
72637211
72729604
72983658
72864327
72832269
72976510
72763825
73333003
72972680
72737284
73139443
72830417
73099352
72854503
72825384
73105505
72638546
72826246
72951966
73105036
72922399
72831948
73327242
73052060
72822924
72923842
72732662
73158970
72710705
73012940
73001985
72835868
72576762
72983267
