0
1488
3070
4698
6386
7920
9370
10918
12413
14104
15747
17410
19039
20633
22190
23728
25269
26954
28763
30330
32006
33644
35206
36756
38384
39923
41442
43003
44769
46359
47899
49453
51168
52695
54334
55984
57623
59264
60901
62341
63914
65429
67075
68676
70293
71946
73599
75263
76892
78446
79998
81590
83186
84802
86335
87973
89545
91102
92552
94241
95824
97362
99009
100553
102144
103681
105374
106943
108583
110171
111871
113499
115192
116710
118161
119694
121329
122984
124642
126167
127724
129271
130899
132480
134129
135636
137246
138683
140286
141839
143408
144922
146269
147974
149469
150950
152506
154077
155805
157388
158898
160609
162156
163856
165572
167212
168775
170359
171893
173411
175039
176741
178343
179818
181452
183183
184787
186397
188045
189604
191122
192640
194431
196119
197675
199166
200882
202501
204079
205622
207231
208881
210492
211991
213582
215097
216681
218260
219966
221592
223116
224661
226233
227845
229341
230945
232504
234088
235639
237267
238794
240395
241953
243642
245242
246895
248524
250128
251727
253274
254991
256547
258170
259834
261510
263164
264827
266410
267990
269544
271153
272850
274386
275925
277559
279275
280812
282416
284126
285606
287203
288829
290335
291867
293381
294806
296353
298034
299599
301144
302741
304227
305930
307631
309106
310785
312385
314091
315737
317421
319065
320656
322234
323878
325567
327161
328730
330264
331851
333562
335151
336712
338357
339965
341524
343048
344761
346400
348005
349500
351126
352705
354360
355986
357581
359168
360769
362467
364055
365546
367185
368770
370448
372019
373642
375182
376766
378358
379894
381494
383058
384689
386239
387900
389461
391067
392554
394197
395715
397346
398985
400584
402252
403793
405500
407060
408632
410245
411945
413546
415136
416676
418217
419891
421378
423012
424596
426204
427748
429317
430868
432466
434079
435663
437285
438915
440489
442012
443539
445212
446650
448343
449926
451530
453163
454718
456377
458074
459608
461227
462797
464453
465996
467775
469262
470764
472322
473974
475650
477291
478983
480530
482196
483927
485508
487224
488718
490334
492024
493480
495197
496836
498420
499898
501572
503120
504626
506295
507871
509462
511034
512627
514167
515757
517490
519059
520711
522241
523883
525431
527069
528734
530331
531896
533405
534930
536569
538303
539874
541541
543111
544775
546429
548030
549601
551066
552633
554254
555973
557450
558969
560444
562081
563730
565289
566758
568303
569889
571485
573136
574706
576296
577882
579494
580970
582592
584195
585765
587334
589038
590689
592247
593730
595299
596768
598393
600036
601631
603278
604770
606391
608017
609578
611216
612721
614317
616032
617693
619171
620734
622215
623853
625483
627129
628726
630316
631903
633572
635169
636789
638387
639986
641652
643217
644933
646559
648190
649720
651423
653009
654525
656160
657772
659359
660954
662591
664171
665704
667366
668902
670498
672087
673691
675251
676779
678405
679987
681589
683173
684772
686264
687943
689610
691273
692806
694493
696079
697730
699343
700749
702340
703855
705575
707074
708549
710188
711878
713514
715107
716566
718111
719737
721405
722981
724653
726215
727802
729487
731047
732589
734322
735999
737598
739285
740823
742385
743980
745613
747053
748703
750186
751810
753492
754988
756593
758299
759846
761511
763085
764628
766334
767943
769444
771009
772532
774158
775721
777332
778991
780563
782157
783862
785428
787012
788549
790115
791663
793288
794944
796575
798211
