1
771046058
770477926
771005780
769265359
771312440
771121195
771817098
770818983
771318942
770696262
768728802
771360080
770029965
768167759
770833236
771505863
770470749
771991149
771369787
770569951
771194546
771204404
771761569
771300725
770548810
769512792
770402918
771920491
769429129
769732280
770380996
769689027
770373349
773446221
771457214
771314142
771784774
771170554
769889140
770758864
770808926
770385048
769921893
770950402
769704002
770103197
770876361
771295210
771421438
770317435
