0
1597
3243
4987
6575
8188
9757
11363
12961
14638
16239
17928
19536
21140
22752
24264
25830
27504
29023
30674
32415
34030
35509
37129
38770
40358
41975
43601
45208
46784
48390
49932
51625
53246
54883
56445
58038
59649
61220
62986
64701
66316
68054
69689
71257
72826
74420
75949
77555
79224
80967
82514
84168
85692
87440
89142
90652
92315
93853
95540
97180
98681
100304
101870
103422
105118
106718
108262
109991
111634
113206
114766
116359
117981
119539
121089
122698
124265
125971
127557
129247
130888
132433
133962
135571
137115
138725
140364
141936
143473
145027
146602
148189
149777
151391
152924
154613
156287
157875
159530
161071
162658
164340
165985
167700
169403
170934
172513
174167
175713
177294
178901
180432
182181
183727
185352
186940
188595
190274
191906
193440
195018
196670
198270
199992
201575
203187
204824
206313
207908
209503
211102
212767
214368
216003
217613
219300
220902
222613
224153
225781
227257
228873
230474
232212
233747
235328
236947
238573
240201
241724
243377
244964
246537
248146
249678
251323
252834
254332
255991
257567
259190
260849
262464
264016
265528
267114
268702
270237
271876
273488
275052
276723
278272
279952
281579
283159
284775
286444
287945
289671
291316
292930
294453
296043
297637
299267
300815
302390
303997
305581
307247
308780
310341
311928
313552
315115
316748
318455
320160
321726
323476
324984
326544
328123
329678
331161
332810
334503
336150
337829
339494
341050
342534
344077
345698
347347
348810
350412
351950
353605
355244
356794
358394
360001
361567
363222
364834
366395
368087
369704
371254
372931
374463
376091
377603
379296
380969
382806
384426
386032
387627
389166
390809
392375
393989
395521
397208
398864
400441
402071
403636
405163
406876
408530
410121
411785
413359
414924
416401
418078
419652
421188
422836
424525
426083
427688
429331
430955
432545
434161
435747
437335
438870
440532
442207
443836
445365
446948
448531
450179
451685
453198
454798
456425
458060
459621
461152
462735
464302
465945
467587
469269
470856
472496
474241
475780
477540
479059
480573
482136
483700
485274
486911
488550
490158
491689
493344
494896
496494
498120
499636
501202
502823
504468
506129
507637
509268
510888
512485
514100
515689
517212
518882
520439
521998
523690
525280
526898
528457
529964
531507
533196
534832
536461
538103
539763
541299
542883
544564
546017
547707
549350
550906
552605
554168
555792
557478
559114
560690
562336
563921
565494
567035
568681
570354
571918
573610
575299
576947
578569
580130
581793
583415
584953
586478
588082
589624
591349
593074
594723
596375
597987
599714
601423
603004
604612
606270
607874
609457
610917
612508
614214
615811
617539
619208
620895
622536
624219
625933
627518
629240
630769
632346
633863
635440
637069
638657
640248
641916
643465
645191
646758
648486
650145
651730
653318
654912
656660
658251
659798
661365
662987
664550
666132
667747
669362
670945
672534
674109
675773
677278
678939
680455
682024
683629
685254
686785
688414
689947
691522
693051
694618
696336
697818
699481
701104
702636
704303
705874
707427
709092
710718
712285
713815
715505
717089
718748
720413
722025
723604
725140
726893
728541
730129
731738
733393
734959
736559
738120
739661
741240
742939
744610
746170
747796
749434
751167
752750
754340
755981
757630
759307
760977
762407
764013
765608
767227
768825
770482
772123
773721
775447
777040
778751
780427
782111
783766
785343
786997
788665
790281
791919
793601
795117
796818
798404
800170
801828
803399
805067
