0
28
53
85
92
140
156
190
190
226
254
273
337
357
370
407
410
422
457
480
527
538
549
575
594
640
651
686
693
725
765
785
799
799
830
864
895
912
931
947
970
999
1023
1023
1037
1045
1056
1108
1121
1151
1187
1240
1248
1257
1331
1357
1371
1408
1457
1471
1471
1491
1493
1518
1549
1592
1619
1622
1677
1717
1725
1761
1770
1793
1838
1888
1893
1915
1926
1949
1983
2016
2080
2098
2128
2169
2194
2239
2248
2278
2315
2342
2376
2431
2448
2460
2501
2549
2556
2611
2634
2656
2664
2690
2726
2739
2821
2838
2859
2911
2911
2918
2919
2968
2978
2979
2998
3043
3058
3106
3136
3181
3188
3220
3239
3258
3277
3288
3292
3316
3359
3375
3375
3385
3409
3437
3452
3452
3473
3482
3511
3575
3612
3628
3674
3718
3733
3737
3814
3858
3886
3941
3961
4004
4008
4033
4057
4106
4125
4194
4235
4235
4261
4298
4299
4318
4318
4346
4410
4442
4450
4470
4470
4485
4507
4539
4625
4643
4694
4719
4760
4786
4797
4821
4854
4880
4925
4987
4996
5027
5093
5109
5114
5174
5197
5230
5232
5250
5306
5347
5396
5438
5466
5513
5517
5536
5536
5575
5595
5603
5610
5626
5640
5695
5707
5755
5761
5787
5789
5803
5843
5845
5847
5865
5892
5921
5927
5941
5980
5993
6016
6017
6055
6066
6111
6161
6223
6239
6290
6318
6337
6341
6426
6475
6491
6548
6588
6609
6623
6636
6665
6697
6712
6776
6820
6826
6841
6903
6921
6961
6971
7025
7083
7113
7124
7152
7152
7176
7189
7229
7265
7282
7337
7350
7398
7427
7453
7485
7526
7535
7567
7592
7605
7630
7689
7715
7716
7751
7774
7778
7788
7810
7855
7884
7932
7974
7997
8001
8012
8020
8024
8058
8104
8104
8105
8149
8175
8225
8239
8279
8279
8316
8321
8333
8363
8365
8374
8376
8422
8442
8453
8476
8487
8527
8547
8565
8607
8618
8658
8735
8781
8794
8835
8880
8889
8906
8971
9005
9005
9048
9083
9122
9148
9203
9214
9231
9244
9315
9381
9402
9420
9496
9524
9557
9572
9593
9644
9651
9657
9666
9669
9688
9730
9774
9784
9786
9810
9830
9866
9872
9890
9919
9934
9946
9968
9983
10006
10025
10060
10080
10104
10144
10158
10187
10201
10246
10275
10297
10317
10357
10387
10408
10430
10437
10458
10485
10529
10529
10546
10574
10628
10665
10701
10741
10749
10769
10789
10814
10822
10827
10843
10844
10895
10917
10940
10968
10968
11005
11043
11044
11082
11106
11147
11207
11242
11247
11299
11338
11349
11420
11431
11464
11464
11517
11550
11586
11600
11646
11651
11673
11691
11750
11788
11804
11827
11876
11882
11928
11946
11975
11993
12000
12017
12048
12061
12100
12121
12163
12186
12200
12219
12252
12290
12319
12341
12363
12384
12397
12419
12434
12483
12487
12517
12530
12536
12564
12576
12618
12646
12680
12702
12706
12719
12766
12786
12805
12808
12823
12850
12850
12898
12918
12918
12967
12998
13032
13065
13115
13121
13137
13185
