0
0
0
0
0
0
0
0
0
0
0
5
37
37
37
37
41
57
57
57
57
57
67
67
92
102
108
110
110
140
140
140
157
157
157
164
192
192
192
217
217
225
231
231
231
231
247
264
264
264
264
318
321
321
321
331
331
331
331
331
331
331
331
357
362
368
404
422
440
464
485
485
485
485
485
485
507
507
507
515
517
568
579
597
602
628
641
645
645
645
645
645
657
665
669
694
694
694
694
694
727
727
727
727
727
727
753
753
757
757
757
773
773
773
773
773
773
773
773
773
773
780
781
805
805
805
807
816
816
816
826
831
859
897
897
904
904
904
904
904
915
955
955
955
955
969
977
977
977
977
977
978
984
998
998
998
998
998
998
998
1016
1031
1068
1087
1112
1112
1112
1112
1112
1112
1161
1161
1161
1167
1167
1192
1232
1235
1235
1235
1257
1259
1259
1259
1259
1259
1275
1278
1292
1331
1331
1331
1331
1331
1332
1332
1332
1343
1343
1355
1363
1366
1366
1375
1375
1375
1375
1375
1375
1375
1375
1375
1376
1380
1380
1380
1380
1402
1405
1405
1407
1407
1407
1424
1442
1460
1471
1506
1510
1518
1518
1518
1518
1518
1518
1558
1562
1564
1573
1590
1610
1610
1613
1618
1625
1625
1625
1625
1625
1625
1625
1625
1625
1629
1631
1646
1662
1674
1686
1691
1691
1691
1691
1691
1736
1756
1756
1763
1763
1767
1780
1793
1806
1806
1806
1806
1806
1806
1806
1809
1818
1828
1828
1853
1857
1868
1868
1868
1868
1868
1868
1875
1878
1883
1914
1917
1925
1936
1936
1936
1936
1937
1961
1967
1967
1967
1967
1967
1967
1967
1967
1977
1983
1983
1983
1983
1983
1983
2012
2016
2047
2082
2089
2089
2089
2089
2089
2089
2097
2143
2143
2155
2158
2178
2178
2178
2198
2198
2198
2198
2201
2214
2214
2214
2214
2216
2216
2226
2226
2226
2226
2228
2231
2231
2231
2231
2231
2231
2286
2295
2295
2296
2296
2299
2299
2299
2299
2299
2316
2321
2321
2337
2337
2342
2356
2363
2363
2367
2367
2367
2367
2367
2374
2374
2374
2390
2401
2401
2406
2411
2424
2451
2451
2451
2451
2463
2497
2497
2497
2497
2520
2520
2520
2520
2520
2520
2520
2520
2520
2520
2520
2529
2578
2588
2622
2660
2683
2683
2726
2726
2726
2726
2726
2747
2757
2792
2792
2792
2796
2796
2819
2821
2821
2821
2823
2834
2834
2834
2834
2834
2834
2834
2834
2834
2843
2843
2854
2863
2863
2863
2863
2863
2866
2875
2875
2899
2903
2903
2903
2903
2903
2903
2903
2908
2908
2945
2945
2955
2965
2972
2972
2977
2989
2989
2989
2997
3013
3013
3018
3052
3052
3052
3076
3080
3090
3096
3096
3096
3096
3124
3158
3158
3158
3158
3172
3176
3176
3176
3176
3176
3176
