0
2
7
36
36
40
46
52
52
64
78
100
130
141
143
147
155
157
158
158
196
213
213
221
238
247
249
254
265
265
269
272
285
295
295
300
300
306
308
329
344
358
393
406
415
418
419
429
430
444
485
488
501
508
519
557
574
581
581
605
617
617
617
623
626
649
653
661
683
699
699
699
707
707
717
719
719
743
759
764
787
794
801
810
817
817
817
824
825
827
827
834
848
849
849
850
861
886
886
893
899
899
913
921
944
957
971
984
990
995
1003
1003
1003
1010
1026
1052
1052
1068
1086
1093
1106
1106
1120
1120
1132
1132
1140
1143
1146
1151
1160
1160
1169
1174
1185
1198
1211
1221
1234
1235
1240
1240
1240
1252
1302
1309
1318
1334
1340
1357
1368
1378
1390
1390
1392
1392
1395
1403
1404
1429
1433
1439
1456
1470
1480
1481
1491
1497
1506
1506
1512
1527
1536
1554
1582
1592
1594
1602
1605
1605
1619
1625
1646
1646
1650
1651
1662
1662
1665
1665
1673
1696
1696
1699
1699
1705
1710
1710
1751
1765
1784
1805
1807
1808
1819
1819
1819
1825
1850
1878
1878
1906
1922
1928
1932
1933
1957
1957
1957
1957
1983
1985
1987
1987
2005
2007
2012
2028
2034
2040
2052
2055
2061
2061
2065
2065
2074
2086
2130
2132
2143
2146
2146
2158
2158
2158
2158
2181
2190
2190
2201
2211
2214
2243
2251
2251
2262
2269
2269
2269
2287
2293
2299
2299
2312
2326
2334
2346
2351
2368
2376
2388
2388
2388
2402
2414
2438
2438
2448
2466
2477
2477
2480
2480
2481
2492
2492
2494
2501
2502
2512
2522
2565
2577
2600
2636
2654
2684
2695
2695
2695
2701
2711
2729
2743
2770
2770
2785
2789
2795
2827
2827
2827
2827
2854
2857
2857
2857
2859
2863
2877
2877
2877
2885
2900
2903
2924
2924
2930
2932
2932
2935
2955
2955
2968
2984
2984
2984
2992
3002
3003
3011
3023
3023
3057
3063
3074
3095
3108
3108
3118
3127
3133
3133
3149
3161
3167
3168
3198
3216
3217
3238
3252
3260
3266
3271
3271
3271
3291
3318
3337
3337
3337
3356
3369
3369
3369
3376
3376
3376
3376
3383
3395
3396
3408
3428
3454
3468
3489
3510
3513
3554
3560
3561
3561
3561
3568
3577
3592
3621
3621
3643
3648
3668
3699
3703
3704
3704
3739
3749
3749
3749
3767
3771
3782
3790
3797
3810
3825
3825
3838
3841
3845
3851
3851
3855
3868
3873
3899
3905
3909
3914
3922
3942
3942
3942
3956
3960
3978
3978
3989
4021
4026
4028
4029
4050
4067
4067
4092
4092
4098
4098
4131
4138
4142
4160
4175
4176
4181
4190
4190
4190
4208
4226
4232
4232
4236
4279
4290
4291
4291
4303
4303
4303
4303
4313
4317
4326
4326
4346
4359
4367
4394
4408
4425
4445
4466
4468
4468
4468
4469
4469
4473
4505
4505
4520
4529
4557
4583
4592
4602
