0
0
0
0
0
0
0
0
0
0
0
0
7
16
18
22
22
22
22
22
22
29
29
29
29
29
30
30
30
30
30
30
39
41
41
41
41
41
41
42
54
67
94
104
109
109
109
109
109
109
122
122
122
128
128
151
167
168
168
173
183
183
183
183
183
183
183
183
183
192
192
192
192
192
192
192
192
192
192
192
192
192
192
192
192
192
192
192
192
192
192
192
192
192
192
192
192
192
192
192
192
192
192
192
197
211
219
232
236
240
240
240
240
240
240
242
242
242
250
257
264
264
269
269
273
273
273
273
273
273
273
273
273
273
273
274
280
288
297
298
298
298
298
298
317
319
319
319
319
319
325
331
338
338
338
338
338
338
338
338
338
338
338
338
342
342
342
342
342
342
342
342
342
342
342
345
349
353
353
353
353
353
360
360
360
360
360
360
360
360
360
360
360
360
360
360
360
360
360
362
378
393
395
395
395
395
395
395
395
395
395
395
406
406
406
406
417
417
417
417
417
417
417
417
417
417
417
417
417
417
417
417
417
417
417
417
417
417
417
417
417
417
417
418
418
418
418
418
418
418
418
418
418
418
418
418
418
418
418
418
418
418
418
418
418
418
418
418
418
418
418
420
420
420
420
420
436
436
436
436
436
436
436
436
436
436
436
436
436
436
436
436
445
450
470
498
505
520
530
530
530
530
530
530
530
532
532
532
534
534
546
546
546
546
546
546
546
546
546
546
546
546
546
546
546
546
556
556
556
556
556
556
556
556
556
556
556
556
556
556
556
556
556
556
557
564
564
567
572
572
575
575
581
581
581
581
581
581
583
596
596
596
607
614
614
619
619
619
619
621
637
637
637
637
641
641
641
641
641
641
641
641
641
641
641
641
643
651
665
676
679
712
715
715
715
715
715
715
715
734
734
735
738
741
767
767
767
767
782
791
791
791
791
791
791
791
791
798
808
808
808
808
808
808
808
808
808
808
808
808
808
808
808
808
808
808
808
808
808
808
808
825
829
831
831
831
846
846
856
856
856
856
869
873
873
876
886
887
890
894
894
894
894
894
896
896
896
914
922
923
923
926
926
926
926
926
926
926
926
926
926
926
942
951
965
977
997
999
999
999
999
999
999
1008
1008
1008
1011
1026
1045
1052
1061
