1
89429696
88987336
88917461
89799256
89874008
89225073
89421873
89599347
89588792
89762433
89691627
90005194
89583715
89526255
89982716
89316680
89296601
89709763
89750737
89514736
89351220
88779127
89194078
88471299
89219336
89108220
89356556
89285427
90174108
89150730
89224317
89204813
89352887
89247513
89420989
89876770
89122565
89264305
89454305
89714725
89334043
89307783
89522880
89606140
89645944
89334569
89862146
89534076
88975276
89770174
89484731
89397993
89686752
89507286
89647615
89783653
89332449
89966941
89680755
89724903
89659433
89783914
88910270
89560884
89839966
90178711
89737653
89565655
89663150
89718990
90065051
89199649
90023940
89707440
90202326
89597323
89826030
89652033
89430264
90384278
89489228
89559264
90186617
89898200
89683004
89871043
88967145
89393887
89729936
88988258
89328396
89502974
90074565
89513139
89336154
89627160
88983647
90079767
90175156
89403405
89562649
89583958
89660132
89262292
89680965
89197793
89778990
89237337
90049304
89331061
89248538
89662447
90079282
89617888
89080787
90060367
89196353
89208384
89609151
89066880
89638462
89582996
89534769
88944707
89528866
89315176
89484317
89049669
89363905
89796710
89960188
89447716
89901528
89066036
89594442
89657042
89186353
89257872
89082519
89856329
89989172
89688993
89211222
89313604
89399937
89404991
88648103
89478740
89323886
89293267
89392605
89926122
89866800
88941660
89820324
89250856
89846311
89496066
89295068
89665457
89457691
89210963
89415752
89342688
89797399
89751789
89418833
89780812
89648386
89580568
89173261
89976106
89341794
89579712
89653354
89457077
90005434
89009783
89838730
89527651
89673282
88685165
89083786
88809102
89263344
89539310
90085547
89220014
89587402
89193119
89761516
89773643
90042655
89618267
89856031
89452951
89729169
89435667
89391981
89323446
89676828
90024113
88798186
89108145
89482170
89254615
89195062
89720492
89613880
89541768
89530920
89053621
89628098
89424125
89089497
90061736
89578573
89812549
90116943
89779455
89467041
89662581
89584700
88462383
89578918
89820123
89318845
89409710
89922751
89678917
89266299
89758738
89397795
89368538
89316075
90103231
89762477
90058308
89629913
89146487
89146281
90012836
89521285
90253169
89232170
90134514
88721713
89036551
89544595
89471111
89548443
88999021
89064284
89717544
89431481
89924981
89305408
89389158
89761017
89110964
89674813
89799160
89760993
89556363
89547954
89432552
88958399
89353847
89734383
89693230
89454402
89686143
89296708
89927024
88930040
89320251
89699709
89602573
88880961
89745539
89445044
89084510
89389735
89468772
89360596
90073107
89424083
89410271
90199362
89299687
90039645
89622120
89342841
89054773
89703231
90072785
89346110
89888962
88956306
89037252
89320182
89086314
89725622
89068103
89726082
89623745
89884326
89548712
89472726
88906944
89725524
89358871
89412818
89242578
89976404
89380795
89469706
89600915
90135325
89695856
89630840
89754951
89498129
90309141
89482937
88887497
90389662
89647827
88760988
89401244
89658722
89437596
90148809
89698101
89932442
89603065
89985513
89710705
89847374
89352022
89550118
89396670
89782354
89825917
89649052
90066991
89180617
89959051
88739610
90327706
89462358
89740678
90039374
89326106
90253510
89234094
89458245
89591351
89013189
89094339
90026102
90144769
89342859
89560035
89727785
89509680
88773179
89479044
89993359
89022100
89676705
88963596
89340763
89105187
89160315
89462565
89158343
89880404
90118313
89453598
88969185
89438475
89963072
89154916
89354174
90150749
88987889
89630939
89412335
89387265
89800744
89691321
89111847
88629089
90109270
89770930
89516823
89422388
89398202
89258311
89454682
89598493
90123603
89472531
89467666
88960852
88775501
89321633
89010907
89590343
89300698
89556698
89973835
88541944
89190152
89447755
89487731
89435183
89376415
89705767
89907525
89452669
89586829
89360433
89241443
89704566
89229189
89712490
89900669
89731894
89885611
89324352
89209209
89712550
89480930
89518047
89473290
89657789
89022267
89855451
89982109
88606096
88950933
89415774
88960303
88927586
90030613
89145676
89731899
89821906
89551993
89022481
89633967
89651391
89477726
89591182
89872198
89448628
88907351
88909331
88689263
89471924
88973514
89771650
89837192
90057384
89026874
89655775
89418172
89515195
89791974
88927679
90008493
89549343
89451931
89674625
89509421
89246862
89754894
89248082
89715540
90139828
89085294
89080662
89505934
89300300
89160302
89572521
89539919
89266389
89183477
89713548
89629378
89701467
90193766
89965624
89860792
89760230
89059262
89673963
