0
27
48
76
97
105
118
128
136
153
171
192
203
232
249
279
295
323
331
346
356
364
383
388
389
395
414
430
434
456
476
509
528
528
565
580
595
640
673
684
709
740
746
761
800
824
837
860
872
895
920
946
963
978
987
1020
1063
1076
1094
1129
1155
1171
1182
1203
1236
1245
1259
1267
1280
1301
1310
1333
1357
1369
1383
1396
1415
1428
1445
1464
1471
1493
1511
1520
1535
1548
1570
1583
1591
1616
1631
1639
1658
1686
1706
1726
1744
1770
1794
1820
1834
1843
1860
1879
1903
1916
1930
1948
1977
1996
2019
2033
2049
2056
2071
2088
2101
2113
2117
2135
2155
2175
2188
2214
2225
2250
2267
2280
2301
2321
2337
2372
2399
2411
2435
2465
2476
2507
2527
2545
2552
2580
2599
2621
2640
2665
2677
2701
2717
2746
2774
2787
2801
2828
2841
2861
2872
2896
2913
2921
2936
2960
2969
3000
3006
3031
3051
3060
3080
3103
3122
3151
3167
3183
3192
3209
3226
3236
3260
3277
3297
3307
3313
3329
3343
3356
3384
3420
3435
3452
3464
3485
3504
3522
3526
3541
3561
3564
3578
3608
3613
3641
3656
3665
3692
3713
3726
3734
3756
3794
3812
3825
3843
3857
3880
3894
3924
3952
3956
3985
4004
4022
4040
4042
4068
4105
4133
4147
4152
4177
4187
4212
4241
4266
4272
4310
4339
4366
4402
4420
4423
4456
4473
4506
4535
4541
4556
4574
4598
4611
4643
4653
4674
4679
4700
4729
4741
4766
4788
4800
4839
4844
4857
4877
4896
4926
4933
4947
4966
4983
5011
5019
5041
5049
5072
5101
5121
5130
5136
5152
5165
5196
5210
5220
5239
5255
5276
5296
5297
5307
5316
5332
5358
5373
5392
5412
5443
5455
5466
5511
5527
5549
5570
5598
5612
5617
5635
5641
5655
5677
5703
5719
5728
5764
5789
5796
5817
5834
5856
5891
5919
5927
5932
5951
5968
5985
6014
6049
6062
6082
6104
6122
6152
6160
6181
6206
6222
6245
6274
6287
6298
6316
6347
6352
6384
6398
6419
6430
6446
6467
6481
6517
6538
6555
6594
6600
6612
6625
6650
6661
6669
6677
6703
6718
6746
6767
6790
6804
6819
6842
6854
6868
6876
6888
6905
6932
6949
6949
6955
6976
6997
7014
7022
7033
7045
7058
7088
7112
7124
7150
7180
7188
7194
7236
7262
7278
7310
7330
7352
7363
7375
7394
7416
7431
7474
7505
7510
7537
7556
7562
7582
7588
7606
7642
7662
7670
7685
7688
7700
7717
7750
7789
7805
7833
7849
7879
7910
7917
7933
7961
7972
8001
8037
8046
8067
8094
8113
8124
8159
8176
8195
8203
8216
8251
8277
8304
8329
8345
8379
8390
8408
8408
8430
8442
8457
8461
8480
8492
8524
8531
8563
8571
8583
8600
8607
8634
8638
8644
8663
8679
8694
8699
8715
8741
8759
8775
8778
8804
8817
8845
8869
8907
8924
8954
8978
8992
9001
9047
9073
9084
9112
9132
9149
9160
9175
9190
9212
9220
9258
9288
9295
