1
62801227
62737007
62964324
62755139
62589257
62678947
62740861
63118492
62941209
62847586
62950616
62730695
62661952
62719342
63027462
62679284
62726219
62863980
62844119
62996554
62898145
62996633
62730822
62655362
62886339
62862541
63071465
62856079
62613599
62433411
62525091
62819135
62735108
62614592
62657382
62770255
62948463
62677732
62682851
62941691
62842140
62879654
62486737
62742547
62570780
62970079
62778470
62907761
62757126
62796545
62644033
62684222
62913352
62836007
62923616
63094723
63034939
62907980
62651999
62692121
62998741
62991079
62847306
62868927
63093888
62937535
62754892
62838061
62636247
62976551
62873174
62563896
62792897
62845486
63016438
63067206
62651312
62766222
62816792
62983536
63087242
62938470
63069539
62937233
62744908
62651508
62633062
62782350
62685297
62614114
62902050
62717152
62796769
62707274
62687717
62923132
62951636
62879037
62595823
63048685
62925406
62726364
62940756
62879005
62856299
62671532
62704384
62916058
62755868
62908307
62954581
62736685
62936376
62690575
62453762
62788457
62608385
62844081
62872880
62883891
62681162
62798967
62883087
62905473
62973453
62869921
62662640
62567791
62623752
62777383
63043020
62905450
62794420
63006637
62763018
62833276
62844355
62623673
62821884
62601907
62761662
62724569
62988773
62829348
62580958
62844531
62717911
62704020
62678799
62861978
62741303
62527351
62918623
62963316
62571284
62807151
62849528
62821680
62935508
62663069
62807262
63120305
62643512
62856704
63005711
63157103
63189838
62861703
62733482
62721186
62935877
62623181
62638643
62676387
62748951
62849455
63140130
62892961
63003394
62445899
62800011
63051231
62794033
62622857
62820654
63010874
62688476
62705171
62728935
63058836
62517999
62815951
62934429
62384697
62658211
62706184
62689509
62592191
62797323
62572194
62860733
62832560
62967880
62768324
63006303
62949731
62792517
63020038
62909440
62864955
62952432
62836519
62825312
62576658
62680376
62915596
62730927
62640942
62815323
62917432
62942525
62967601
63187081
62928775
62686249
62834260
62788064
62908401
62702156
62617745
62522138
62863329
62935750
63118064
62733791
62720063
62519531
62718393
62751273
63009765
62735069
62934757
63117561
62613947
62862706
62781597
62707464
62838207
62881578
62752458
62855402
63082107
62738276
62928273
62713203
62841022
62471572
62695154
62791501
62719378
62720478
62792771
62642882
62880501
62711973
62493988
62880535
62844934
62925008
62806160
62883252
62568729
62766920
62653343
62582734
62961516
62836931
62948529
63180924
62821348
62765923
63010969
62773270
62910834
62756337
62830279
62930132
62838869
62376336
62961764
62732269
62685744
62923550
63094200
62923596
62951121
62751385
62536340
62876680
62549468
62706345
62671791
62713430
62661718
62772937
62858136
62748013
62763633
62964448
62845737
62817306
62916406
62845556
62949196
62692041
62427300
63113687
62804618
62571849
62778280
62874453
62642707
62977606
62973472
62669153
62803682
62964672
62948796
62457212
62570979
62880680
62867945
62971962
62981777
63007476
63282701
63232409
62834515
62780233
63034913
62942474
62952956
63062439
63180160
62981000
63024455
62758244
62764114
62718109
62564519
62978667
62606233
62646321
62851216
62458698
62797223
62725292
62904542
62901997
62810890
62837157
62660918
62749587
62471228
62849722
62892248
62759415
62791135
63038210
62622695
62938278
62953055
62890460
62552340
62691588
62992075
62705620
62950379
62897539
63055366
62835775
62677297
62996924
62975140
62886395
62695980
62897176
62880841
62919684
62700406
62915961
62697955
62848278
62538716
62769698
62639719
62692233
63029229
62870415
63085942
62752187
62652437
63222868
62607221
62899369
62675441
62909546
63126023
62659036
62820522
62812436
62963953
63014280
62834378
62649290
62705718
62753240
62702967
62678783
63068732
62896864
62491716
63035723
62637706
62975530
62740987
63015061
62571686
62626638
62961950
63079766
62653392
62824316
62928467
62547061
62716114
62570364
62764144
63044348
62755343
62968497
62882481
62787296
63053337
62588725
62902814
62992381
62764044
62784428
62838125
62613596
62827367
62432693
62655347
62709637
62900048
62757882
62922833
63015889
62606524
62828052
62427133
62795388
62813914
62690031
63001680
63066640
62601132
62967059
62717711
62875054
63021789
62698247
62822330
62844307
62792903
62513038
62870127
62885259
62938095
62711144
62778773
63005115
62853145
62980313
62960361
62908194
62887652
62907704
62599149
62708033
62592980
62842837
62954518
62843413
62649896
62957843
62736567
62733170
62947502
