0
107
242
388
492
612
715
793
880
1030
1158
1313
1469
1578
1662
1741
1844
1967
2012
2120
2313
2421
2501
2622
2742
2849
2941
3053
3176
3262
3359
3475
3613
3735
3822
3937
4033
4133
4242
4431
4543
4683
4872
4993
5111
5194
5329
5446
5557
5699
5884
5966
6105
6232
6409
6575
6705
6838
6962
7125
7266
7344
7438
7544
7654
7805
7906
8020
8178
8301
8399
8461
8622
8713
8801
8887
8980
9097
9236
9347
9479
9600
9704
9822
9956
10041
10125
10246
10334
10434
10513
10616
10723
10826
10936
11019
11131
11281
11358
11476
11535
11650
11811
11945
12085
12246
12361
12505
12632
12709
12793
12870
12942
13084
13202
13330
13422
13553
13658
13792
13896
13972
14078
14165
14290
14381
14483
14587
14670
14792
14899
14965
15109
15226
15361
15491
15640
15775
15883
15975
16108
16186
16293
16415
16616
16703
16834
16958
17086
17221
17346
17508
17624
17703
17837
17921
18060
18153
18256
18426
18536
18664
18786
18907
19016
19104
19260
19362
19421
19515
19630
19735
19888
20037
20226
20361
20437
20548
20677
20746
20901
20995
21145
21246
21368
21469
21596
21694
21769
21864
21962
22116
22192
22293
22370
22472
22596
22738
22910
23084
23201
23361
23450
23555
23642
23688
23755
23880
24017
24161
24278
24416
24542
24682
24758
24874
25011
25072
25162
25252
25409
25539
25630
25747
25871
25951
26086
26187
26291
26416
26541
26631
26739
26849
26946
27028
27173
27280
27478
27564
27710
27832
27911
28001
28103
28203
28271
28441
28601
28668
28802
28913
29008
29168
29286
29400
29510
29592
29667
29741
29887
29997
30067
30161
30310
30444
30559
30690
30817
30947
31049
31163
31276
31347
31509
31642
31769
31834
31961
32098
32208
32311
32387
32502
32628
32731
32813
32908
33007
33107
33258
33384
33558
33712
33869
34068
34181
34356
34441
34502
34586
34716
34839
34956
35137
35259
35346
35517
35589
35709
35837
35903
35985
36108
36251
36378
36461
36577
36706
36796
36906
37006
37079
37215
37340
37451
37598
37688
37797
37894
37978
38074
38245
38360
38523
38676
38776
38863
38980
39136
39209
39358
39540
39613
39770
39866
39987
40146
40279
40384
40515
40655
40743
40825
40963
41093
41183
41306
41489
41626
41726
41874
42012
42127
42233
42333
42424
42488
42659
42801
42938
43046
43154
43282
43382
43469
43537
43664
43759
43841
43904
44035
44165
44280
44471
44598
44764
44909
45064
45219
45331
45526
45598
45679
45795
45912
46043
46162
46293
46439
46513
46698
46773
46966
47112
47216
47300
47399
47589
47721
47803
47924
48038
48116
48245
48376
48489
48616
48714
48834
48956
49058
49172
49256
49319
49408
49536
49633
49801
49929
50042
50146
50235
50407
50481
50609
50762
50843
50990
51072
51178
51336
51451
51547
51653
51816
51946
52079
52232
52332
52421
52559
52744
52829
52942
53083
53200
53298
53414
53493
53598
53665
53824
53947
54043
54139
54256
54432
54539
54627
54726
54864
54971
55074
55162
55279
55412
55514
55659
55808
55927
56065
56233
56356
56496
56660
56789
56873
56958
57080
57211
57331
57434
57606
57666
57832
57941
58150
58280
58407
58537
