1
169138278
169035062
170574974
167914451
169210088
169068751
169912266
169250478
170834987
170640667
169336537
169878640
171083513
168869893
171933926
169991744
168705494
169375919
170970878
170428231
170510913
171997993
169960153
170436160
169628444
169855447
170081566
170535132
169949166
170533340
171062523
169770108
170362734
170041532
169689007
168941822
171040021
168640336
171904623
168939387
169650979
169511025
169938486
170538037
170292928
170345682
170228798
170439384
169225395
169997051
171661405
169446525
169061831
171615611
170906331
172987945
170361736
170955005
171247833
171237351
172115890
169646851
171233883
169227339
170674370
172580558
170382273
170663415
171266664
170375035
170526640
169664816
170432079
171167660
169146525
171067978
169797489
169206050
170350435
169007319
170197802
169016582
171560021
170622732
170629500
172933755
168975580
170301217
169655812
170568234
168917334
171849189
169216387
170090680
171170764
171066546
168990553
169396796
170080567
169459883
169471359
169155212
168776942
171053480
168891834
169949038
171206655
170111153
169781842
171697008
170142709
170782491
169295543
171387191
169595330
169790028
168594828
169878670
172274610
169204818
171082942
168900939
170315488
171171579
170666766
170339970
171334691
169917889
170514334
168104527
169129633
170049783
169592013
170063013
169308262
171196801
171603492
171117315
170339822
172237159
170864127
170647013
171432465
171775054
169924645
169635210
171834649
171130386
171269635
171277959
169827983
170633568
172460512
169810510
170429594
169649733
170380706
171782206
170938949
170338081
169258445
169501382
170367215
171528285
167437135
171717288
168527874
169934409
170065585
170175568
171018345
169573461
167888841
170760362
167773175
170226173
170863482
170220038
171493065
171086997
170938117
170888415
169083584
167440426
168847963
170214878
170773347
171310377
169860553
171101986
171064302
169840775
168253383
171257005
169210005
170928818
169764721
172051058
169660422
171000415
172060275
170550726
172081633
169822071
170527175
170210311
169292726
169721577
171092272
169212045
170914241
169486789
170543981
167305815
171181009
169220089
172773029
168806441
169713339
171910225
169821914
170406398
169551491
171046465
169224115
168560644
172089947
170637535
169459564
171101458
169538644
169048784
170428633
170297680
170916969
169022299
170267272
169961556
171344875
171178086
169183017
169941230
169489369
169203359
168703047
170886637
172488537
169998240
169837397
170453851
171402123
170677542
170691747
169103202
171567691
170690655
170696391
168147004
170769150
171157701
169867416
168988582
169919275
170293330
171056103
169544602
169795689
171223955
170213027
170500721
170838350
169799892
171850982
171049461
170540286
170493845
169804065
170660869
172386466
167504016
169382789
170704255
168033939
170368122
168129868
169072503
170781781
171483062
172776567
172247845
170845633
169985561
171827230
168045589
169078507
170031209
172435273
169675091
170912988
170661824
170061079
171129796
171315608
168905969
170675840
169566951
170850670
171839739
170778908
170993632
171602201
168651324
169364436
172729918
170529451
173232362
171077876
169571470
169605434
171778963
170660419
171573449
170697431
170177896
169998405
169009430
170494015
171771862
169835509
170747112
170377905
169823966
169434405
169933810
172362626
173110418
170325542
170753599
168303243
171402119
169773871
170987603
171232391
171033804
170908427
169485118
169879315
169971040
171066875
169375521
171537237
171524758
169599921
169261167
169071495
169389697
168596471
170811966
170711859
170273011
171010740
169252012
170238199
169896426
170541918
169638566
171212626
170700547
170814568
169257513
168924122
170087731
171395564
169249242
172226769
170665775
169284286
171787050
170357055
168962423
170359428
171759586
171394491
171137523
169867849
170410464
171944629
169790511
169033161
171041748
171149086
169040010
170770654
170648313
169121724
171147936
167462401
167708290
169607835
170104353
171946840
169981988
169984915
171247264
170058700
170991165
169810541
169410708
169153237
167555999
171882201
170122876
169986493
170068359
172946383
169133247
170786101
170313272
169119721
170611263
170662915
170150032
171702324
170608198
167835756
171038371
170133826
170238992
169049358
171726645
171261235
170444678
169779370
169528484
171314893
170518821
171375222
168860458
171828429
169625479
169979138
168399696
170297891
168876304
169379668
168059355
171955796
170797494
170395774
168411559
171513005
170215193
170015826
171684157
169195430
171043242
172277251
171487092
171544547
172750812
169709667
170195565
171153466
167791894
171496240
170965546
169200855
169897886
169800968
170264962
169826118
170091243
172139487
167617113
170808848
169869849
171356917
172279427
169054010
171621465
171409922
169244576
169731343
170085418
169495436
170044752
171085731
171673881
171791057
170742019
169999161
169846177
170897886
171536671
170302895
169887636
172445489
171707299
170507051
169828548
