0
0
0
0
0
0
0
0
0
1
1
1
1
3
3
7
7
13
13
13
13
13
16
16
16
25
25
25
25
25
25
25
25
25
25
25
25
25
25
25
25
25
25
25
25
25
25
25
25
25
25
25
25
25
25
25
25
33
39
39
39
39
39
39
41
60
68
82
87
90
90
90
90
90
90
95
111
111
111
111
111
111
111
111
116
126
126
126
126
126
126
126
143
143
148
152
158
158
158
158
158
158
158
170
170
170
175
177
177
179
179
179
179
179
179
179
181
185
188
205
205
205
205
205
205
205
205
205
205
205
205
205
205
205
205
205
205
205
205
205
205
205
205
205
205
205
205
205
205
205
205
214
233
233
233
233
233
233
241
263
264
279
286
293
293
293
293
293
293
300
325
325
325
328
328
328
328
341
365
375
375
375
375
375
375
375
375
375
384
386
399
405
405
405
405
405
405
405
405
405
405
405
405
405
405
405
405
405
405
405
405
405
405
405
405
405
405
405
405
405
405
405
405
405
405
405
405
405
405
405
405
405
405
405
405
405
405
405
405
405
405
405
405
405
405
427
448
448
448
448
448
448
448
455
455
455
459
471
471
486
488
488
488
495
522
522
522
530
530
539
539
544
561
563
563
563
563
563
563
563
563
563
563
563
563
563
563
563
563
563
563
563
563
563
563
563
563
563
563
563
563
563
563
563
563
563
565
566
566
566
566
566
566
566
566
566
566
575
579
593
593
593
593
593
593
593
593
593
593
593
593
593
593
593
593
593
593
593
593
610
615
615
615
622
622
622
622
623
624
631
631
643
643
655
655
658
658
658
670
673
673
673
673
673
673
685
686
686
686
686
686
686
686
689
695
695
695
695
695
695
695
695
695
695
695
695
695
695
695
695
695
695
695
695
695
695
695
695
695
695
695
695
695
695
695
695
695
695
695
695
696
696
706
723
723
723
723
743
743
743
743
743
743
743
743
744
744
744
750
750
750
750
750
755
769
770
770
770
770
770
771
780
780
793
820
829
848
848
848
848
848
848
860
862
862
862
862
862
871
881
887
887
887
887
887
887
889
900
903
903
903
903
903
903
903
903
903
903
903
903
903
903
903
903
903
903
903
903
903
903
903
903
903
903
903
903
903
903
903
903
903
