1
1190198223
1191110648
1190911570
1192688861
1192761344
1189121857
1195701321
1196184976
1192308376
1192550853
1194784639
1194281517
1191994112
1192394230
1192742938
1189609710
1192299820
1190745162
1191987973
1194033713
1196433708
1192602077
1191586641
1193280465
1189676585
1191185123
1192018025
1190213367
1191823569
1193804701
1194842975
1189667688
1192885819
1189370568
1194676696
1192798703
1192139693
1196075459
1194446080
1192319503
1192520825
1192189199
1195993831
1190513013
1191870857
1190559702
1193567935
1191642108
1196876400
1195431819
