1
54331023
54259667
54115842
53970964
54426013
54369246
54394802
54011071
54379056
54296146
54033815
54266184
54114028
54185554
54237150
54346496
54399127
54383067
54489957
54402490
53969904
54384755
54378461
54461721
54221403
54216432
54251171
54217735
54171518
54491630
54210495
54248609
54364656
54312310
54386301
54158207
54282352
54254111
54447717
54124824
54365595
54054364
54414857
54348331
54165463
54402773
54260107
54320235
54203018
54288730
54306613
54403638
54272002
54364701
54439959
54196625
54114649
54382378
54521839
54404511
54273566
54327554
54356065
54327270
54384367
54210393
54490024
54291035
54255081
54225866
54405343
54336554
54614229
54469907
54184533
54211708
54533256
54513628
54168574
54450110
54203986
54301048
54420895
54124254
54351070
54391795
53969763
54242160
54301450
54332223
54167723
54181396
54312982
54340000
54286439
54290992
54460798
54367492
54268805
54545414
54179173
54484429
54316625
54325198
53932547
54385201
54396699
53972670
54237025
54184985
54139038
54144982
54237852
54366194
54132352
54190157
54330527
54356423
54240001
54444141
54252637
54431108
54280244
54190543
54335888
54235991
54221334
54532537
54445497
54305466
54251818
54131834
54266414
54443542
54207588
54235323
54222185
54181096
54291430
54393939
54385494
54120574
54310953
54354739
54325251
54066248
54320027
54289877
54259589
54416839
54311551
54290311
54338013
54639112
54093676
54158254
54252175
54260695
54536104
54476603
54308058
54325554
54369053
54554367
54332015
54268558
54610730
54609350
54302682
54271313
54126960
54149613
54333727
54363271
54411485
54472962
54188520
54292998
54423776
54229311
54383513
54207263
54273799
54394131
54258928
54333966
54272262
54263184
54166592
54449329
54206740
54223602
54325976
54233201
54088718
54392846
54213159
54100462
54243947
54436938
54125830
54149797
54382240
54339358
54222639
54363534
54484209
54217762
54551926
54282261
54234155
54237692
54241340
54326873
54343343
54305965
54302460
54295367
54349060
54497864
54477780
54383821
54320517
54494613
54337351
54208014
54065311
54218288
54184569
54402811
54306193
54254126
54457366
54339885
54218308
54104109
54398522
54332950
54389724
54215310
54438839
54418911
54461259
54305880
54118609
54278296
54369775
54193764
54491175
54323259
54367553
54168243
54412844
54067801
54264030
54495155
54263198
54478333
54165556
54364231
54409557
54299652
54063426
54210123
54263019
54261344
54291862
54463733
54254256
54302271
54292787
54150213
54288677
54276204
54155708
54352621
54415858
54380920
54441826
54235295
54263086
54255334
54268387
54336572
54290454
54271269
54506237
54126903
54174718
54338992
54517373
54528525
54462450
54388547
54223423
54185524
54350992
54222305
54449074
54202375
54304792
54183939
54348877
54332730
54287940
54365438
54187692
54396211
54424228
54203827
54285428
54413090
54206721
54267654
54155056
54235930
54241429
54229784
54124073
54351794
54609065
54231237
54338286
54358843
54296873
54508890
54233515
54194605
54366520
54202478
54239082
54421487
54443538
54580779
54501729
54354364
54385337
54375707
54204240
54569125
54312102
54487245
54302293
54273570
54378458
54470008
54201576
54378878
54464978
54180540
54334603
54148206
54189275
54248979
54270662
54324220
54363112
54378923
54350625
54374677
54241730
54157694
54562037
54087867
54291607
54606055
54182351
54352359
54420928
54532163
54254084
54272051
54430311
54535547
54301396
54352527
54385339
54333932
54413022
54078407
54336827
54253753
54432925
54118647
54318446
54246811
54233848
54368817
54320777
54478605
54394219
54129478
54244758
54215752
54317989
54349347
54232638
54427633
54324532
54565140
54472796
54157413
54281220
54202795
54365046
54102462
54227212
54309657
54332837
54419752
54385647
54419094
54465145
54278259
54048769
54266956
54267757
54339078
54219237
54355946
54111689
54447832
54420066
54472280
54132458
54131298
54310459
54542537
54193607
54260226
54378445
54156691
54241660
54310513
54185373
54356033
54397027
54387659
54230925
54255679
54613813
54212344
54292389
54442617
54154253
54336122
54191141
54278997
54261887
54232059
54137423
54156441
54140245
54255743
54535445
54346126
54164269
54541882
54099173
54351960
54393589
54242659
54282645
54298957
54397095
54216445
54254013
54228735
54365860
54320237
54297056
54302402
54410510
54098092
54148621
54407963
54207402
54293066
54210224
54458563
54558569
54427492
54372656
54391920
54383460
54336428
54296332
54316097
54270397
54344193
54538788
54150199
54323850
54365368
54401164
54056359
54219060
54304290
54441087
54095426
