0
0
0
4
4
4
4
10
10
45
66
99
99
122
125
125
125
176
201
211
244
256
266
266
266
267
277
280
320
355
355
355
396
396
406
406
432
473
486
486
486
486
486
486
507
529
531
564
565
590
594
596
603
607
607
620
625
627
630
653
666
666
678
678
678
678
678
694
695
704
725
725
725
725
725
725
728
747
747
747
757
768
788
788
804
804
809
809
820
824
824
824
824
850
855
855
856
856
871
871
871
888
888
917
962
991
991
1004
1022
1022
1022
1058
1075
1075
1099
1119
1135
1137
1169
1169
1169
1169
1222
1268
1268
1268
1320
1320
1335
1335
1347
1375
1378
1378
1378
1378
1378
1394
1417
1419
1419
1420
1420
1432
1432
1432
1439
1439
1439
1440
1440
1441
1452
1463
1471
1471
1488
1493
1497
1497
1515
1529
1529
1529
1556
1567
1571
1571
1571
1571
1571
1586
1586
1586
1587
1622
1643
1655
1675
1675
1675
1679
1683
1683
1683
1683
1683
1714
1717
1717
1719
1719
1729
1743
1743
1757
1759
1783
1818
1831
1831
1842
1869
1869
1898
1907
1916
1916
1939
1953
1970
1970
1992
1992
1996
1996
2028
2054
2059
2059
2083
2083
2103
2111
2127
2127
2127
2127
2140
2140
2166
2166
2188
2197
2197
2199
2202
2205
2209
2215
2221
2221
2221
2221
2221
2237
2237
2251
2252
2252
2253
2253
2266
2272
2277
2277
2277
2277
2293
2305
2306
2306
2306
2310
2310
2333
2333
2333
2355
2377
2386
2403
2435
2435
2435
2465
2506
2506
2506
2523
2523
2547
2558
2566
2593
2593
2601
2629
2629
2639
2639
2657
2685
2721
2721
2721
2731
2733
2768
2788
2803
2803
2847
2890
2901
2938
2938
2938
2957
2957
2983
3021
3025
3028
3039
3051
3055
3086
3096
3110
3110
3110
3126
3126
3170
3172
3191
3194
3194
3194
3203
3213
3224
3224
3224
3224
3224
3244
3244
3252
3252
3273
3287
3289
3289
3289
3296
3306
3330
3330
3330
3330
3333
3337
3339
3339
3339
3339
3339
3357
3357
3357
3368
3385
3385
3385
3427
3428
3431
3456
3486
3486
3486
3487
3487
3497
3509
3516
3533
3533
3554
3570
3570
3576
3576
3580
3611
3647
3647
3648
3654
3666
3689
3703
3730
3732
3742
3767
3767
3782
3782
3782
3786
3786
3807
3829
3829
3829
3851
3862
3862
3889
3892
3899
3899
3899
3919
3919
3967
3967
3979
4000
4000
4000
4000
4008
4008
4008
4008
4032
4032
4054
4062
4084
4084
4102
4102
4102
4102
4102
4102
4104
4130
4137
4137
4137
4141
4159
4159
4159
4159
4159
4184
4202
4214
4220
4235
4250
4250
4250
4292
4327
4334
4361
4377
4381
4381
4390
4390
4416
4422
4458
4485
4485
4491
4503
4503
4503
4503
4514
4550
4569
4569
4571
4571
4573
4590
4604
4648
4650
4677
4699
4702
4707
4707
4712
4721
4733
4764
4786
4790
