0
0
0
0
0
0
0
0
0
0
0
0
0
0
0
0
0
0
0
0
0
0
0
0
0
5
8
9
9
26
26
26
36
36
36
36
52
52
52
64
65
69
74
74
74
74
74
75
75
75
75
100
101
101
101
104
104
104
104
104
104
104
104
104
104
104
127
138
149
164
178
178
178
178
178
178
185
188
188
188
189
220
226
240
241
259
266
269
269
269
269
269
269
269
269
269
269
269
269
269
273
273
273
273
273
273
273
273
273
273
273
273
273
273
273
273
273
273
273
273
273
273
273
273
273
273
273
273
273
273
273
273
287
310
310
315
315
315
315
315
315
322
322
322
322
322
322
322
322
322
322
322
326
335
335
335
335
335
335
335
343
351
376
389
405
405
405
405
405
405
416
416
416
420
420
436
459
462
462
462
474
476
476
476
476
476
476
476
476
486
486
486
486
486
486
486
486
486
486
486
486
486
486
486
486
486
486
486
486
486
486
486
486
486
486
486
486
486
486
486
486
486
486
486
486
498
505
525
527
533
533
533
533
533
533
535
536
536
536
546
556
556
558
563
566
566
566
566
566
566
566
566
566
566
566
566
572
582
589
592
592
592
592
592
600
614
614
614
614
614
618
624
633
633
633
633
633
633
633
633
633
633
633
633
633
636
636
636
636
636
636
636
636
636
636
636
638
646
646
646
646
646
651
655
655
655
655
655
655
655
655
655
655
655
655
655
655
655
655
655
664
686
689
689
689
689
689
689
689
689
689
689
689
701
701
701
710
710
710
710
710
710
710
710
710
710
710
710
710
710
710
710
710
710
710
710
710
710
710
710
710
710
710
710
710
710
710
710
710
710
710
710
710
710
710
710
710
710
710
710
710
710
710
710
710
710
710
710
710
710
710
712
712
712
712
712
727
727
727
727
727
727
727
727
727
727
727
727
727
727
727
727
730
737
759
781
796
796
821
821
821
821
821
821
821
823
823
823
826
826
833
838
838
838
838
838
838
838
838
838
838
838
838
838
838
838
842
848
848
848
848
848
848
848
848
848
848
848
848
848
848
848
848
848
848
856
856
856
859
863
863
866
871
871
871
871
871
871
871
887
889
889
900
900
906
910
910
910
910
910
927
928
928
928
930
933
933
933
933
933
933
