0
59899
119552
179215
238798
298546
358280
418085
477638
537334
596990
656804
716591
776149
835985
895740
955488
1015253
1074682
1134294
1194211
1254251
1313853
1373102
1432651
1492289
1551621
1611036
1670784
1730595
1790226
1850192
1909813
1969359
2029178
2088810
2148372
2208079
2267510
2327311
2386977
2446573
2506682
2566462
2626189
2685823
2745283
2804915
2864347
2924342
2983558
3043246
3103203
3162700
3222503
3282071
3341770
3401956
3461835
3521347
3581097
3640956
3700151
3759692
3819372
3878991
3938515
3998070
4057431
4116633
4176262
4235660
4294908
4354655
4414223
4473944
4533957
4593568
4653197
4713067
4772859
4832476
4892179
4951888
5011200
5070712
5130164
5189903
5249323
5308827
5368691
5428209
5488097
5547897
5607538
5667324
5726724
5786061
5845617
5905484
5965092
6025230
6084976
6144734
6204422
6263875
6323248
6382876
6442417
6501913
6561580
6621044
6680553
6740167
6799985
6859632
6919204
6978689
7038391
7098152
7158081
7217873
7277235
7336696
7396417
7455958
7515563
7575075
7634931
7694263
7754173
7814146
7873730
7933252
7992967
8052636
8111980
8171710
8231340
8290972
8350420
8410163
8469854
8529316
8589199
8649000
8708485
8768251
8828109
8887700
8947191
9006883
9066561
9126082
9185334
9245070
9304680
9364384
9424212
9483912
9543374
9602830
9662827
9722318
9782099
9841958
9901625
9961170
10021188
10080627
10140029
10199703
10259441
10319161
10378368
10437667
10497243
10556927
10616704
10676201
10735765
10795195
10854639
10914014
10973544
11032822
11092709
11152400
11212412
11272211
11332025
11391772
11451698
11511077
11570622
11630240
11689504
11749143
11808769
11868250
11927637
11987046
12046686
12106085
12165612
12225314
12285403
12345041
12404711
12464357
12523899
12583605
12643070
12702354
12762180
12821836
12881433
12941023
13000665
13060310
13120164
13180197
13240026
13299458
13359190
13418850
13478549
13538050
13597838
13657626
13717157
13776834
13836734
13896510
13956366
14015873
14075658
14135001
14194529
14254273
14314040
14373818
14433382
14493207
14552736
14612358
14672421
14732001
14791836
14851827
14911162
14970859
15030287
15090001
15149591
15209186
15269128
15328571
15388303
15447761
15507218
15567148
15626767
15686628
15746253
15806005
15865957
15925717
15985444
16044741
16104639
16164517
16223904
16283302
16343202
16402909
16462488
16522292
16582009
16641254
16700905
16760514
16820231
16879833
16939645
16999266
17058789
17118581
17178954
17238458
17298055
17357539
17416950
17476517
17536203
17595284
17655331
17715058
17774351
17833947
17893850
17953870
18013483
18072892
18132234
18192333
18252223
18311540
18371460
18431233
18490661
18550302
18610440
18670051
18729446
18789169
18849056
18908937
18968873
19028779
19088095
19147940
19207465
19267299
19326930
19386460
19446485
19506000
19565339
19624977
19684572
19744208
19803595
19863430
19923246
19982677
20042205
20101634
20161504
20221102
20280846
20340592
20400295
20459853
20519479
20579398
20639093
20698876
20758662
20818428
20878076
20938040
20997580
21057267
21116966
21176783
21236692
21296189
21355871
21415702
21475419
21534909
21594631
21654265
21713776
21773343
21833159
21892878
21952298
22011729
22071432
22130714
22190500
22250108
22310122
22369698
22429168
22488814
22548274
22607771
22667305
22727032
22786673
22846204
22905834
22965339
23024734
23084332
23144114
23203833
23263198
23322751
23382438
23442199
23501886
23561850
23621472
23680944
23740477
23799908
23859626
23919353
23979024
24038803
24098112
24157582
24217493
24277044
24336889
24396690
24456211
24515757
24575337
24635165
24694588
24753818
24813029
24872585
24932026
24992175
25051927
25111801
25171652
25231213
25291069
25351176
25410614
25470221
25529836
25589686
25649070
25708649
25768610
25828163
25887660
25947425
26007240
26067052
26126751
26186538
26246012
26305882
26365719
26425109
26484529
26544136
26603673
26663487
26723463
26783061
26842751
26902649
26962387
27022155
27081984
27141431
27201165
27261058
27320993
27380710
27440418
27499720
27560033
27619797
27679710
27739343
27799191
27858863
27918373
27978112
28037303
28096914
28156549
28216119
28275816
28335188
28394858
28454244
28513972
28573539
28633636
28693166
28752868
28812590
28872316
28931784
28991446
29050930
29110567
29170307
29229701
29289192
29348812
29408696
29468427
29527594
29587082
29646476
29706209
29766225
29825918
