1
1655085125
1653915448
1656652176
1652439700
1661484168
1656032436
1656311545
1655787161
1650988410
1657095066
1649520618
1658482490
1647684717
1651480572
1651229066
1653138906
1658026195
1654205604
1663265365
1663752289
1657728707
1658774414
1655260269
1651680091
1659795940
1650820181
1653396709
1652429400
1651512475
1656571663
1656745682
1654166447
1657994858
1649794135
1655950073
1662017086
1656325474
1660719816
1647751695
1656788681
1656754811
1651307029
1653165007
1655624267
1657423982
1659505938
1661979602
1660725374
1656744281
1657514103
