0
61796
123755
185559
247347
309317
371267
433074
494924
556825
618725
680601
742532
804407
866284
928136
989989
1051924
1113684
1175574
1237429
1299356
1361134
1422968
1484981
1546771
1608687
1670485
1732358
1794365
1856218
1918118
1980108
2042025
2103911
2165775
2227686
2289540
2351407
2413342
2475160
2537067
2599023
2660921
2722865
2784692
2846583
2908457
2970201
3032061
3093911
3155761
3217635
3279323
3341139
3403045
3464968
3526753
3588726
3650460
3712394
3774255
3836002
3897949
3959876
4021597
4083508
4145237
4207198
4268914
4330877
4392767
4454670
4516457
4578285
4640295
4702151
4764091
4826072
4887898
4949932
5011834
5073672
5135515
5197362
5259269
5321187
5382987
5444822
5506718
5568565
5630483
5692397
5754229
5816015
5877823
5939752
6001578
6063488
6125310
6187153
6249083
6310906
6372765
6434646
6496635
6558443
6620349
6682254
6744146
6805966
6867846
6929659
6991548
7053445
7115253
7177056
7238980
7300921
7362803
7424666
7486544
7548311
7610314
7672179
7734057
7796021
7857953
7919910
7981796
8043809
8105749
8167665
8229465
8291281
8353192
8415187
8477027
8538932
8600866
8662781
8724638
8786445
8848284
8910188
8972028
9033905
9095714
9157570
9219465
9281400
9343210
9405007
9466797
9528719
9590418
9652206
9714154
9775997
9837723
9899605
9961423
10023357
10085239
10147192
10209070
10271028
10332797
10394629
10456663
10518473
10580322
10642128
10704006
10765983
10827880
10889669
10951525
11013403
11075157
11137055
11198844
11260658
11322501
11384299
11446256
11508181
11570021
11631872
11693590
11755559
11817352
11879223
11941095
12003005
12064900
12126719
12188659
12250587
12312430
12374271
12436147
12498098
12560015
12621946
12683914
12745750
12807646
12869541
12931429
12993205
13055111
13116978
13178872
13240558
13302442
13364280
13426219
13488107
13550083
13611896
13673910
13735756
13797547
13859518
13921465
13983292
14045096
14106963
14168908
14230850
14292754
14354642
14416527
14478471
14540278
14602054
14663902
14725825
14787657
14849452
14911319
14973170
15035094
15096961
15158756
15220638
15282431
15344366
15406196
15468059
15529920
15591847
15653496
15715389
15777166
15839099
15900954
15962819
16024662
16086641
16148342
16210185
16272194
16334037
16395870
16457748
16519600
16581462
16643390
16705166
16766941
16828820
16890618
16952562
17014439
17076362
17138187
17200001
17261936
17323813
17385725
17447575
17509384
17571364
17633202
17695171
17757006
17818926
17880869
17942719
18004774
18066696
18128518
18190458
18252244
18314160
18376122
18437926
18499839
18561705
18623672
18685539
18747343
18809167
18871060
18932896
18994772
19056500
19118327
19180123
19242090
19303940
19365822
19427726
19489665
19551509
19613313
19675342
19737255
19799080
19860854
19922670
19984665
20046615
20108579
20170409
20232208
20294134
20355916
20417710
20479606
20541520
20603334
20665162
20727061
20788906
20850811
20912603
20974368
21036230
21098132
21160087
21221940
21283855
21345663
21407493
21469278
21531174
21592981
21654855
21716642
21778554
21840503
21902410
21964239
22026002
22087872
22149790
22211600
22273527
22335462
22397458
22459404
22521156
22582968
22644906
22706700
22768660
22830508
22892518
22954382
23016186
23078047
23139905
23201800
23263643
23325385
23387435
23449204
23511126
23573020
23634904
23696829
23758684
23820630
23882528
23944405
24006309
24068170
24130085
24192105
24254027
24315940
24377864
24439799
24501708
24563484
24625303
24687271
24749190
24811038
24872729
24934601
24996425
25058400
25120181
25182049
25243843
25305819
25367640
25429459
25491374
25553306
25615114
25676940
25738725
25800755
25862578
25924495
25986345
26048246
26109992
26171823
26233702
26295632
26357494
26419332
26481175
26543085
26604918
26666863
26728599
26790484
26852379
26914299
26976243
27038057
27099926
27161747
27223581
27285371
27347304
27409114
27470934
27532867
27594708
27656593
27718525
27780438
27842274
27904156
27966070
28027880
28089781
28151721
28213576
28275475
28337354
28399145
28461066
28522857
28584695
28646536
28708525
28770276
28832058
28894012
28955828
29017772
29079573
29141437
29203448
29265263
29327282
29389197
29451065
29513010
29574857
29636934
29698735
29760677
29822605
29884446
29946311
30008349
30070203
30132117
30194046
30255891
30317757
30379537
30441369
30503203
30565122
30626970
30688725
30750544
30812378
30874307
30936066
