0
0
0
24
72
88
110
126
153
162
162
177
195
195
195
203
235
235
235
238
260
260
286
286
292
306
315
323
323
326
326
326
348
399
425
428
438
438
455
455
455
455
455
493
504
504
532
532
550
575
586
586
609
609
609
609
630
648
648
648
685
694
701
724
727
747
779
779
779
779
811
853
858
858
864
909
909
909
909
909
910
925
925
925
934
934
957
1004
1032
1051
1126
1155
1168
1230
1230
1230
1230
1242
1265
1275
1328
1339
1341
1365
1365
1408
1418
1418
1418
1434
1456
1460
1460
1460
1461
1463
1482
1482
1482
1496
1509
1524
1540
1540
1543
1544
1544
1565
1575
1575
1607
1614
1614
1626
1626
1635
1635
1645
1662
1662
1706
1710
1731
1753
1766
1766
1777
1798
1798
1798
1826
1847
1847
1860
1909
1912
1912
1951
1965
1983
2001
2001
2001
2001
2051
2094
2098
2098
2098
2138
2142
2142
2142
2146
2146
2146
2146
2156
2175
2176
2203
2253
2262
2271
2327
2328
2366
2406
2406
2406
2406
2406
2429
2429
2491
2499
2499
2540
2540
2606
2618
2624
2624
2650
2677
2690
2690
2710
2716
2720
2741
2742
2757
2789
2793
2802
2809
2810
2826
2831
2831
2854
2854
2860
2903
2903
2910
2926
2934
2955
2955
2955
2972
2972
2991
2991
3032
3054
3058
3061
3061
3118
3119
3119
3155
3160
3160
3172
3217
3220
3225
3269
3277
3283
3294
3294
3294
3294
3332
3354
3354
3354
3366
3441
3446
3446
3448
3461
3461
3461
3461
3468
3484
3484
3491
3531
3533
3550
3599
3613
3644
3674
3702
3702
3702
3702
3702
3702
3744
3751
3751
3777
3785
3854
3867
3893
3901
3936
3956
3961
3961
3970
3976
3985
4012
4023
4028
4058
4058
4058
4058
4077
4115
4118
4118
4131
4131
4137
4179
4179
4203
4203
4204
4227
4227
4227
4233
4233
4242
4242
4243
4261
4262
4273
4275
4323
4323
4323
4334
4342
4342
4342
4370
4384
4414
4467
4468
4475
4481
4481
4485
4485
4513
4569
4569
4569
4573
4606
4614
4614
4619
4622
4622
4632
4641
4660
4663
4663
4663
4664
4669
4680
4709
4723
4770
4800
4830
4830
4830
4840
4840
4843
4917
4923
4923
4953
4953
4997
5040
5062
5062
5079
5108
5114
5114
5114
5114
5125
5154
5155
5175
5225
5225
5225
5225
5234
5249
5249
5249
5284
5284
5307
5327
5338
5347
5368
5368
5375
5375
5375
5377
5377
5377
5377
5401
5406
5406
5406
5406
5455
5456
5456
5470
5470
5470
5497
5520
5542
5556
5599
5601
5614
5621
5621
5621
5621
5635
5687
5695
5713
5726
5751
5772
5772
5772
5786
5791
5801
5801
5812
5814
5814
5815
5829
5832
5847
5847
5867
5891
5907
5922
5927
5927
5931
5931
5935
6007
6034
6034
6066
6066
6089
6106
6123
6140
6140
6142
6142
6142
6151
6151
6168
6188
6201
6201
6246
6248
6261
6261
6277
6292
