0
61829
123613
185487
247243
309238
371176
432990
494857
556621
618511
680339
742217
804145
865969
927967
989776
1051662
1113649
1175396
1237286
1299135
1361161
1423054
1484968
1546983
1608744
1670715
1732641
1794512
1856318
1918195
1980040
2041907
2103705
2165531
2227382
2289344
2351124
2413115
2474961
2536854
2598833
2660660
2722504
2784550
2846354
2908183
2970096
3031927
3093949
3155797
3217730
3279606
3341524
3403412
3465122
3526984
3588814
3650711
3712535
3774385
3836280
3898177
3959984
4021853
4083686
4145510
4207420
4269231
4331154
4393024
4454918
4516649
4578403
4640235
4702138
4764027
4825833
4887851
4949669
5011474
5073215
5135173
5197094
5258987
5320819
5382659
5444563
5506441
5568287
5630019
5691842
5753686
5815678
5877524
5939497
6001328
6063037
6124998
6186884
6248767
6310648
6372442
6434369
6496240
6558178
6620075
6681926
6743902
6805863
6867769
6929748
6991586
7053459
7115363
7177301
7239172
7301002
7362980
7424690
7486686
7548631
7610509
7672294
7734104
7795952
7857818
7919654
7981454
8043239
8105133
8166988
8228899
8290780
8352649
8414588
8476440
8538334
8600289
8662210
8723954
8785756
8847675
8909703
8971650
9033532
9095316
9157150
9219015
9280764
9342680
9404528
9466421
9528153
9590086
9651988
9713904
9775733
9837516
9899310
9961203
10023159
10084997
10146919
10208778
10270606
10332380
10394223
10456097
10517938
10579749
10641584
10703565
10765451
10827349
10889075
10950957
11012830
11074716
11136579
11198564
11260547
11322443
11384309
11446025
11507994
11569756
11631735
11693623
11755600
11817477
11879296
11941143
12003050
12064834
12126702
12188479
12250478
12312306
12374200
12436110
12497933
12559919
12621799
12683663
12745601
12807450
12869370
12931308
12993247
13055182
13117118
13179055
13240924
13302827
13364844
13426625
13488431
13550254
13612257
13674144
13735866
13797746
13859554
13921465
13983246
14045089
14106911
14168809
14230700
14292601
14354405
14416375
14478242
14540066
14601838
14663799
14725691
14787587
14849472
14911333
14973128
15034896
15096731
15158717
15220570
15282384
15344227
15406180
15468016
15529916
15591703
15653536
15715507
15777404
15839243
15901159
15963000
16024815
16086684
16148442
16210308
16272187
16334017
16395934
16457802
16519721
16581590
16643476
16705353
16767300
16829147
16891014
16952858
17014765
17076651
17138592
17200453
17262227
17324183
17385903
17447850
17509662
17571600
17633435
17695113
17757029
17818944
17880838
17942703
18004515
18066550
18128375
18190354
18252279
18314042
18376062
18437978
18499930
18561840
18623717
18685643
18747556
18809404
18871454
18933352
18995257
19057103
19118962
19180865
19242668
19304498
19366260
19428176
19490057
19551876
19613666
19675520
19737339
19799154
19861090
19922912
19984859
20046778
20108511
20170400
20232374
20294297
20356148
20417951
20479834
20541724
20603595
20665634
20727517
20789309
20851093
20912973
20974949
21036781
21098621
21160439
21222364
21284342
21346223
21408000
21469855
21531750
21593642
21655488
21717388
21779300
21841062
21902933
21964692
22026512
22088321
22150181
22212037
22273792
22335645
22397528
22459394
22521300
22583214
22645066
22707027
22768861
22830772
22892684
22954561
23016461
23078177
23140191
23201873
23263923
23325698
23387558
23449389
23511192
23573127
23635026
23696856
23758787
23820585
23882659
23944450
24006343
24068368
24130278
24192203
24254068
24315967
24377872
24439777
24501690
24563576
24625396
24687420
24749349
24811245
24873083
24934992
24996905
25058774
25120516
25182364
25244283
25306111
25367912
25429725
25491670
25553545
25615413
25677301
25739020
25800891
25862773
25924472
25986398
26048297
26110085
26171903
26233705
26295609
26357501
26419304
26481195
26543101
26604907
26666637
26728586
26790535
26852427
26914320
26976193
27038180
27100204
27162042
27223834
27285734
27347568
27409476
27471328
27533185
27595106
27656896
27718861
27780763
27842544
27904489
27966346
28028259
28090056
28151929
28213850
28275707
28337653
28399536
28461404
28523310
28585173
28647065
28708912
28770836
28832762
28894603
28956608
29018369
29080306
29142102
29203980
29265794
29327624
29389552
29451384
29513261
29575197
29637004
29698949
29760728
29822644
29884598
29946487
30008443
30070304
30132192
30194114
30256040
30317811
30379678
30441500
30503514
30565435
30627317
30689204
30751150
30813010
30874769
30936631
