1
69474693
69807097
69161535
69537689
69676399
69569364
69788889
69488820
69927819
69551965
69643299
69366539
69401188
69407120
69532648
69482368
69598704
69272513
69797714
69255866
69197848
69397647
69832970
69186676
69496108
69453437
69630334
69443917
69712014
69456328
69483761
69591333
69356281
69696407
69539923
69434355
69424837
69765750
69220025
69379912
69222749
69309078
69527091
69190493
69573688
69851977
69402884
69065126
69394273
69509488
69407842
69528158
69494698
69665853
69155179
69320582
69531622
69616859
69483495
69547501
69301090
69908476
69753304
69454473
69649199
69255313
69541329
69508637
69525933
69646512
69417641
69220056
69390382
69589759
69451295
69426047
69633274
69735887
69611325
69410669
69281771
69288102
69302515
69652700
69659305
69730256
69463390
69428562
69827678
69552801
69642335
69549391
69403581
69720397
69224997
69735391
69580076
69594707
69181128
69642046
69483016
69351988
69622057
69663781
69364829
69613865
69372844
69610634
69471476
69635521
69759262
69181814
69462797
69301249
69481510
69891140
69430101
69597018
69867671
69752621
69443177
69459308
69733812
69826437
69658853
69534535
69611543
69655708
69546197
69468429
69530090
69421324
69433349
69636331
69123166
69494549
69301082
69352244
69552900
69277069
69668545
69422520
69568221
69464789
69572273
69324713
69323690
69340251
69371002
69278902
69477100
69765581
69395922
69453718
69474151
69558036
69343366
69523288
69599221
69459469
69336209
69618264
69505221
69649154
69309693
69406602
69270584
69517536
69391604
69364721
69445779
69221238
69455330
69362114
69603519
69556820
69207624
69353382
69666650
69287909
69585582
69368197
69680985
69432330
69649277
69806578
69644913
69624938
69443708
69813284
69599037
69190507
69554028
69676885
69475703
69700685
69365533
69702079
69620099
69579075
69276297
69754891
69417384
69456146
69292439
69538558
69771847
69562343
69581640
69602403
69326559
69277384
69907223
69600897
69333527
69338871
69433007
69328784
69328355
69557298
69440697
69658923
69661840
69547011
69182580
69975311
69255060
69392360
69281848
69558198
69464420
69041962
69386975
69294531
69231416
69561393
69324246
69337311
69848501
69811382
69360551
69307569
69652619
69524561
69397622
69654689
69734812
69384452
69254845
69746682
69321729
69844238
69238909
69622364
69599274
69563697
69226371
69299295
69391863
69322463
69434527
69477205
69508049
69280563
69539130
69536137
69747994
69756118
69566119
69563687
69696630
69361314
69605077
69121491
69215943
69479680
69590053
69583556
69555876
69430372
69293351
69406994
69398139
69161903
69349345
69284669
69753673
69590489
69474989
69464857
69030295
69524787
69520013
69675377
69385500
69234377
69872787
69384644
69468398
69311587
69616437
69188685
69338251
69690713
69314274
69572528
69443462
69546120
69733316
69404770
69332128
69498804
69735695
69622345
69858823
69439775
69287833
69383990
69427344
69731660
69618849
69625827
69551222
69615574
69749896
69429534
69304165
69566369
69561720
69300855
69611207
69669643
69321687
69479775
69365376
69692321
69700911
69532874
69762297
69199564
70035525
69521828
69506916
69349652
69658662
69701146
69455383
69614624
69150755
69373629
69222363
69455733
69412644
69246649
69651564
69642682
69416763
69290935
69313435
69343063
69828141
69442563
69259651
69307456
69466610
69682943
69330362
69542873
69927594
69687948
69543268
69158449
69290415
69521366
69827718
69618922
69908896
69473719
69445633
69594203
69642616
69310607
69757805
69544822
69874621
69570750
69593474
69307151
69340182
69751107
69295005
69610891
69507985
69606580
69413898
69377112
69412246
69532845
69542633
69482190
69626250
69714904
69659730
69385334
69553940
69180278
69757734
69525975
69351506
69497291
69542498
69481216
69642346
69518857
69804744
69774967
69310593
69555271
69461487
69198054
69563692
69535689
69486593
69762500
69424274
69737767
69263115
69456731
69363282
69334859
69489162
69588748
69714600
69582345
69305348
69658865
69381574
69473990
69413718
69609494
69550763
69564521
69506587
69321565
69685766
69344300
69349510
69513567
69268620
69910963
69597044
69215639
69827911
69131356
69509393
69295816
69309560
69481539
69283087
69764524
69426602
69265112
69839044
69145234
69480394
69457397
69581326
69469292
69712417
69253017
69298505
69409990
70000826
69746313
69472933
69758704
69452945
69172811
69659993
69668909
69631543
69724357
69342490
69602820
69315040
69914788
69679545
69861840
69446169
69930555
69486226
69080383
69447840
69143658
69256068
69531689
69643497
69652366
69577190
69330676
