0
0
0
0
0
0
0
2
7
7
7
11
29
29
29
33
33
33
33
35
35
35
35
35
49
49
49
49
49
58
58
58
60
60
88
108
116
116
119
120
120
120
138
148
148
156
177
179
187
197
197
197
197
242
251
251
251
276
279
287
292
293
310
310
310
310
310
310
314
326
328
328
328
328
328
328
328
328
328
328
328
328
328
328
333
333
333
339
339
339
339
352
353
353
353
363
371
372
372
372
372
372
373
373
373
378
399
401
402
415
415
415
415
415
415
415
415
415
430
430
430
430
430
430
438
441
441
441
460
471
477
477
489
489
496
498
506
507
507
517
527
529
534
542
543
545
545
572
576
582
582
592
592
599
614
617
617
617
617
617
617
627
627
643
646
646
646
646
646
646
646
646
646
646
646
651
651
651
657
657
657
657
657
658
662
662
662
662
662
670
674
674
674
674
674
674
680
680
684
704
705
712
715
735
735
735
753
772
772
772
775
775
787
787
802
802
802
802
819
819
819
819
830
845
861
861
861
861
865
869
883
894
894
914
946
946
969
969
969
975
975
997
1009
1009
1009
1016
1017
1020
1045
1051
1054
1054
1054
1059
1059
1077
1077
1090
1091
1091
1091
1091
1101
1101
1101
1101
1101
1105
1107
1107
1108
1108
1115
1122
1122
1122
1122
1122
1122
1137
1137
1137
1137
1137
1137
1137
1137
1137
1137
1137
1139
1139
1141
1151
1152
1152
1152
1174
1174
1174
1184
1201
1201
1201
1201
1201
1210
1210
1223
1223
1223
1230
1234
1234
1234
1234
1234
1264
1269
1269
1269
1269
1272
1279
1287
1304
1304
1311
1325
1328
1333
1333
1333
1333
1335
1344
1349
1349
1349
1358
1368
1368
1379
1379
1381
1381
1382
1388
1388
1410
1410
1419
1424
1424
1424
1424
1424
1424
1424
1424
1434
1439
1441
1441
1453
1453
1458
1458
1458
1458
1458
1458
1458
1473
1473
1473
1473
1479
1482
1482
1482
1482
1482
1500
1504
1507
1514
1522
1523
1523
1523
1542
1568
1568
1582
1589
1590
1590
1590
1590
1606
1606
1631
1637
1637
1637
1637
1637
1637
1637
1651
1672
1672
1672
1672
1672
1672
1676
1686
1706
1707
1715
1725
1726
1726
1726
1726
1726
1737
1758
1762
1762
1762
1780
1780
1780
1789
1789
1792
1792
1805
1810
1810
1822
1822
1831
1839
1839
1839
1839
1850
1850
1850
1850
1850
1857
1862
1862
1873
1873
1873
1873
1878
1878
1878
1878
1878
1884
1884
1884
1884
1884
1884
1884
1884
1884
1884
1920
1934
1936
1944
1944
1944
1944
1947
1971
1995
1995
2008
2021
2021
2021
2021
2021
2021
2030
2058
2060
2060
2060
2078
