0
0
1
26
26
26
29
36
36
38
51
68
95
106
107
111
111
111
111
111
140
156
156
156
165
173
177
177
177
177
183
183
193
196
196
196
196
196
196
212
227
244
274
287
295
295
295
295
295
301
342
342
348
355
358
395
414
415
415
427
438
441
441
441
441
458
460
462
486
503
503
503
503
503
507
507
507
523
531
533
545
545
549
558
558
558
558
558
558
558
558
558
566
569
569
569
569
594
595
595
598
598
605
613
635
648
662
679
685
686
686
686
686
686
697
727
727
737
755
763
770
770
783
783
786
786
787
787
787
787
793
793
795
798
805
817
827
835
847
851
851
851
851
851
905
910
910
923
923
934
947
957
964
964
964
964
964
967
967
985
989
994
1000
1016
1025
1025
1025
1029
1032
1032
1032
1046
1053
1053
1085
1089
1092
1101
1101
1101
1102
1110
1130
1130
1130
1130
1134
1134
1134
1134
1134
1152
1152
1152
1152
1152
1152
1152
1182
1196
1222
1236
1240
1240
1244
1244
1244
1244
1266
1292
1292
1310
1327
1327
1329
1329
1345
1345
1345
1345
1362
1362
1362
1362
1369
1369
1369
1378
1378
1378
1382
1385
1387
1387
1387
1387
1387
1397
1443
1443
1443
1444
1444
1450
1450
1450
1450
1465
1476
1476
1477
1486
1486
1506
1513
1513
1513
1520
1520
1520
1526
1527
1531
1531
1535
1548
1560
1564
1568
1580
1588
1600
1600
1600
1603
1618
1642
1642
1642
1656
1665
1665
1665
1665
1665
1667
1667
1667
1667
1667
1672
1684
1727
1734
1757
1791
1801
1827
1840
1840
1840
1840
1845
1861
1876
1900
1900
1903
1910
1910
1935
1935
1935
1935
1951
1951
1951
1951
1951
1951
1954
1955
1955
1955
1966
1966
1983
1983
1983
1983
1983
1983
1998
1998
2006
2018
2018
2018
2021
2021
2021
2021
2031
2031
2054
2061
2061
2080
2089
2089
2091
2093
2102
2102
2109
2120
2126
2126
2140
2160
2160
2171
2186
2198
2198
2199
2199
2199
2205
2230
2251
2251
2251
2260
2272
2272
2272
2272
2272
2272
2272
2272
2278
2278
2285
2306
2333
2339
2359
2374
2376
2416
2425
2425
2425
2425
2425
2430
2444
2475
2475
2489
2494
2503
2536
2536
2536
2536
2560
2571
2571
2571
2583
2583
2585
2591
2596
2612
2624
2624
2633
2633
2633
2635
2635
2635
2643
2643
2666
2672
2672
2672
2676
2693
2693
2693
2693
2697
2704
2706
2707
2741
2743
2744
2744
2759
2776
2776
2793
2793
2793
2793
2820
2823
2823
2834
2850
2851
2853
2861
2861
2861
2867
2886
2891
2891
2891
2929
2940
2944
2944
2947
2947
2947
2947
2947
2947
2949
2949
2962
2971
2983
3000
3013
3031
3048
3070
3074
3074
3074
3074
3074
3074
3099
3099
3100
3111
3130
3158
3163
3174
