1
171456856
169975929
171741187
169142651
172017635
169760099
169735440
168964502
171038944
168724628
169188236
167590331
171539122
170661323
169775987
169210159
171418001
170015775
169963626
171829228
169838508
170932125
171929686
171688280
170937976
172861222
170188865
170539168
170827556
167985033
171480435
170150506
169081345
170540030
169591174
170761472
170144287
170119985
171430464
167860330
170579394
169501246
171697728
171808058
169274641
171658534
171680452
169752326
170261266
169806213
167982960
169964957
171173317
171551598
171761166
170283858
169948181
169254050
170722165
172060622
170193658
170470301
172429714
171968826
171003554
169109514
171193480
172316888
169052326
170115573
171028098
170759053
170030923
167378507
170043436
171194623
170666531
169980552
170482723
170030853
170980874
171921536
171605362
169797042
171759760
170593418
170378453
169101454
170234579
170907803
169763780
170812197
169386846
168347764
171200605
170929692
170391687
170440797
169612420
171431973
171298758
170055933
170234234
170618644
168808681
170498179
168371455
168824898
169220330
169092206
169663812
170421826
171282392
169285378
170385354
170907671
169307637
172057940
169606177
169050647
169438936
170754387
171683645
171323900
170773511
169640024
170669554
170089832
169485823
170394701
171001114
169694302
170056870
170378501
169355914
171128647
169220629
169288936
170178694
171362341
168062702
172426853
169007310
169447771
169648508
170015742
170708175
170095330
169623321
169715451
170937528
168562287
170040319
171040722
170452787
169881479
171833595
170346958
172212725
169528718
170396821
171443114
171921499
172386471
169826735
171528153
169604417
170038041
172515791
170384986
170282208
171072231
171018595
170537098
169413832
170219645
171095747
168824445
171066842
169690287
168742356
171244456
168820248
169069021
169577918
171417297
171446125
170675245
172231412
169831683
171165173
170567963
168657096
169622528
171364233
169778310
170327236
170672344
171968777
168880562
169387511
169651477
169211252
169814911
170142965
168015782
171017600
169587178
169567333
171625448
169217074
170652288
171734191
169533390
171185982
169809250
170479077
169810657
169612179
168706247
170885218
171514287
168973766
170973457
169300583
169656012
171840267
170793656
169441552
171958344
169274094
169669962
168627209
169834577
169300616
170456801
169935405
170358858
171836946
170897697
170901552
169457228
172800584
171336689
169492787
171917141
171060983
169845423
168620885
171502589
170670828
171164227
170412456
170510280
171406695
171960463
169826110
170811668
169165621
171416395
170650177
170379538
170662841
168959829
170254087
170985652
170569693
168020704
170716457
169176839
170561258
169417438
171207082
170079058
170272415
168522450
169378193
167951424
170516713
170829219
170024878
170547843
170387593
171082570
170046868
169285673
166884512
170685552
169397759
171672560
170683711
169881527
171437797
171188548
169930589
167308290
171973378
168996327
170750105
170827494
171482981
169142994
172284254
171898170
170626985
171441019
170171753
170910370
170859482
167394202
169853978
171321580
169145052
171956101
169319016
170769221
167688437
170412991
169848717
173225158
168454237
170144110
170778442
171081032
170250879
169610237
170372244
169686159
169801157
171388843
169612389
170592131
170553429
169086582
168855019
170387046
170516786
172078871
168234089
170569980
170278723
171341643
171536316
169163849
169970021
169474426
168892577
169811078
171623942
172102811
169458132
170959646
170129650
171621762
170897359
170526621
170160424
171978953
170344305
169635219
169479479
170613572
171166875
169704256
169022338
170103798
170810271
170874144
169763643
169577502
170367025
169934390
172092846
169195390
170368147
171220575
172306569
170445563
170924005
168924983
171438214
171957569
167907022
169587722
170057186
167909059
170368549
168610435
169502199
170541862
172010163
172763708
170956122
170713495
170405379
170416357
168247189
168972733
169815056
172023706
170092226
170234077
171390403
169695465
171515284
171412687
169431264
171032814
169599772
171114273
171285868
170961315
171294573
171761970
167538357
169994623
172892407
170909008
172831245
171042665
169266243
169628827
171866913
171450635
171611151
169439726
170697401
170147992
169167423
170612271
170885090
170151218
170378061
170765940
169691653
169631216
170242488
172780681
172523111
170883989
170321243
167912345
172168936
169993815
170157339
170524900
171345295
170329430
169956530
169423276
170210350
171414841
170207772
170863086
171389607
169227710
170145828
169232473
170018001
168731129
169449328
171885563
169789301
171482679
169642792
169757882
169356358
170386704
170473612
170774871
169867676
172337191
168149510
169920259
169761956
171458523
168935730
171812540
171034108
168820056
172235010
169552481
168434809
170641425
171659852
171031838
170110514
171248253
170221817
171864862
169819871
168409470
170768155
170820196
168638168
171346155
170174544
169795214
171405512
167135044
