0
0
0
1
11
22
29
46
46
68
83
83
88
88
90
122
158
158
158
166
172
187
202
241
244
254
276
277
293
293
293
297
297
315
336
336
336
357
370
370
397
399
407
407
407
429
429
476
476
476
508
508
508
508
517
517
517
517
541
541
560
567
588
589
606
606
606
606
606
606
609
630
640
640
640
642
661
661
661
661
661
667
704
717
717
739
753
753
753
794
816
835
860
871
880
880
880
887
909
919
954
981
981
986
998
998
998
998
1007
1044
1062
1062
1065
1065
1065
1080
1085
1141
1141
1169
1175
1194
1198
1198
1205
1215
1222
1248
1280
1280
1284
1322
1323
1323
1350
1351
1365
1365
1365
1397
1402
1416
1427
1432
1463
1463
1463
1463
1476
1486
1486
1486
1486
1486
1512
1512
1533
1533
1536
1536
1539
1556
1556
1556
1556
1563
1578
1578
1578
1581
1581
1581
1581
1587
1587
1617
1642
1676
1676
1700
1703
1703
1703
1753
1776
1790
1820
1835
1846
1846
1846
1849
1859
1860
1903
1936
1936
1936
1977
1978
1987
1987
2014
2055
2069
2069
2069
2069
2069
2069
2089
2111
2113
2146
2146
2171
2177
2180
2187
2191
2191
2206
2210
2211
2215
2239
2251
2251
2262
2262
2262
2262
2262
2280
2283
2294
2313
2313
2313
2313
2313
2313
2317
2335
2335
2335
2345
2356
2376
2376
2392
2392
2399
2399
2401
2415
2415
2415
2415
2442
2448
2448
2448
2448
2463
2463
2463
2480
2480
2499
2554
2583
2583
2595
2612
2612
2612
2647
2665
2665
2687
2708
2726
2728
2759
2759
2759
2759
2807
2857
2857
2857
2909
2911
2924
2924
2937
2965
2967
2967
2967
2967
2967
2983
3004
3009
3009
3010
3010
3023
3023
3023
3029
3029
3029
3029
3029
3029
3040
3051
3060
3060
3077
3081
3086
3086
3104
3116
3117
3118
3148
3159
3163
3163
3163
3163
3163
3178
3178
3178
3178
3213
3234
3245
3264
3264
3264
3269
3270
3273
3273
3273
3273
3304
3308
3308
3310
3310
3320
3335
3335
3348
3349
3375
3410
3420
3420
3431
3460
3460
3488
3495
3508
3508
3531
3540
3561
3561
3582
3582
3588
3588
3619
3646
3652
3652
3678
3678
3698
3700
3723
3723
3723
3723
3734
3734
3760
3760
3783
3793
3793
3795
3798
3800
3803
3811
3816
3816
3816
3816
3816
3829
3830
3840
3845
3845
3845
3846
3858
3864
3870
3870
3870
3870
3890
3902
3902
3902
3902
3906
3906
3929
3929
3929
3950
3973
3984
4002
4034
4034
4034
4066
4105
4105
4105
4123
4123
4145
4158
4164
4195
4195
4203
4226
4231
4241
4241
4258
4287
4323
4323
4323
4332
4332
4365
4384
4401
4401
4446
4488
4501
4534
4538
4538
4557
4557
4583
4621
4621
4626
4639
4649
4653
4684
4695
4709
4709
4711
4727
4727
4766
4772
4788
4794
4794
4794
4802
4813
4824
4824
4824
