1
170592786
169482644
170055345
170000676
171781498
171177086
170389881
170677175
169665992
170416317
168014391
170236913
168999250
169083732
168635895
173235487
169234685
170166554
170487049
170302511
170803749
170283329
172132641
170078188
169936718
172485105
169945576
172419297
171449694
170487015
172602921
169717956
168731230
170902135
169719133
169219777
170459862
169271858
170064830
170162470
169452946
171267855
169644666
168600060
170662377
171987884
171568441
170382584
171166674
170507436
169712459
171302033
167908612
169798177
170723287
170866436
171754360
172468389
170492006
169099493
170211072
171070301
170738598
170351236
170281201
172433055
172129852
171012755
169541325
171768877
170537752
169950092
170810320
169563107
171189307
168764310
168184405
170805799
169634107
170567273
170228086
170251193
170409864
170459861
171780227
171453102
170725518
171319355
169624516
170313373
168624763
170555805
170702924
169347967
171091707
167450028
170606349
170307135
170430281
171049198
170607470
169409307
171160428
170477195
170446346
170743560
169875679
169768265
168212069
168356203
169317736
168967923
170290373
169058303
170602456
170934190
168275639
171830803
169161901
170688462
171274600
170433826
169215741
170749235
170876981
169963163
171359977
170205475
170028825
170613981
169083937
171229564
170092414
170426533
168950370
171693832
170357689
170317686
170085424
169393695
169367074
171020489
169451613
171867175
169072630
170494484
169369662
169742210
170073181
170542885
170305777
170253056
170908144
169985738
168679429
171217261
170432579
169994875
170246367
172228471
171544468
171749270
169818794
170968686
170345978
173487760
171508538
170475282
169710010
169726853
171276530
171402188
171553502
171190276
171143642
171146750
169840431
169453226
170564539
170464783
169196860
171064982
169725068
169740095
169514358
170447449
169283043
170004779
170062289
171702419
171270407
171894788
169276127
169861261
170835531
167042155
170703637
171429581
169007168
171482099
170787158
170305063
169732611
169198716
169298330
170132089
169368116
170023958
169208124
169195302
169731940
171517280
169572837
170128285
171557261
169497208
170258513
170026395
169978552
170687790
170827831
168964750
168498991
172718767
169636062
170064202
171539305
168950040
171068643
171093875
171075727
170349841
170699702
169800032
168644315
168653115
170367243
169507980
170509092
169289169
171274841
171650369
170509890
170915239
170768564
171426403
171628399
171916475
171071277
170965023
169293570
169527621
171969973
171627469
170383789
170762211
170390995
171864831
171376214
169462501
169456605
170245792
172021376
170438464
171060443
169594025
169242680
170043990
171825038
169532067
169231404
169921057
169537312
170780478
169790285
170421297
169122099
170142790
169758509
169139655
168635721
171171940
170710844
169597416
171362652
171126735
170313387
169157148
168134837
168843274
170870215
168434878
172715397
169509829
171269880
170018462
171110734
169226430
168537318
171308845
168901474
171794741
169779377
169926726
171470528
173300853
169181511
171985663
171166085
169734719
172358727
168983205
168459908
171810222
169211994
168728540
171670250
168660284
169689138
168879215
169324696
170610542
170838982
169280597
171228589
170254432
171516895
169214870
170706768
168844409
169665786
170050640
171732463
169919481
170799754
170522936
168438957
169204116
170432152
172424795
169237518
168780135
170028024
171136193
170469769
170510090
168361479
169236355
169165186
169060664
169578633
172291800
171262058
169696775
171481880
170112070
171734096
169741739
169898470
170933358
170385482
171352174
169408071
170369017
170179443
171106476
168694284
169624474
170373490
170436028
170786203
168652197
171164909
169905768
169710807
171370068
169468263
171347278
170887081
171496172
171409743
169247665
171693578
171999368
170088803
167923041
170239561
168720950
168598595
169889268
168131187
169720200
171096780
170882845
173132821
171759870
169304873
170274879
170104041
168598343
170108747
170068267
171866837
169915064
170698800
171363888
169494314
170940505
170664295
171022230
169269244
170052369
171964644
170880534
171271239
172370280
170179485
168223774
170334766
172697010
172150388
171845695
170333546
170401758
170394622
171440682
171207626
170895560
169458885
171672581
170351587
168696537
170557256
171197430
170765642
170700656
169956181
169080341
170691552
171861131
173432675
171650742
171777337
168374547
169764895
172462871
170123718
171001404
169774933
171443428
170178523
169783706
169065425
172552782
170663658
169843028
171554255
170493169
169277753
169862553
169169155
169096260
169627496
171025869
170009662
170451590
171559157
168800901
170862247
169966036
170320504
170459254
170696773
170126128
170929591
168312092
169942305
170035072
171958720
169173897
171279197
170986725
170056274
170962318
168882943
168931756
171610525
172329604
169836506
169898396
171287389
172734735
169261119
169181989
170055321
171030998
169616184
170297845
171924353
168597123
