1
72825896
73138726
72629449
72959958
72719895
72830214
72537651
73135560
73004075
72908425
72938029
73067460
72937853
73010680
73121243
72475592
72896539
72595632
73154322
72686210
72733992
73042719
72799802
72917450
72873778
72976011
72881522
72696067
72970599
73130412
72696131
72694325
72563409
72618883
73242072
72929835
72918767
72856444
72785145
72850753
72519405
72856114
72641845
72655238
72607537
72832293
72866174
72990205
72773519
72326189
72782231
73156352
72834038
72882952
72818722
72772954
72707772
73244054
72911290
72698391
72704497
72618126
72653932
72654770
72614728
72803275
72488569
72885325
73410574
73153503
72746719
73241425
72901623
72931834
72845173
72845930
73146164
72780704
72969526
72858267
72507713
73046215
72711695
72776418
72600012
72528617
73106389
72805744
72449995
72991236
72818602
72703030
73282949
72511428
72946683
72789408
72960987
72982578
72694623
72892116
72894133
72941825
72640870
72763177
72978416
72695574
73033230
72996993
72757080
73058664
72917126
73212976
72468458
72890301
72792495
72782336
72801375
73098738
72648910
72986694
72846562
73184474
72546092
72938470
72808992
72658281
73265472
72985474
72714387
72594092
72940816
73000554
72684633
72945413
72961217
72513598
72992744
72550384
72574851
72737069
73042836
73139095
72937500
72811361
73078905
72970240
72692810
72738707
72474027
72785318
73131005
72864557
72659765
72965959
73098476
73216248
72963690
72831692
72751162
72879893
73007499
72675715
72987181
73051699
72810838
72410010
72962037
72771788
72596283
72918217
72747453
73211654
73025988
72869831
73385726
72691205
72523503
72869340
72671246
72723374
72693914
72960437
72866786
72733025
72922461
72846584
72900283
72911365
73207962
72733618
73226737
73083143
72663554
73077453
73016198
72885151
72964909
72703030
73024220
73046438
72887428
72467912
72886707
72672730
72716941
72849295
72762692
73010978
72784801
72754230
73119174
72736819
72511350
72843037
72428175
73041851
72875642
72653516
72712562
73055821
72686365
72655988
72837834
73029583
73152533
73114929
73070291
72980369
72931426
72782577
72697160
72566834
72823148
72820998
73246028
72656209
72826416
72529248
72841482
72895284
72870601
72512985
72946015
73025950
72806803
72854587
73106875
72578690
72755366
72520625
73026326
72871537
72921110
72627526
72623823
73151540
72947190
72768287
73087253
72957706
73109187
72777722
72692660
72864391
72610012
72998759
72622477
72837580
72805039
72917931
72615433
72905770
72737723
72807738
72737662
72703795
72850660
72762642
73138319
72746885
72880575
73185297
72947631
72981670
73277879
72802805
72698838
73050993
73009983
72814100
72817861
72846522
72768531
73096900
72944602
73102132
72680476
72858945
72810903
73240607
72752306
72457708
72972889
72984416
73063659
72913538
72698791
72751430
73050856
73045226
72891724
73147000
72804764
73078375
72930547
73242332
72907009
72728114
72626167
73035683
72945544
72859329
72996734
72820277
72657567
73093454
73016095
72700569
72630212
72576570
72650775
73054091
72670170
72872271
72850011
72875710
72620039
72948313
72968813
72842818
72655664
72776419
72936563
72778623
73079630
72787782
72735281
72361802
72904611
73202223
72466896
73151592
72850652
72892896
73095789
73139603
72822497
73122093
73078696
73126033
72935984
72954087
72915818
72850685
72747417
72947680
72929036
72962509
72592707
72699899
72674472
72848705
72831127
72993933
73136634
73019219
73155579
72515718
72870703
72537161
73093907
72407108
73077489
73221681
72873712
72875946
73019932
72716435
73271069
72617004
72631412
72843373
72900751
72872653
72970940
72729208
72870316
72626514
72986474
72719734
73056879
72611496
72967692
72877203
72822974
72796432
73016179
72693390
72828409
72967896
72638609
73184126
72708194
72599014
72605431
72815229
72794743
72883564
72642109
72962898
73228878
73259564
72738856
72861543
73011526
72920089
72878280
73109932
72955024
72826547
72878283
72935077
72871702
73187781
73380018
72865567
72607872
72664946
72939309
72923807
72836052
72766689
72869245
72915924
72700978
72544615
72861875
72972093
73090184
73005737
73197485
72744397
72836788
72825322
72810114
72516586
72855761
72826861
73067574
72771672
73080459
72713083
73044931
73004948
73073980
72752181
72905129
72636706
72756609
72476355
73037645
73034532
72846110
72589669
72932075
72824636
72801242
72875711
72565376
73177229
72738698
73027322
72805962
72675330
72977987
72924548
72877435
72687372
72813806
72799309
73085089
72815839
72500356
72959217
73091080
72829866
72549776
72911414
72653703
72776550
