0
0
0
0
0
0
0
0
0
0
0
0
0
0
0
0
0
0
0
0
0
0
0
0
0
0
0
0
0
0
0
0
0
0
0
0
0
0
0
0
0
0
0
0
0
0
0
0
0
6
16
44
45
51
51
51
51
51
51
54
57
57
57
67
81
81
87
90
94
95
95
95
95
95
95
95
95
95
95
95
103
114
124
128
128
128
128
128
137
155
155
155
155
155
158
169
178
178
178
178
178
178
178
178
178
178
178
178
178
183
183
183
183
183
183
183
183
183
183
183
187
196
196
196
196
196
200
206
206
206
206
206
206
206
206
206
206
206
206
206
206
206
206
206
218
247
250
250
250
250
250
250
250
250
250
250
250
255
255
255
269
269
269
269
269
269
269
269
269
269
269
269
269
269
269
269
269
269
269
269
269
269
269
269
269
269
269
269
269
269
269
269
269
269
269
269
269
269
269
269
269
269
269
269
269
269
269
269
269
269
269
269
269
269
269
269
269
269
269
269
283
283
283
283
283
283
283
283
283
283
283
283
283
283
283
283
287
295
321
352
370
370
402
402
402
402
402
402
402
406
406
406
406
406
419
422
422
422
422
422
422
422
422
422
422
422
422
422
422
422
428
434
434
434
434
434
434
434
434
434
434
434
434
434
434
434
434
434
434
445
445
445
450
455
455
458
466
466
466
466
466
466
466
485
486
486
498
502
510
514
514
514
514
514
538
538
538
538
540
542
542
542
542
542
542
542
542
542
542
542
542
550
555
586
587
618
636
636
636
636
636
636
636
657
657
657
666
666
700
702
702
702
714
723
732
732
732
732
732
732
732
732
754
754
754
754
754
754
754
754
754
754
754
754
754
754
754
754
754
754
754
754
754
754
754
766
776
782
782
782
801
801
801
815
815
815
815
836
836
836
851
852
856
863
863
863
863
863
866
866
866
866
895
898
898
898
903
903
903
903
903
903
903
903
903
903
904
930
948
961
977
994
994
994
994
994
994
1006
1006
1006
1008
1012
1050
1061
1074
1077
1100
1110
1110
1110
1110
1110
1110
1110
1110
1110
1110
1110
1110
1110
1110
1113
1113
1113
1113
1113
1113
1113
1113
1113
1113
1113
1115
1115
1115
1115
1115
1115
1115
1115
1115
1115
1115
1115
1115
1115
1115
1115
1115
1115
1115
1115
1115
1145
1164
1164
1167
1168
1168
1168
1168
