0
0
0
0
0
0
4
20
20
20
20
20
20
31
31
31
33
36
76
84
97
102
124
134
134
134
134
134
134
134
134
134
134
134
134
134
134
136
136
136
136
136
136
136
136
136
136
136
138
138
138
138
138
138
138
138
138
138
138
138
138
138
138
138
138
138
138
138
138
169
186
186
192
193
193
193
193
193
200
200
200
200
200
200
200
200
200
202
202
211
216
216
216
216
216
216
216
228
248
269
283
303
303
303
303
303
303
317
317
317
323
323
348
375
375
375
375
391
393
393
393
393
393
393
393
393
406
406
406
406
406
406
406
406
406
406
406
406
406
406
406
406
406
406
406
406
406
406
406
406
406
406
406
406
406
406
406
406
406
406
406
406
419
433
455
458
464
464
464
464
464
464
468
469
469
469
481
494
494
500
502
508
508
508
508
508
508
508
508
508
508
508
508
515
524
536
539
539
539
539
539
549
566
566
566
566
566
571
580
589
589
589
589
589
589
589
589
589
589
589
589
589
594
594
594
594
594
594
594
594
594
594
594
598
608
608
608
608
608
613
617
617
617
617
617
617
617
617
617
617
617
617
617
617
617
617
617
634
656
659
659
659
659
659
659
659
659
659
659
659
665
665
665
678
678
678
678
678
678
678
678
678
678
678
678
678
678
678
678
678
678
678
678
678
678
678
678
678
678
678
678
678
678
678
678
678
678
678
678
678
678
678
678
678
678
678
678
678
678
678
678
678
678
678
678
678
678
678
678
678
678
678
678
689
689
689
689
689
689
689
689
689
689
689
689
689
689
689
689
695
701
729
761
776
779
809
809
809
809
809
809
809
811
811
811
812
812
825
825
825
825
825
825
825
825
825
825
825
825
825
825
825
825
837
838
838
838
838
838
838
838
838
838
838
838
838
838
838
838
838
838
838
850
850
850
853
859
859
863
871
871
871
871
871
871
871
890
890
890
903
907
914
918
918
918
918
920
940
940
940
940
942
945
945
945
945
945
945
945
945
945
945
945
945
954
959
989
990
1021
1038
1038
1038
1038
1038
1038
1038
1059
1059
1059
1067
1067
1104
1104
1104
1104
1121
1126
1134
1134
1134
1134
1134
1134
1134
1141
1155
1155
1155
1155
1155
1155
1155
1155
1155
1155
1155
1155
1155
1155
1155
1155
1155
1155
1155
1155
1155
1155
1155
1175
1178
1183
