0
0
0
0
0
0
0
0
0
3
7
7
7
7
7
7
33
34
34
34
34
34
34
34
34
49
49
49
49
49
49
49
49
49
49
49
49
49
49
49
49
49
49
49
49
49
49
49
49
49
49
49
49
49
49
49
49
49
49
49
49
49
49
49
49
49
49
49
49
49
49
49
49
49
49
49
49
49
49
49
49
49
49
49
49
49
49
49
49
49
49
49
49
49
49
49
49
49
49
49
49
49
49
52
52
57
72
72
72
72
100
107
109
109
113
113
120
125
130
144
144
144
144
144
144
144
144
144
144
144
144
144
144
144
144
144
144
144
144
144
144
144
144
144
144
144
144
144
144
144
144
144
144
144
144
144
144
144
144
144
144
144
144
144
144
144
144
144
144
144
144
144
144
144
144
144
144
144
144
144
144
144
144
144
144
144
144
144
144
144
144
144
144
144
144
144
144
144
144
144
144
144
144
144
156
158
159
159
159
159
159
159
159
159
159
159
159
159
159
159
159
159
159
159
159
159
159
159
159
159
159
159
159
159
159
159
159
159
159
159
159
159
159
159
159
159
159
159
159
159
159
159
159
159
159
159
159
159
159
159
159
159
159
159
159
159
159
159
159
159
159
159
159
159
159
159
159
159
159
159
159
159
159
159
159
159
159
159
159
159
159
167
167
188
188
188
188
188
188
189
189
189
189
189
189
202
209
211
211
211
211
211
211
211
211
211
211
211
211
211
211
211
211
211
211
211
211
211
211
211
211
211
211
211
211
211
211
211
211
211
211
211
211
211
211
211
211
211
211
211
211
211
211
211
211
211
211
211
211
211
211
211
211
211
211
211
211
211
211
211
211
211
211
211
211
211
211
211
211
211
211
211
211
211
211
211
211
211
211
211
211
211
211
211
211
211
211
211
211
211
211
211
211
211
211
211
211
211
211
211
211
211
211
211
211
211
211
211
211
211
211
211
211
211
211
211
211
211
211
211
211
211
211
211
211
211
211
211
211
211
211
211
211
211
211
211
211
211
211
211
211
213
220
221
221
221
221
221
221
235
237
237
237
237
237
237
237
237
237
237
237
237
237
237
237
237
237
237
237
237
237
237
237
237
237
237
237
237
237
237
237
237
237
237
237
237
237
237
237
237
237
