0
0
0
0
0
0
0
0
0
0
0
0
0
0
0
0
0
0
0
0
0
0
0
0
0
0
0
12
14
14
14
14
14
14
14
14
14
14
14
14
14
14
14
14
14
14
14
14
14
14
14
14
14
14
14
14
14
14
14
14
14
14
14
14
14
14
14
14
14
14
14
14
14
14
14
14
14
14
14
14
14
14
14
14
14
14
14
14
14
14
14
14
14
14
14
14
14
14
14
14
14
14
14
14
14
14
14
14
14
14
14
14
14
16
23
43
45
45
45
45
45
45
45
45
45
45
45
50
58
66
66
66
66
66
66
66
66
66
66
66
66
66
66
66
66
66
66
66
66
66
66
66
66
66
66
66
66
66
66
66
66
66
66
66
66
66
66
66
66
66
66
66
66
66
66
66
66
66
66
66
66
66
66
66
66
66
66
66
66
66
66
66
66
66
66
66
66
66
66
66
66
66
66
66
66
66
66
66
66
66
66
66
66
66
66
66
66
66
66
66
66
66
66
66
66
66
66
66
66
66
66
66
66
66
66
66
66
66
66
66
66
66
66
66
66
66
66
66
66
66
66
66
66
66
66
66
66
66
66
66
66
66
66
66
66
66
66
66
66
66
66
66
66
69
74
76
76
76
76
76
76
76
91
91
91
91
91
91
91
91
91
91
91
91
91
91
91
91
91
91
91
91
91
91
91
91
91
91
91
91
91
91
91
91
91
91
91
91
91
91
91
91
91
91
91
94
94
94
94
94
94
94
94
94
94
94
94
94
94
94
94
94
94
94
94
94
94
94
94
94
94
94
94
94
94
94
94
94
94
94
94
94
94
94
94
97
101
116
122
129
129
129
129
129
129
137
156
156
156
156
156
156
156
156
164
173
173
173
173
173
173
173
173
173
173
173
173
173
173
173
173
173
173
173
173
173
173
173
173
173
173
173
173
173
173
173
173
173
173
173
173
173
173
173
173
173
173
173
173
173
173
173
173
173
173
173
173
173
173
173
173
173
173
173
173
173
173
173
173
173
173
173
173
173
173
173
173
173
173
173
173
173
173
175
175
193
193
193
193
204
228
230
230
233
233
242
242
245
266
266
266
266
266
266
266
266
266
266
266
266
266
266
266
266
266
266
266
266
266
266
266
