0
0
0
0
0
0
0
0
4
4
4
6
18
18
18
18
18
18
18
18
18
18
18
18
18
18
18
18
18
18
18
18
18
18
18
18
18
18
18
18
18
18
18
18
18
18
18
18
18
18
18
18
18
18
18
18
18
18
18
18
18
18
18
18
18
18
18
18
18
18
18
27
30
30
30
30
30
30
30
30
30
30
30
30
30
30
30
30
42
53
99
117
117
149
149
149
149
149
149
149
149
151
151
153
153
159
166
166
166
166
166
166
166
166
166
166
166
166
166
166
166
171
181
181
181
181
181
181
181
181
181
181
181
181
181
181
181
181
181
181
189
192
192
196
201
201
205
213
213
213
213
213
213
213
228
232
232
237
247
256
261
261
261
261
261
281
284
284
284
285
289
289
289
289
289
289
289
289
289
289
289
289
292
298
333
333
357
383
383
383
383
383
383
383
400
404
404
412
412
440
448
448
448
452
470
479
479
479
479
479
479
479
479
498
500
500
500
500
500
500
500
500
500
500
500
500
500
500
500
500
500
500
500
500
500
500
509
524
527
528
528
547
548
548
561
561
561
561
581
583
583
594
599
602
609
609
609
609
609
612
612
612
612
641
644
644
644
650
650
650
650
650
650
650
650
650
650
650
675
684
704
723
742
742
742
742
742
742
749
752
752
752
755
795
801
818
821
841
854
857
857
857
857
857
857
857
857
857
857
857
857
857
857
858
858
858
858
858
858
858
858
858
858
860
860
860
860
860
860
860
860
860
860
860
860
860
860
860
860
860
860
860
860
860
875
909
909
915
915
915
915
915
915
922
922
922
922
922
923
923
923
923
923
924
927
939
939
939
939
939
939
939
949
957
987
1006
1026
1026
1026
1026
1026
1026
1037
1041
1041
1047
1047
1063
1090
1100
1100
1100
1114
1117
1117
1117
1117
1117
1117
1117
1117
1130
1130
1130
1130
1130
1130
1130
1130
1130
1130
1130
1130
1130
1130
1130
1130
1130
1130
1130
1130
1130
1130
1130
1130
1130
1130
1130
1130
1130
1130
1130
1130
1130
1130
1130
1130
1144
1154
1181
1181
1188
1188
1188
1188
1188
1188
1189
1193
1193
1193
1205
1219
1219
1219
1229
1229
1233
1233
1233
1233
1233
1233
1233
1233
1233
1233
1233
1240
1251
1261
1264
1264
1264
1264
1264
1274
1291
1291
1291
1291
1291
1295
1305
1315
1315
1315
1315
1315
1315
1315
1315
1315
1315
1315
1315
1315
1321
1321
1321
1321
