0
0
0
0
0
0
0
0
5
5
5
8
19
19
19
19
19
19
19
19
19
19
19
19
19
19
19
19
19
19
19
19
19
19
19
19
19
19
19
19
19
19
19
19
19
19
19
19
19
19
19
19
19
19
19
19
19
19
19
19
19
19
19
19
19
19
19
19
19
19
19
29
32
32
32
32
32
32
32
32
32
32
32
32
32
32
32
32
45
55
101
119
119
152
152
152
152
152
152
152
152
154
154
155
155
162
169
169
169
169
169
169
169
169
169
169
169
169
169
169
169
173
184
184
184
184
184
184
184
184
184
184
184
184
184
184
184
184
184
184
192
194
194
200
204
204
208
215
215
215
215
215
215
215
231
234
234
240
249
258
262
262
262
262
262
284
287
287
287
287
292
292
292
292
292
292
292
292
292
292
292
292
295
302
335
336
360
386
386
386
386
386
386
386
402
406
406
415
415
445
451
451
451
455
473
482
482
482
482
482
482
482
482
501
502
502
502
502
502
502
502
502
502
502
502
502
502
502
502
502
502
502
502
502
502
502
511
526
528
531
531
550
550
550
563
563
563
563
583
585
585
597
601
605
612
612
612
612
612
615
615
615
615
643
648
648
648
653
653
653
653
653
653
653
653
653
653
653
678
686
706
726
744
744
744
744
744
744
752
755
755
755
758
797
803
823
824
843
856
860
860
860
860
860
860
860
860
860
860
860
860
860
860
861
861
861
861
861
861
861
861
861
861
864
864
864
864
864
864
864
864
864
864
864
864
864
864
864
864
864
864
864
864
864
877
911
911
916
917
917
917
917
917
925
925
925
925
925
925
925
925
925
925
927
930
942
942
942
942
942
942
942
952
960
990
1009
1028
1028
1028
1028
1028
1028
1040
1044
1044
1051
1051
1065
1092
1104
1104
1104
1116
1120
1120
1120
1120
1120
1120
1120
1120
1133
1133
1133
1133
1133
1133
1133
1133
1133
1133
1133
1133
1133
1133
1133
1133
1133
1133
1133
1133
1133
1133
1133
1133
1133
1133
1133
1133
1133
1133
1133
1133
1133
1133
1133
1133
1146
1155
1183
1184
1191
1191
1191
1191
1191
1191
1191
1197
1197
1197
1207
1221
1221
1221
1229
1229
1236
1236
1236
1236
1236
1236
1236
1236
1236
1236
1236
1245
1253
1264
1267
1267
1267
1267
1267
1277
1294
1294
1294
1294
1294
1296
1308
1318
1318
1318
1318
1318
1318
1318
1318
1318
1318
1318
1318
1318
1323
1323
1323
1323
