0
0
0
0
0
0
0
0
0
1
4
4
4
4
4
4
30
30
30
30
30
30
30
30
30
46
46
46
46
46
46
46
46
46
46
46
46
46
46
46
46
46
46
46
46
46
46
46
46
46
46
46
46
46
46
46
46
46
46
46
46
46
46
46
46
46
46
46
46
46
46
46
46
46
46
46
46
46
46
46
46
46
46
46
46
46
46
46
46
46
46
46
46
46
46
46
46
46
46
46
46
46
46
47
47
54
67
67
67
67
96
101
102
102
105
108
116
119
125
138
138
138
138
138
138
138
138
138
138
138
138
138
138
138
138
138
138
138
138
138
138
138
138
138
138
138
138
138
138
138
138
138
138
138
138
138
138
138
138
138
138
138
138
138
138
138
138
138
138
138
138
138
138
138
138
138
138
138
138
138
138
138
138
138
138
138
138
138
138
138
138
138
138
138
138
138
138
138
138
138
138
138
138
138
147
151
151
151
151
151
151
151
151
151
151
151
151
151
151
151
151
151
151
151
151
151
151
151
151
151
151
151
151
151
151
151
151
151
151
151
151
151
151
151
151
151
151
151
151
151
151
151
151
151
151
151
151
151
151
151
151
151
151
151
151
151
151
151
151
151
151
151
151
151
151
151
151
151
151
151
151
151
151
151
151
151
151
151
151
151
151
158
158
179
179
179
179
179
179
180
180
180
180
180
180
194
198
201
201
201
201
201
201
201
201
201
201
201
201
201
201
201
201
201
201
201
201
201
201
201
201
201
201
201
201
201
201
201
201
201
201
201
201
201
201
201
201
201
201
201
201
201
201
201
201
201
201
201
201
201
201
201
201
201
201
201
201
201
201
201
201
201
201
201
201
201
201
201
201
201
201
201
201
201
201
201
201
201
201
201
201
201
201
201
201
201
201
201
201
201
201
201
201
201
201
201
201
201
201
201
201
201
201
201
201
201
201
201
201
201
201
201
201
201
201
201
201
201
201
201
201
201
201
201
201
201
201
201
201
201
201
201
201
201
201
201
201
201
201
201
201
202
210
210
210
210
210
210
210
224
226
226
226
226
226
226
226
226
226
226
226
226
226
226
226
226
226
226
226
226
226
226
226
226
226
226
226
226
226
226
226
226
226
226
226
226
226
226
226
226
226
