0
0
0
0
0
0
0
0
0
0
0
0
0
0
0
0
0
0
0
0
0
0
0
0
0
0
0
0
0
0
0
0
0
0
0
0
0
0
0
0
0
0
0
0
0
0
0
0
0
6
16
43
45
50
50
50
50
50
50
54
56
56
56
66
81
81
86
90
94
95
95
95
95
95
95
95
95
95
95
95
102
112
123
126
126
126
126
126
136
154
154
154
154
154
157
167
177
177
177
177
177
177
177
177
177
177
177
177
177
182
182
182
182
182
182
182
182
182
182
182
186
197
197
197
197
197
200
206
206
206
206
206
206
206
206
206
206
206
206
206
206
206
206
206
217
245
249
249
249
249
249
249
249
249
249
249
249
254
254
254
267
267
267
267
267
267
267
267
267
267
267
267
267
267
267
267
267
267
267
267
267
267
267
267
267
267
267
268
268
268
268
268
268
268
268
268
268
268
268
268
268
268
268
268
268
268
268
268
268
268
268
268
268
268
268
268
268
268
268
268
280
280
280
280
280
280
280
280
280
280
280
280
280
280
280
280
286
293
320
349
368
368
400
400
400
400
400
400
400
402
402
402
404
404
416
417
417
417
417
417
417
417
417
417
417
417
417
417
417
417
425
432
432
432
432
432
432
432
432
432
432
432
432
432
432
432
432
432
432
442
442
442
447
453
453
456
464
464
464
464
464
464
464
482
483
483
495
499
507
512
512
512
512
512
536
536
536
536
536
539
539
539
539
539
539
539
539
539
539
539
539
548
551
583
584
616
633
633
633
633
633
633
633
655
655
655
664
664
699
699
699
699
710
721
730
730
730
730
730
730
730
730
751
751
751
751
751
751
751
751
751
751
751
751
751
751
751
751
751
751
751
751
751
751
751
765
774
779
779
779
799
799
799
812
812
812
813
834
834
834
849
850
854
860
860
860
860
860
863
863
863
863
893
895
895
895
901
901
901
901
901
901
901
901
901
901
901
926
948
957
975
993
993
993
993
993
993
1004
1004
1004
1006
1009
1049
1057
1070
1073
1097
1108
1108
1108
1108
1108
1108
1108
1108
1108
1108
1108
1108
1108
1108
1109
1109
1109
1109
1109
1109
1109
1109
1109
1109
1109
1111
1111
1111
1111
1111
1111
1111
1111
1111
1111
1111
1111
1111
1111
1111
1111
1111
1111
1111
1111
1111
1142
1160
1160
1166
1166
1166
1166
1166
