0
0
0
0
0
0
4
22
22
22
22
22
22
33
33
33
36
38
81
87
101
104
126
137
137
137
137
137
137
137
137
137
137
137
137
137
137
140
140
140
140
140
140
140
140
140
140
140
142
142
142
142
142
142
142
142
142
142
142
142
142
142
142
142
142
142
142
142
142
173
190
190
194
195
195
195
195
195
203
203
203
203
203
203
203
203
203
204
204
214
221
221
221
221
221
221
221
231
252
273
286
307
307
307
307
307
307
322
322
322
329
329
353
382
382
382
382
395
398
398
398
398
398
398
398
398
410
410
410
410
410
410
410
410
410
410
410
410
410
410
410
410
410
410
410
410
410
410
410
410
410
410
410
410
410
410
410
410
410
410
410
410
425
440
460
464
470
470
470
470
470
470
474
475
475
475
486
499
499
506
508
514
514
514
514
514
514
514
514
514
514
514
514
521
532
542
545
545
545
545
545
557
571
571
571
571
571
578
587
596
596
596
596
596
596
596
596
596
596
596
596
596
601
601
601
601
601
601
601
601
601
601
601
606
615
615
615
615
615
620
624
624
624
624
624
624
624
624
624
624
624
624
624
624
624
624
624
642
664
668
668
668
668
668
668
668
668
668
668
668
674
674
674
687
687
687
687
687
687
687
687
687
687
687
687
687
687
687
687
687
687
687
687
687
687
687
687
687
687
687
687
687
687
687
687
687
687
687
687
687
687
687
687
687
687
687
687
687
687
687
687
687
687
687
687
687
687
687
687
687
687
687
687
700
700
700
700
700
700
700
700
700
700
700
700
700
700
700
700
704
713
741
773
787
791
819
819
819
819
819
819
819
823
823
823
826
826
838
838
838
838
838
838
838
838
838
838
838
838
838
838
838
838
850
853
853
853
853
853
853
853
853
853
853
853
853
853
853
853
853
853
853
862
862
862
866
873
873
877
888
888
888
888
888
888
888
904
904
904
916
920
927
931
931
931
931
934
956
956
956
956
956
959
959
959
959
959
959
959
959
959
959
959
959
969
974
1004
1004
1035
1053
1053
1053
1053
1053
1053
1053
1076
1076
1076
1083
1083
1119
1119
1119
1119
1136
1140
1149
1149
1149
1149
1149
1149
1149
1157
1172
1172
1172
1172
1172
1172
1172
1172
1172
1172
1172
1172
1172
1172
1172
1172
1172
1172
1172
1172
1172
1172
1172
1189
1194
1199
