0
0
0
0
0
0
0
0
0
0
0
0
2
14
14
17
18
18
18
18
18
27
27
27
27
27
27
27
27
27
27
27
39
43
43
43
43
43
43
45
59
75
109
123
130
130
130
130
130
130
146
146
146
151
151
185
202
205
205
208
221
222
222
222
222
222
222
222
222
235
235
235
235
235
235
235
235
235
235
235
235
235
235
235
235
235
235
235
235
235
235
235
235
235
235
235
235
235
235
235
235
235
235
235
241
255
269
284
289
292
292
292
292
292
292
298
298
298
307
314
322
322
332
332
336
336
336
336
336
336
336
336
336
336
336
336
345
354
367
369
369
369
369
369
390
396
396
396
396
396
401
410
419
419
419
419
419
419
419
419
419
419
419
419
424
424
424
424
424
424
424
424
424
424
424
428
432
437
437
437
437
437
446
446
446
446
446
446
446
446
446
446
446
446
446
446
446
446
446
446
468
488
491
491
491
491
491
491
491
491
491
491
496
496
496
496
509
509
509
509
509
509
509
509
509
509
509
509
509
509
509
509
509
509
509
509
509
509
509
509
509
509
509
509
509
509
509
509
509
509
509
509
509
509
509
509
509
509
509
509
509
509
509
509
509
509
509
509
509
509
509
509
509
509
509
509
523
523
523
523
523
523
523
523
523
523
523
523
523
523
523
523
536
540
565
602
610
630
642
642
642
642
642
642
642
645
645
645
646
646
662
662
662
662
662
662
662
662
662
662
662
662
662
662
662
662
674
675
675
675
675
675
675
675
675
675
675
675
675
675
675
675
675
675
677
685
685
688
695
695
698
699
706
706
706
706
706
706
707
725
726
726
739
750
750
754
754
754
754
756
778
778
778
778
782
782
782
782
782
782
782
782
782
782
782
782
786
792
810
827
828
869
876
876
876
876
876
876
876
897
897
901
906
912
942
942
942
942
963
971
971
971
971
971
971
971
971
980
993
993
993
993
993
993
993
993
993
993
993
993
993
993
993
993
993
993
993
993
993
993
993
1017
1020
1022
1022
1024
1041
1041
1054
1055
1055
1055
1070
1076
1076
1077
1093
1094
1096
1102
1102
1102
1102
1102
1106
1106
1106
1126
1136
1138
1138
1144
1144
1144
1144
1144
1144
1144
1144
1144
1144
1144
1161
1174
1191
1209
1231
1235
1235
1235
1235
1235
1235
1246
1246
1246
1248
1271
1295
1301
1314
