0
0
0
0
0
0
0
0
0
0
0
0
0
0
0
0
0
0
0
0
0
0
0
0
0
0
0
0
0
0
0
0
0
0
0
0
0
0
0
0
0
0
0
0
0
0
0
0
0
7
15
42
46
51
51
51
51
51
51
54
57
57
57
68
81
81
86
90
94
94
94
94
94
94
94
94
94
94
94
94
103
114
123
127
127
127
127
127
137
153
153
153
153
153
159
169
177
177
177
177
177
177
177
177
177
177
177
177
177
183
183
183
183
183
183
183
183
183
183
183
187
196
196
196
196
196
200
205
205
205
205
205
205
205
205
205
205
205
205
205
205
205
205
205
217
245
250
250
250
250
250
250
250
250
250
250
250
254
254
254
268
268
268
268
268
268
268
268
268
268
268
268
268
268
268
268
268
268
268
268
268
268
268
268
268
268
268
268
268
268
268
268
268
268
268
268
268
268
268
268
268
268
268
268
268
268
268
268
268
268
268
268
268
268
268
268
268
268
268
268
281
281
281
281
281
281
281
281
281
281
281
281
281
281
281
281
285
293
320
350
368
368
400
400
400
400
400
400
400
403
403
403
404
404
416
418
418
418
418
418
418
418
418
418
418
418
418
418
418
418
426
432
432
432
432
432
432
432
432
432
432
432
432
432
432
432
432
432
432
443
443
443
447
452
452
457
464
464
464
464
464
464
464
483
483
483
497
500
508
511
511
511
511
511
536
536
536
536
536
540
540
540
540
540
540
540
540
540
540
540
540
549
552
584
585
617
634
634
634
634
634
634
634
655
655
655
663
663
700
700
700
700
712
723
730
730
730
730
730
730
730
731
751
751
752
752
752
752
752
752
752
752
752
752
752
752
752
752
752
752
752
752
752
752
752
764
776
781
781
781
799
799
799
813
813
813
813
834
834
834
850
850
854
861
861
861
861
861
863
863
863
863
893
896
896
896
902
902
902
902
902
902
902
902
902
902
902
927
947
958
975
994
994
994
994
994
994
1004
1004
1004
1007
1010
1049
1057
1069
1074
1098
1108
1108
1108
1108
1108
1108
1108
1108
1108
1108
1108
1108
1108
1108
1110
1110
1110
1110
1110
1110
1110
1110
1110
1110
1110
1112
1112
1112
1112
1112
1112
1112
1112
1112
1112
1112
1112
1112
1112
1112
1112
1112
1112
1112
1112
1112
1143
1161
1161
1165
1165
1165
1165
1165
