0
0
0
0
0
0
0
0
0
0
0
0
0
0
0
0
0
0
0
0
0
0
0
0
0
0
0
0
0
0
0
0
0
0
0
0
0
0
0
0
0
0
0
0
0
0
0
0
0
5
14
41
44
49
49
49
49
49
49
53
55
55
55
64
79
79
83
87
92
92
92
92
92
92
92
92
92
92
92
92
100
110
119
123
123
123
123
123
135
150
150
150
150
150
154
163
172
172
172
172
172
172
172
172
172
172
172
172
172
178
178
178
178
178
178
178
178
178
178
178
183
192
192
192
192
192
196
201
201
201
201
201
201
201
201
201
201
201
201
201
201
201
201
201
212
240
243
243
243
243
243
243
243
243
243
243
243
249
249
249
261
261
261
261
261
261
261
261
261
261
261
261
261
261
261
261
261
261
261
261
261
261
261
261
261
261
261
261
261
261
261
261
261
261
261
261
261
261
261
261
261
261
261
261
261
261
261
261
261
261
261
261
261
261
261
261
261
261
261
261
272
272
272
272
272
272
272
272
272
272
272
272
272
272
272
272
277
285
311
340
358
358
389
389
389
389
389
389
389
392
392
392
393
393
405
407
407
407
407
407
407
407
407
407
407
407
407
407
407
407
415
420
420
420
420
420
420
420
420
420
420
420
420
420
420
420
420
420
420
431
431
431
435
441
441
445
453
453
453
453
453
453
453
470
470
470
483
487
496
499
499
499
499
499
521
521
521
521
523
526
526
526
526
526
526
526
526
526
526
526
526
535
538
569
570
601
618
618
618
618
618
618
618
639
639
639
647
647
683
683
683
683
694
705
714
714
714
714
714
714
714
714
733
733
734
734
734
734
734
734
734
734
734
734
734
734
734
734
734
734
734
734
734
734
734
746
756
762
762
762
780
780
780
794
794
794
794
816
816
816
829
830
834
841
841
841
841
841
843
843
843
843
874
875
875
875
880
880
880
880
880
880
880
880
880
880
881
906
926
936
953
971
971
971
971
971
971
981
981
981
984
987
1025
1033
1046
1051
1074
1085
1085
1085
1085
1085
1085
1085
1085
1085
1085
1085
1085
1085
1085
1085
1085
1085
1085
1085
1085
1085
1085
1085
1085
1085
1088
1088
1088
1088
1088
1088
1088
1088
1088
1088
1088
1088
1088
1088
1088
1088
1088
1088
1088
1088
1088
1118
1134
1134
1140
1140
1140
1140
1140
