0
0
0
0
0
0
0
0
0
0
0
0
4
15
15
18
19
19
19
19
19
28
28
28
28
28
28
28
28
28
30
30
42
46
46
46
46
46
46
49
61
77
112
121
131
131
131
131
131
131
147
147
147
151
151
188
205
205
205
211
222
222
222
222
222
222
222
222
222
235
235
235
235
235
235
235
235
235
235
235
235
235
235
235
235
235
235
235
235
235
235
235
235
235
235
235
235
235
235
235
235
235
235
235
243
256
273
284
291
294
294
294
294
294
294
299
299
299
310
316
326
326
331
331
338
338
338
338
338
338
338
338
338
338
338
339
348
357
368
370
370
370
370
370
391
399
399
399
399
399
403
411
422
422
422
422
422
422
422
422
422
422
422
422
425
425
425
425
425
425
425
425
425
425
425
432
433
439
439
439
439
439
448
448
448
448
448
448
448
448
448
448
448
448
448
448
448
448
448
449
471
490
494
494
494
494
494
494
494
494
494
494
501
501
501
501
515
515
515
515
515
515
515
515
515
515
515
515
515
515
515
515
515
515
515
515
515
515
515
515
515
515
515
515
515
515
515
515
515
515
515
515
515
515
515
515
515
515
515
515
515
515
515
515
515
515
515
515
515
515
515
515
515
515
515
515
532
532
532
532
532
532
532
532
532
532
532
532
532
532
532
532
541
549
573
612
617
636
649
649
649
649
649
649
649
652
652
652
654
654
667
667
667
667
669
669
669
669
669
669
669
669
669
669
669
669
681
681
681
681
681
681
681
681
681
681
681
681
681
681
681
681
681
681
685
692
692
695
701
701
705
706
714
714
714
714
714
714
714
733
734
736
745
758
758
761
761
761
761
764
784
784
784
784
788
791
791
791
791
791
791
791
791
791
791
791
791
801
817
834
837
877
884
884
884
884
884
884
884
903
903
908
912
918
949
949
949
949
968
979
979
979
979
979
979
979
979
986
1000
1000
1000
1000
1000
1000
1000
1000
1000
1000
1000
1000
1000
1000
1000
1000
1000
1000
1000
1000
1000
1000
1000
1024
1026
1028
1028
1030
1050
1050
1061
1061
1061
1061
1077
1083
1083
1083
1099
1101
1102
1110
1110
1110
1110
1110
1113
1113
1113
1132
1143
1145
1145
1149
1149
1149
1149
1149
1149
1149
1149
1149
1149
1149
1168
1180
1198
1219
1238
1241
1241
1241
1241
1241
1241
1252
1252
1252
1256
1279
1302
1310
1319
