0
0
0
0
0
0
3
21
21
21
21
21
21
32
32
32
34
38
76
84
97
102
126
136
136
136
136
136
136
136
136
136
136
136
136
136
136
138
138
138
138
138
138
138
138
138
138
138
140
140
140
140
140
140
140
140
140
140
140
140
140
140
140
140
140
140
140
140
140
171
189
189
193
193
193
193
193
193
201
201
201
201
201
202
202
202
202
204
204
213
219
219
219
219
219
219
219
232
251
272
286
305
305
305
305
305
305
321
321
321
326
326
353
378
380
380
380
394
397
397
397
397
397
397
397
397
409
409
409
409
409
409
409
409
409
409
409
409
409
409
409
409
409
409
409
409
409
409
409
409
409
409
409
409
409
409
409
409
409
409
409
410
424
438
459
463
468
468
468
468
468
468
473
474
474
474
485
498
498
505
508
511
511
511
511
511
511
511
511
511
511
511
512
520
530
540
544
544
544
544
544
555
570
570
570
570
570
576
585
594
594
594
594
594
594
594
594
594
594
594
594
594
599
599
599
599
599
599
599
599
599
599
599
604
613
613
613
613
613
618
622
622
622
622
622
622
622
622
622
622
622
622
622
622
622
622
622
641
662
667
667
667
667
667
667
667
667
667
667
667
672
672
672
686
686
686
686
686
686
686
686
686
686
686
686
686
686
686
686
686
686
686
686
686
686
686
686
686
686
686
686
686
686
686
686
686
686
686
686
686
686
686
686
686
686
686
686
686
686
686
686
686
686
686
686
686
686
686
686
686
686
686
686
699
699
699
699
699
699
699
699
699
699
699
699
699
699
699
699
703
711
739
771
786
790
818
818
818
818
818
818
818
821
821
821
822
822
836
836
836
836
836
836
836
836
836
836
836
836
836
836
836
836
848
849
849
849
849
849
849
849
849
849
849
849
849
849
849
849
849
849
849
862
862
862
865
870
870
875
883
883
883
883
883
883
883
901
901
901
914
920
926
929
929
929
929
932
954
954
954
954
954
958
958
958
958
958
958
958
958
958
958
958
958
967
972
1002
1003
1035
1052
1052
1052
1052
1052
1052
1052
1073
1073
1073
1081
1081
1119
1119
1119
1119
1135
1140
1148
1148
1148
1148
1148
1148
1148
1156
1169
1169
1170
1170
1170
1170
1170
1170
1170
1170
1170
1170
1170
1170
1170
1170
1170
1170
1170
1170
1170
1170
1170
1188
1194
1199
