0
0
0
0
0
0
0
0
7
7
7
9
20
20
20
20
20
20
20
20
20
20
20
20
20
20
20
20
20
20
20
20
20
20
20
20
20
20
20
20
20
20
20
20
20
20
20
20
20
20
20
20
20
20
20
20
20
20
20
20
20
20
20
20
20
20
20
20
20
20
20
31
34
34
34
34
34
34
34
34
34
34
34
34
34
34
34
34
46
56
102
120
120
152
153
153
153
153
153
153
153
156
156
159
159
163
170
170
170
170
171
171
171
171
171
171
171
171
171
171
171
174
186
186
186
186
186
186
186
186
186
186
186
186
186
186
186
186
186
186
192
195
195
199
205
205
210
222
222
222
222
222
222
222
233
237
237
242
252
260
264
264
264
264
264
285
289
289
289
289
292
292
292
292
292
292
292
292
292
292
292
292
296
302
336
337
362
386
386
386
386
386
386
386
404
408
408
416
416
445
452
452
452
456
473
482
482
482
482
482
482
482
482
504
505
505
505
505
505
505
505
505
505
505
505
505
505
505
505
505
505
505
505
505
505
505
512
526
530
532
532
552
552
552
565
565
565
565
586
587
587
598
603
609
613
613
613
613
613
616
616
616
616
645
648
648
648
654
654
654
654
654
654
654
654
654
654
654
681
687
708
727
745
745
745
745
745
745
753
756
756
757
759
798
805
823
827
844
856
860
860
860
860
860
860
860
860
860
860
860
860
860
861
864
864
864
864
864
864
864
864
864
864
865
865
865
865
865
865
865
865
865
865
865
865
865
865
865
865
865
865
865
865
865
880
912
913
918
918
918
918
918
918
927
927
927
927
927
927
927
927
927
927
928
932
944
944
944
944
944
944
944
953
961
992
1010
1030
1030
1030
1030
1030
1030
1042
1046
1046
1052
1052
1067
1095
1104
1104
1104
1118
1121
1121
1121
1121
1121
1121
1121
1121
1133
1133
1133
1133
1133
1133
1133
1133
1133
1133
1133
1133
1133
1133
1133
1133
1133
1133
1133
1133
1133
1133
1133
1133
1133
1133
1133
1133
1133
1133
1133
1133
1133
1133
1133
1133
1148
1157
1183
1185
1194
1194
1194
1194
1194
1194
1194
1197
1197
1197
1209
1223
1223
1223
1231
1231
1238
1238
1238
1238
1238
1238
1238
1238
1238
1238
1238
1245
1256
1266
1268
1268
1268
1268
1268
1278
1294
1294
1294
1294
1294
1298
1310
1319
1319
1319
1319
1319
1319
1319
1319
1319
1319
1319
1319
1319
1324
1324
1324
1324
