0
0
0
0
0
0
5
22
23
23
23
23
23
34
34
34
36
42
79
87
99
104
128
138
138
138
138
138
138
138
138
138
138
138
138
138
138
140
140
140
140
140
140
140
140
140
140
140
143
143
143
143
143
143
143
143
143
143
143
143
143
143
143
143
143
143
143
143
143
172
190
190
196
196
196
196
196
196
206
206
206
206
206
206
206
206
206
206
206
217
222
222
222
222
222
222
222
233
253
274
288
307
307
307
307
307
307
324
324
324
328
328
354
380
381
381
381
395
399
399
399
399
399
399
399
399
411
411
411
411
411
411
411
411
411
411
411
411
411
411
411
411
411
411
411
411
411
411
411
411
411
411
411
411
411
411
411
411
411
411
411
411
425
443
462
466
474
474
474
474
474
474
476
476
476
476
488
500
500
508
509
513
513
513
513
513
513
513
513
513
513
513
514
521
533
542
545
545
545
545
545
557
575
575
575
575
575
580
590
597
597
597
597
597
597
597
597
597
597
597
597
597
602
602
602
602
602
602
602
602
602
602
602
606
617
617
617
617
617
620
624
624
624
624
624
624
624
624
624
624
624
624
624
624
624
624
624
645
664
668
668
668
668
668
668
668
668
668
668
668
674
674
674
690
690
690
690
690
690
690
690
690
690
690
690
690
690
690
690
690
690
690
690
690
690
690
690
690
690
690
690
690
690
690
690
690
690
690
690
690
690
690
690
690
690
690
690
690
690
690
690
690
690
690
690
690
690
690
690
690
690
690
690
703
703
703
703
703
703
703
703
703
703
703
703
703
703
703
703
709
716
745
774
791
793
822
822
822
822
822
822
822
824
824
824
825
825
840
840
840
840
840
840
840
840
840
840
840
840
840
840
840
840
852
854
854
854
854
854
854
854
854
854
854
854
854
854
854
854
854
854
854
865
865
865
870
874
874
878
888
888
888
888
888
888
888
905
906
906
918
923
930
935
935
935
935
937
957
957
957
957
961
962
962
962
962
962
962
962
962
962
962
962
962
971
975
1005
1008
1037
1057
1057
1057
1057
1057
1057
1057
1078
1078
1078
1085
1085
1122
1122
1122
1122
1138
1144
1151
1151
1151
1151
1151
1151
1151
1159
1173
1173
1173
1173
1173
1173
1173
1173
1173
1173
1173
1173
1173
1173
1173
1173
1173
1173
1173
1173
1173
1173
1173
1192
1196
1200
