0
0
0
0
0
0
0
0
6
6
6
9
19
19
19
19
19
19
19
19
19
19
19
19
19
19
19
19
19
19
19
19
19
19
19
19
19
19
19
19
19
19
19
19
19
19
19
19
19
19
19
19
19
19
19
19
19
19
19
19
19
19
19
19
19
19
19
19
19
19
19
30
34
34
34
34
34
34
34
34
34
34
34
34
34
34
34
34
46
56
102
120
120
153
153
153
153
153
153
153
153
155
155
156
156
162
171
171
171
171
171
171
171
171
171
171
171
171
171
171
171
175
185
185
185
185
185
185
185
185
185
185
185
185
185
185
185
185
185
185
192
195
195
200
205
205
209
217
217
217
217
217
217
217
233
235
236
241
250
260
264
264
264
264
264
285
288
288
288
291
292
292
292
292
292
292
292
292
292
292
292
292
296
302
336
337
362
385
385
385
385
385
385
385
402
407
407
416
416
445
452
452
452
455
474
482
482
482
482
482
482
482
482
502
504
504
504
504
504
504
504
504
504
504
504
504
504
504
504
504
504
504
504
504
504
504
512
526
530
532
532
550
552
552
564
564
564
564
584
586
586
598
603
606
612
612
612
612
612
616
616
616
616
644
648
648
648
653
653
653
653
653
653
653
653
653
653
653
679
687
708
727
744
744
744
744
744
744
752
755
755
755
758
798
805
823
825
844
857
860
860
860
860
860
860
860
860
860
860
860
860
860
861
862
862
862
862
862
862
862
862
862
862
865
865
865
865
865
865
865
865
865
865
865
865
865
865
865
865
865
865
865
865
865
879
912
914
917
917
917
917
917
917
928
928
928
928
928
928
928
928
928
928
928
932
943
943
943
943
943
943
943
953
962
993
1010
1029
1029
1029
1029
1029
1029
1041
1046
1046
1051
1051
1067
1093
1104
1104
1104
1118
1122
1122
1122
1122
1122
1122
1122
1122
1134
1134
1134
1134
1134
1134
1134
1134
1134
1134
1134
1134
1134
1134
1134
1134
1134
1134
1134
1134
1134
1134
1134
1134
1134
1134
1134
1134
1134
1134
1134
1134
1134
1134
1134
1134
1147
1156
1184
1185
1192
1192
1192
1192
1192
1192
1192
1197
1197
1197
1209
1222
1222
1222
1231
1231
1236
1236
1236
1236
1236
1236
1236
1236
1236
1236
1236
1243
1255
1264
1269
1269
1269
1269
1269
1279
1295
1295
1295
1295
1295
1298
1310
1319
1319
1319
1319
1319
1319
1319
1319
1319
1319
1319
1319
1319
1325
1325
1325
1325
