0
0
0
0
0
0
0
0
5
5
5
9
18
18
18
18
18
18
18
18
18
18
18
18
18
18
18
18
18
18
18
18
18
18
18
18
18
18
18
18
18
18
18
18
18
18
18
18
18
18
18
18
19
19
19
19
19
19
19
19
19
19
19
19
19
19
19
19
19
19
19
28
31
31
31
31
31
31
31
31
31
31
31
31
31
31
31
31
44
54
101
118
118
150
151
151
151
151
151
151
151
154
154
154
154
162
168
168
168
168
168
168
168
168
168
168
168
168
168
168
168
173
182
182
182
182
182
182
182
182
182
182
182
182
182
182
182
182
182
182
190
194
194
198
203
203
208
215
215
215
215
215
215
215
230
234
234
240
248
259
262
262
262
262
262
283
286
286
286
288
290
290
290
290
290
290
290
290
290
290
290
290
293
301
334
335
361
383
383
383
383
383
383
383
401
405
405
413
413
444
450
450
450
454
472
481
481
481
481
481
481
481
481
501
504
504
504
504
504
504
504
504
504
504
504
504
504
504
504
504
504
504
504
504
504
504
511
525
528
530
530
549
549
549
562
562
562
562
583
584
584
595
600
604
611
611
611
611
611
614
614
614
614
645
646
646
646
651
651
651
651
651
651
651
651
651
651
651
677
685
707
726
743
743
743
743
743
743
751
755
755
755
758
796
803
821
823
842
856
859
859
859
859
859
859
859
859
859
859
859
859
859
859
861
861
861
861
861
861
861
861
861
861
862
862
862
862
862
862
862
862
862
862
862
862
862
862
862
862
862
862
862
862
862
877
910
911
918
918
918
918
918
918
925
925
925
925
925
925
925
925
925
925
926
930
941
941
941
941
941
941
941
951
960
990
1009
1028
1028
1028
1028
1028
1028
1040
1045
1045
1049
1049
1066
1093
1101
1101
1101
1118
1121
1121
1121
1121
1121
1121
1121
1121
1132
1132
1132
1132
1132
1132
1132
1132
1132
1132
1132
1132
1132
1132
1132
1132
1132
1132
1132
1132
1132
1132
1132
1132
1132
1132
1132
1132
1132
1132
1132
1132
1132
1132
1132
1132
1146
1155
1183
1183
1190
1190
1190
1190
1190
1190
1191
1197
1197
1197
1207
1222
1222
1222
1230
1230
1234
1234
1234
1234
1234
1234
1234
1234
1234
1234
1234
1242
1253
1263
1268
1268
1268
1268
1268
1276
1294
1294
1294
1294
1294
1296
1307
1317
1317
1317
1317
1317
1317
1317
1317
1317
1317
1317
1317
1317
1322
1322
1322
1322
