0
0
0
0
0
0
0
0
0
0
0
0
0
11
12
16
16
16
16
16
16
25
25
25
25
25
26
26
26
26
27
27
38
42
42
42
42
42
42
44
59
75
107
119
128
128
128
128
128
128
144
144
144
150
150
183
202
203
203
208
219
219
219
219
219
219
219
219
219
232
232
232
232
232
232
232
232
232
232
232
232
232
232
232
232
232
232
232
232
232
232
232
232
232
232
232
232
232
232
232
232
232
232
232
241
253
268
282
289
291
291
291
291
291
291
296
296
296
305
313
321
321
330
330
335
335
335
335
335
335
335
335
335
335
335
335
344
354
365
367
367
367
367
367
389
394
394
394
394
394
400
407
418
418
418
418
418
418
418
418
418
418
418
418
423
423
423
423
423
423
423
423
423
423
423
427
431
436
436
436
436
436
446
446
446
446
446
446
446
446
446
446
446
446
446
446
446
446
446
446
468
487
489
489
489
489
489
489
489
489
489
489
495
495
495
495
509
509
509
509
509
509
509
509
509
509
509
509
509
509
509
509
509
509
509
509
509
509
509
509
509
509
509
509
509
509
509
509
509
509
509
509
509
509
509
509
509
509
509
509
509
509
509
509
509
509
509
509
509
509
509
509
509
509
509
509
522
522
522
522
522
522
522
522
522
522
522
522
522
522
522
522
534
539
565
600
609
630
643
643
643
643
643
643
643
644
644
644
645
645
659
659
659
659
659
659
659
659
659
659
659
659
659
659
659
659
675
675
675
675
675
675
675
675
675
675
675
675
675
675
675
675
675
675
676
684
684
687
694
694
699
699
706
706
706
706
706
706
706
724
724
725
738
749
749
753
753
753
753
755
776
776
776
776
781
781
781
781
781
781
781
781
781
781
781
781
785
792
809
826
828
868
877
877
877
877
877
877
877
896
896
899
905
910
941
941
941
941
960
972
972
972
972
972
972
972
972
979
993
993
993
993
993
993
993
993
993
993
993
993
993
993
993
993
993
993
993
993
993
993
993
1015
1018
1021
1021
1023
1040
1040
1053
1053
1053
1053
1068
1075
1075
1076
1091
1093
1095
1102
1102
1102
1102
1102
1105
1105
1105
1125
1136
1137
1137
1142
1142
1142
1142
1142
1142
1142
1142
1142
1142
1142
1160
1172
1190
1208
1230
1234
1234
1234
1234
1234
1234
1245
1245
1245
1248
1269
1293
1299
1312
