0
0
0
0
0
0
0
0
0
0
0
0
0
10
11
16
16
16
16
16
16
24
24
24
24
24
24
24
24
24
26
26
36
40
40
40
40
40
40
43
57
72
105
118
126
126
126
126
126
126
140
140
140
146
146
179
197
197
197
203
215
215
215
215
215
215
215
215
215
228
228
228
228
228
228
228
228
228
228
228
228
228
228
228
228
228
228
228
228
228
228
228
228
228
228
228
228
228
228
228
228
228
228
228
236
248
262
277
283
285
285
285
285
285
285
290
290
290
299
306
314
314
323
323
328
328
328
328
328
328
328
328
328
328
328
329
337
345
357
359
359
359
359
359
380
386
386
386
386
386
390
399
409
409
409
409
409
409
409
409
409
409
409
409
414
414
414
414
414
414
414
414
414
414
414
419
422
427
427
427
427
427
436
436
436
436
436
436
436
436
436
436
436
436
436
436
436
436
436
436
457
476
479
479
479
479
479
479
479
479
479
479
485
485
485
485
497
497
497
497
497
497
497
497
497
497
497
497
497
497
497
497
497
497
497
497
497
497
497
497
497
497
497
497
497
497
497
497
497
497
497
497
497
497
497
497
497
497
497
497
497
497
497
497
497
497
497
497
497
497
497
497
497
497
497
497
509
509
509
509
509
509
509
509
509
509
509
509
509
509
509
509
522
527
552
586
595
614
627
627
627
627
627
627
627
630
630
630
630
630
644
644
644
644
644
644
644
644
644
644
644
644
644
644
644
644
657
657
657
657
657
657
657
657
657
657
657
657
657
657
657
657
657
657
661
668
668
671
678
678
682
682
690
690
690
690
690
690
691
707
707
708
721
732
732
736
736
736
736
739
758
758
758
758
763
763
763
763
763
763
763
763
763
763
763
763
766
774
792
808
809
849
855
855
855
855
855
855
855
876
876
879
884
890
922
922
922
922
939
950
950
950
950
950
950
950
950
957
971
971
971
971
971
971
971
971
971
971
971
971
971
971
971
971
971
971
971
971
971
971
971
993
998
999
999
1001
1018
1018
1031
1031
1031
1031
1046
1052
1052
1053
1067
1069
1071
1078
1078
1078
1078
1078
1081
1081
1081
1100
1111
1112
1112
1118
1118
1118
1118
1118
1118
1118
1118
1118
1118
1118
1135
1148
1165
1182
1204
1207
1207
1207
1207
1207
1207
1218
1218
1218
1221
1241
1266
1273
1283
