0
0
0
0
0
0
0
0
0
0
0
0
0
0
0
0
0
0
0
0
0
0
0
0
0
0
0
2
2
22
22
22
37
37
37
37
57
57
57
72
73
77
84
84
84
84
84
87
87
87
87
115
118
118
118
124
124
124
124
124
124
124
124
124
124
124
150
165
179
198
216
216
216
216
216
216
226
229
229
229
229
269
278
293
297
317
327
331
331
331
331
331
331
331
331
331
331
331
331
331
333
333
333
333
333
333
333
333
333
333
333
334
334
334
334
334
334
334
334
334
334
334
334
334
334
334
334
334
334
334
334
334
352
383
383
388
388
388
388
388
388
397
397
397
397
397
397
397
397
397
397
398
403
414
414
414
414
414
414
414
423
435
466
480
502
502
502
502
502
502
516
516
516
521
521
540
570
575
575
575
589
593
593
593
593
593
593
593
593
604
604
604
604
604
604
604
604
604
604
604
604
604
604
604
604
604
604
604
604
604
604
604
604
604
604
604
604
604
604
604
604
604
604
604
604
620
628
655
657
663
663
663
663
663
663
665
669
669
669
679
694
694
699
701
706
707
707
707
707
707
707
707
707
707
707
707
714
725
737
739
739
739
739
739
749
765
765
765
765
765
769
779
789
789
789
789
789
789
789
789
789
789
789
789
789
796
796
796
796
796
796
796
796
796
796
796
799
808
808
808
808
808
813
817
817
817
817
817
817
817
817
817
817
817
817
817
817
817
817
817
831
858
861
861
861
861
861
861
861
861
861
861
861
867
867
867
880
880
880
880
880
880
880
880
880
880
880
880
880
880
880
880
880
880
880
880
880
880
880
880
880
880
880
880
880
880
880
880
880
880
880
880
880
880
880
880
880
880
880
880
880
880
880
880
880
880
880
880
880
880
880
880
880
880
880
880
892
892
892
892
892
892
892
892
892
892
892
892
892
892
892
892
896
904
931
961
980
980
1014
1014
1014
1014
1014
1014
1014
1015
1015
1015
1015
1015
1028
1028
1028
1028
1028
1028
1028
1028
1028
1028
1028
1028
1028
1028
1028
1028
1038
1044
1044
1044
1044
1044
1044
1044
1044
1044
1044
1044
1044
1044
1044
1044
1044
1044
1044
1054
1054
1054
1058
1064
1064
1067
1076
1076
1076
1076
1076
1076
1076
1094
1095
1095
1107
1110
1119
1122
1122
1122
1122
1122
1148
1148
1148
1148
1148
1151
1151
1151
1151
1151
1151
