0
46
93
114
148
188
244
269
299
324
352
380
395
442
461
493
501
544
584
598
627
653
674
700
710
751
789
810
841
877
894
914
957
985
1015
1039
1066
1095
1113
1152
1170
1201
1241
1257
1275
1295
1338
1372
1398
1431
1454
1489
1518
1556
1594
1632
1663
1688
1702
1733
1783
1802
1840
1872
1890
1913
1928
1963
2000
2023
2046
2074
2090
2130
2146
2155
2176
2200
2233
2258
2288
2330
2391
2409
2421
2430
2468
2499
2520
2551
2582
2616
2660
2690
2704
2739
2766
2804
2837
2854
2884
2907
2917
2950
2965
2988
3008
3037
3057
3104
3127
3142
3164
3197
3242
3267
3310
3344
3376
3402
3422
3463
3496
3515
3556
3600
3647
3681
3730
3770
3818
3850
3896
3933
3969
3992
4026
4070
4101
4135
4159
4196
4237
4260
4305
4332
4360
4388
4433
4467
4488
4517
4543
4569
4599
4646
4676
4728
4754
4788
4826
4870
4905
4945
4971
5008
5023
5044
5075
5114
5128
5143
5157
5199
5221
5253
5280
5304
5334
5379
5431
5458
5493
5533
5569
5587
5613
5657
5680
5721
5746
5762
5791
5840
5883
5917
5948
5982
5997
6028
6058
6083
6110
6146
6159
6181
6224
6244
6272
6297
6344
6363
6405
6451
6475
6503
6539
6566
6603
6622
6664
6692
6723
6758
6794
6813
6833
6852
6882
6902
6922
6960
6994
7007
7047
7090
7119
7145
7171
7202
7228
7266
7309
7350
7386
7401
7410
7452
7484
7512
7549
7584
7604
7626
7649
7679
7715
7755
7776
7793
7804
7850
7865
7878
7914
7928
7968
8014
8040
8070
8109
8129
8140
8155
8186
8231
8249
8292
8338
8370
8425
8465
8476
8531
8567
8607
8641
8665
8704
8738
8767
8803
8817
8850
8896
8929
8964
9004
9021
9031
9041
9070
9125
9170
9205
9256
9298
9332
9350
9383
9419
9441
9482
9510
9553
9591
9631
9654
9697
9712
9743
9763
9790
9820
9860
9893
9916
9942
9984
9995
10037
10066
10072
10102
10134
10161
10203
10229
10255
10280
10308
10337
10371
10407
10446
10495
10511
10538
10574
10609
10652
10695
10712
10749
10781
10832
10857
10890
10904
10916
10944
10968
11029
11053
11069
11095
11140
11179
11211
11240
11279
11316
11363
11387
11425
11464
11491
11536
11547
11574
11594
11626
11649
11680
11699
11728
11748
11768
11802
11823
11856
11886
11904
11924
11942
11970
11986
12003
12035
12053
12088
12114
12147
12172
12212
12245
12259
12278
12307
12329
12362
12419
12446
12474
12500
12526
12562
12592
12617
12656
12676
12688
12733
12751
12781
12799
12819
12844
12858
12885
12931
12974
13000
13021
13045
13075
13110
13127
13157
13189
13219
13260
13295
13312
13341
13378
13399
13428
13450
13481
13506
13524
13556
13575
13616
13649
13668
13676
13722
13736
13761
13790
13825
13852
13884
13914
13958
13991
14031
14067
14097
14134
14173
14206
14239
14275
14310
14337
14363
14395
14429
14477
14541
14567
14606
14650
14678
14686
14714
14742
14793
14833
14848
14899
14923
14951
14990
15028
15062
15094
15117
