0
59
127
162
205
259
331
372
413
446
494
542
578
630
670
714
735
782
830
868
921
963
999
1045
1072
1129
1172
1204
1250
1293
1317
1347
1415
1458
1502
1539
1581
1619
1645
1697
1722
1762
1810
1839
1873
1912
1969
2014
2054
2093
2128
2182
2222
2280
2341
2400
2445
2475
2510
2558
2632
2678
2737
2785
2815
2846
2882
2928
2982
3030
3057
3098
3129
3177
3207
3233
3278
3324
3374
3407
3444
3495
3561
3592
3619
3636
3694
3743
3774
3825
3876
3922
3985
4041
4077
4128
4179
4241
4284
4312
4350
4393
4425
4466
4504
4546
4583
4627
4662
4732
4762
4794
4833
4872
4925
4961
5023
5068
5111
5148
5187
5239
5294
5331
5385
5444
5509
5560
5637
5688
5745
5788
5844
5906
5947
5988
6050
6117
6165
6221
6256
6301
6349
6385
6449
6487
6538
6573
6635
6670
6713
6760
6799
6843
6886
6940
6979
7055
7092
7137
7190
7260
7301
7353
7388
7440
7477
7511
7561
7614
7639
7666
7702
7762
7798
7845
7872
7901
7947
8025
8098
8133
8180
8248
8299
8333
8373
8426
8464
8516
8552
8583
8636
8691
8752
8799
8843
8896
8927
8969
9015
9055
9095
9144
9174
9211
9274
9313
9347
9387
9452
9489
9545
9606
9647
9683
9736
9780
9828
9858
9914
9956
9994
10036
10079
10115
10148
10168
10214
10236
10268
10318
10365
10397
10454
10514
10563
10614
10653
10697
10738
10795
10857
10915
10962
10988
11011
11071
11122
11169
11228
11273
11304
11342
11405
11442
11503
11562
11591
11628
11655
11721
11759
11791
11844
11867
11921
11976
12016
12058
12110
12138
12161
12190
12237
12302
12339
12403
12465
12514
12585
12644
12676
12739
12787
12839
12882
12919
12972
13015
13056
13114
13141
13189
13246
13305
13345
13401
13432
13450
13479
13514
13583
13638
13693
13760
13826
13875
13902
13948
13996
14031
14096
14136
14192
14253
14310
14353
14414
14440
14482
14515
14566
14607
14661
14719
14762
14816
14874
14901
14960
15005
15034
15070
15112
15151
15214
15265
15315
15354
15395
15436
15482
15525
15590
15656
15692
15730
15780
15820
15879
15935
15970
16020
16070
16137
16179
16227
16255
16285
16325
16363
16443
16480
16509
16545
16611
16658
16712
16757
16809
16856
16921
16956
17009
17074
17120
17186
17216
17254
17296
17340
17377
17425
17462
17505
17528
17566
17617
17646
17697
17741
17767
17805
17839
17879
17911
17954
18006
18042
18086
18121
18169
18210
18273
18317
18344
18380
18429
18456
18496
18576
18621
18661
18701
18747
18797
18841
18878
18929
18968
18990
19048
19085
19140
19178
19216
19252
19281
19322
19381
19445
19490
19524
19558
19607
19647
19684
19734
19788
19828
19874
19928
19963
20001
20057
20095
20145
20177
20221
20256
20289
20344
20377
20431
20480
20518
20536
20600
20634
20664
20715
20760
20800
20839
20885
20943
20981
21025
21079
21133
21175
21225
21271
21320
21375
21431
21479
21517
21560
21603
21659
21742
21784
21837
21898
21941
21965
22006
22042
22103
22158
22196
22262
22301
22349
22404
22463
22514
22565
22612
