0
179
328
357
441
567
758
804
859
878
926
1006
1009
1140
1214
1267
1267
1428
1550
1569
1644
1723
1727
1766
1771
1911
2030
2064
2129
2194
2194
2208
2345
2448
2535
2599
2640
2715
2715
2814
2853
2886
2988
2994
3034
3055
3186
3315
3357
3416
3433
3572
3644
3760
3916
4074
4178
4179
4179
4258
4411
4463
4574
4645
4662
4692
4692
4783
4900
4918
4945
4989
4993
5149
5184
5185
5211
5255
5353
5420
5487
5635
5862
5881
5881
5881
6000
6091
6107
6160
6232
6329
6481
6556
6588
6675
6750
6890
6974
6991
7039
7103
7103
7187
7191
7237
7259
7365
7377
7528
7542
7542
7570
7639
7745
7804
7903
8010
8136
8183
8207
8303
8351
8387
8503
8602
8754
8870
9080
9218
9373
9472
9656
9797
9902
9943
10010
10180
10271
10346
10386
10501
10604
10664
10820
10854
10938
10990
11141
11188
11220
11286
11336
11380
11438
11579
11655
11845
11895
11973
12058
12201
12266
12424
12457
12564
12578
12622
12673
12808
12827
12843
12863
13024
13072
13156
13181
13214
13288
13447
13610
13632
13752
13868
13945
13957
14021
14133
14210
14338
14363
14372
14446
14596
14701
14771
14874
14952
14960
14996
15016
15059
15110
15194
15194
15211
15336
15369
15429
15483
15620
15659
15770
15949
16003
16065
16127
16159
16204
16214
16361
16412
16528
16625
16658
16675
16683
16683
16785
16792
16853
16930
16993
17004
17160
17282
17360
17400
17435
17488
17592
17661
17829
17963
18106
18106
18106
18216
18289
18359
18474
18586
18591
18595
18604
18684
18739
18858
18864
18882
18891
19033
19050
19050
19155
19189
19289
19425
19467
19532
19646
19674
19674
19674
19763
19885
19906
20069
20239
20371
20558
20723
20730
20888
20987
21062
21168
21220
21327
21409
21472
21578
21582
21686
21831
21932
22018
22154
22178
22186
22186
22255
22459
22579
22673
22874
23015
23076
23078
23171
23272
23314
23431
23483
23621
23699
23843
23914
24046
24052
24136
24162
24209
24297
24438
24558
24580
24620
24753
24781
24945
25029
25029
25066
25142
25193
25346
25414
25461
25500
25536
25638
25705
25817
25939
26145
26157
26205
26304
26431
26581
26748
26787
26903
26953
27119
27156
27280
27305
27308
27354
27392
27576
27626
27627
27644
27834
27932
28008
28094
28225
28285
28444
28530
28617
28743
28811
28953
28953
29010
29025
29135
29192
29297
29337
29386
29388
29403
29487
29510
29542
29631
29631
29694
29708
29755
29776
29784
29855
29885
30016
30045
30117
30205
30333
30436
30440
30459
30537
30577
30698
30915
30983
31049
31060
31081
31175
31233
31289
31365
31404
31404
31568
31572
31669
31687
31711
31766
31783
31839
32030
32204
32278
32293
32293
32365
32465
32487
32605
32696
32774
32852
32968
33024
33068
33198
33218
33262
33263
33354
33385
33385
33518
33538
33682
33726
33744
33744
33927
33927
33954
34045
34150
34197
34272
34333
34443
34532
34615
34735
34812
34926
35023
35093
35163
35277
35382
35449
35509
35553
35647
35817
36059
36144
36258
36408
36490
36505
36601
36634
36798
36928
36928
37113
37138
37174
37262
37380
37473
37533
37567
