0
22
46
114
171
186
202
237
268
293
321
366
429
477
512
601
652
694
761
802
854
899
923
986
998
1041
1066
1112
1136
1184
1203
1267
1272
1316
1361
1393
1412
1435
1465
1494
1523
1569
1606
1661
1710
1736
1769
1825
1848
1918
1932
1944
1986
1995
2032
2057
2095
2102
2118
2152
2194
2220
2254
2267
2301
2345
2399
2428
2468
2521
2562
2572
2601
2630
2695
2733
2755
2755
2790
2842
2880
2896
2955
2986
2994
3030
3039
3051
3082
3104
3137
3149
3173
3201
3232
3251
3286
3332
3360
3421
3449
3479
3524
3543
3568
3586
3630
3664
3674
3718
3761
3781
3788
3791
3791
3833
3867
3880
3930
3949
3993
4045
4089
4110
4133
4156
4194
4222
4260
4329
4373
4402
4404
4412
4459
4489
4536
4575
4601
4612
4625
4643
4663
4710
4741
4756
4770
4798
4827
4842
4865
4895
4934
4955
4997
5029
5066
5101
5107
5110
5142
5190
5209
5243
5322
5377
5444
5457
5515
5533
5587
5626
5682
5713
5749
5768
5812
5853
5860
5890
5912
5976
6028
6057
6101
6108
6109
6140
6203
6243
6285
6333
6420
6447
6465
6487
6532
6573
6597
6644
6682
6716
6763
6813
6843
6876
6904
6915
6943
6977
7041
7084
7100
7117
7137
7183
7218
7272
7279
7285
7308
7351
7410
7425
7467
7494
7501
7529
7577
7610
7680
7746
7772
7781
7825
7893
7927
8008
8026
8048
8092
8129
8176
8206
8239
8249
8259
8289
8340
8392
8403
8416
8475
8510
8546
8573
8625
8650
8712
8731
8781
8805
8869
8905
8932
8934
8968
9010
9037
9044
9090
9114
9129
9147
9175
9197
9224
9249
9264
9290
9290
9309
9334
9353
9367
9395
9408
9466
9477
9504
9567
9610
9632
9637
9663
9688
9700
9789
9851
9893
9905
9922
9946
9975
10017
10052
10080
10089
10143
10158
10198
10209
10221
10242
10253
10282
10315
10375
10436
10453
10470
10483
10532
10555
10574
10619
10652
10683
10736
10773
10776
10822
10852
10862
10881
10918
10926
10937
10970
10994
11055
11070
11085
11098
11098
11162
11178
11200
11251
11278
11302
11337
11374
11425
11456
11477
11508
11563
11617
11637
11677
11716
11762
11795
11832
11854
11886
11952
12013
12068
12129
12175
12217
12230
12257
12288
12346
12377
12403
12414
12480
12498
12514
12555
12602
12652
12656
12680
12709
12725
12773
12840
12907
12937
12955
12964
13007
13024
13062
13118
13145
13161
13171
13193
13241
13297
13303
13319
13347
13368
13395
13430
13475
13509
13537
13586
13622
13635
13684
13723
13740
13761
13792
13824
13876
13935
13953
13994
14042
14096
14124
14162
14167
14182
14232
14240
14285
14320
14340
14346
14403
14424
14467
14494
14530
14530
14556
14559
14613
14621
14675
14702
14730
14745
14760
14789
14846
14851
14898
14930
14943
14966
14998
15017
15041
15079
15100
15118
15123
15176
15216
15253
15265
15295
15330
15379
15420
15452
15511
15574
15590
15599
15632
15673
15721
15757
15787
15814
15817
15834
15864
15916
15926
15932
15964
15977
16033
16047
16055
16058
16087
