0
35
77
135
143
208
242
293
313
358
380
417
441
483
496
527
586
621
661
722
728
728
750
793
841
887
929
1025
1058
1080
1101
1145
1194
1195
1247
1279
1332
1363
1425
1453
1494
1501
1537
1554
1593
1634
1683
1713
1739
1749
1809
1824
1879
1902
1904
1933
1974
2007
2045
2087
2104
2125
2149
2191
2227
2284
2324
2386
2399
2431
2497
2514
2599
2646
2649
2690
2719
2778
2804
2846
2855
2860
2886
2919
2991
3003
3018
3056
3106
3136
3178
3197
3239
3274
3335
3381
3410
3459
3500
3540
3541
3567
3592
3631
3645
3693
3705
3729
3751
3772
3793
3818
3829
3865
3865
3890
3907
3931
3941
3965
3994
4007
4047
4072
4105
4160
4204
4230
4237
4258
4287
4301
4350
4433
4474
4493
4514
4519
4560
4610
4637
4670
4675
4690
4740
4751
4796
4811
4811
4843
4849
4882
4944
5014
5044
5059
5067
5096
5137
5151
5210
5240
5271
5322
5353
5368
5403
5438
5456
5474
5514
5520
5534
5549
5590
5625
5656
5681
5698
5698
5761
5763
5791
5831
5874
5881
5918
5945
6011
6039
6064
6106
6147
6199
6227
6266
6290
6353
6380
6406
6430
6461
6511
6577
6652
6699
6745
6791
6819
6828
6866
6930
6959
6990
6991
7055
7075
7099
7143
7184
7238
7248
7268
7288
7304
7352
7426
7447
7511
7537
7547
7585
7607
7647
7704
7721
7744
7747
7773
7793
7863
7885
7898
7928
7953
7977
7989
8034
8067
8107
8144
8205
8216
8236
8294
8321
8330
8357
8381
8403
8491
8532
8544
8616
8643
8695
8729
8747
8763
8784
8817
8843
8897
8905
8928
8970
9004
9046
9063
9099
9116
9135
9146
9180
9205
9254
9276
9300
9328
9330
9341
9423
9434
9482
9494
9522
9550
9571
9602
9620
9642
9682
9701
9704
9751
9787
9828
9844
9876
9888
9956
9992
10028
10094
10153
10171
10182
10192
10231
10289
10310
10369
10397
10402
10416
10420
10471
10511
10520
10551
10562
10579
10621
10637
10642
10662
10674
10719
10768
10791
10847
10918
10921
10926
10943
10976
11005
11023
11056
11102
11134
11171
11209
11214
11252
11289
11354
11372
11393
11407
11433
11438
11478
11493
11509
11531
11561
11578
11631
11644
11660
11693
11726
11754
11782
11838
11907
11921
11939
11971
12003
12032
12035
12101
12145
12201
12234
12320
12363
12432
12462
12536
12573
12619
12650
12705
12724
12772
12801
12846
12871
12902
12932
12994
13003
13051
13097
13122
13147
13169
13192
13227
13255
13287
13335
13362
13436
13466
13500
13562
13584
13639
13669
13680
13724
13733
13765
13794
13828
13836
13853
13866
13928
13955
13987
13987
14020
14070
14115
14166
14198
14243
14297
14310
14327
14371
14412
14435
14493
14495
14528
14564
14611
14627
14686
14704
14729
14752
14762
14782
14814
14831
14867
14870
14897
14933
14962
14968
14996
15051
15088
15130
15175
15202
15237
15264
15292
15313
15348
15393
15404
15442
15493
15512
15520
15527
15527
15564
15601
15610
15665
15680
15709
15759
15802
15832
15862
15873
15917
15938
15988
