0
42
86
101
128
168
217
237
264
281
303
331
342
385
406
434
441
484
520
532
561
584
597
620
628
673
705
726
751
778
789
803
844
868
898
924
952
968
973
1014
1029
1052
1089
1097
1110
1126
1174
1206
1229
1254
1271
1304
1330
1369
1411
1450
1485
1501
1512
1542
1599
1618
1656
1680
1693
1707
1713
1745
1777
1795
1810
1840
1848
1888
1903
1910
1927
1945
1976
2004
2027
2071
2127
2141
2150
2153
2194
2219
2234
2260
2288
2309
2352
2383
2396
2430
2457
2501
2531
2547
2575
2597
2608
2634
2644
2666
2684
2711
2724
2765
2782
2790
2807
2833
2878
2901
2936
2971
3006
3034
3052
3087
3117
3130
3170
3207
3254
3286
3335
3370
3411
3445
3487
3529
3560
3582
3615
3651
3681
3707
3728
3760
3795
3819
3866
3886
3910
3939
3978
4000
4023
4053
4079
4105
4132
4173
4196
4249
4277
4307
4341
4386
4417
4450
4470
4504
4515
4538
4563
4598
4613
4627
4635
4680
4701
4732
4746
4767
4795
4842
4889
4912
4946
4984
5011
5023
5055
5090
5113
5149
5167
5180
5209
5257
5292
5321
5349
5378
5389
5413
5435
5453
5472
5503
5519
5535
5571
5588
5606
5626
5667
5687
5721
5764
5789
5811
5843
5865
5893
5906
5945
5964
5992
6023
6043
6057
6076
6081
6109
6125
6143
6177
6212
6226
6274
6312
6335
6357
6376
6401
6427
6461
6505
6544
6580
6587
6590
6627
6658
6686
6722
6757
6774
6791
6811
6838
6868
6904
6917
6929
6942
6982
6995
7002
7034
7050
7090
7129
7149
7174
7211
7227
7232
7241
7271
7310
7328
7369
7412
7445
7502
7547
7554
7598
7630
7669
7696
7716
7752
7783
7806
7842
7850
7882
7922
7954
7982
8022
8036
8043
8051
8074
8129
8170
8207
8259
8300
8328
8340
8378
8410
8429
8468
8489
8525
8562
8603
8631
8670
8689
8716
8738
8763
8793
8832
8873
8892
8910
8948
8958
9005
9024
9030
9052
9077
9101
9145
9173
9191
9210
9234
9260
9292
9325
9362
9418
9430
9452
9490
9522
9562
9608
9630
9666
9690
9738
9758
9792
9807
9814
9837
9857
9915
9933
9947
9967
10011
10043
10071
10097
10134
10163
10210
10233
10264
10305
10335
10382
10391
10416
10432
10461
10484
10514
10536
10561
10572
10589
10625
10646
10664
10694
10707
10725
10738
10760
10772
10786
10815
10832
10864
10881
10914
10937
10975
11004
11017
11031
11061
11082
11113
11170
11198
11225
11240
11254
11287
11320
11344
11376
11391
11403
11448
11463
11494
11510
11527
11550
11563
11586
11633
11677
11703
11719
11735
11762
11794
11806
11840
11873
11898
11929
11961
11981
12005
12041
12060
12075
12090
12122
12144
12157
12192
12207
12242
12268
12283
12288
12335
12342
12358
12389
12419
12445
12472
12496
12532
12556
12591
12628
12654
12685
12722
12750
12780
12813
12847
12875
12899
12930
12967
13015
13080
13101
13138
13180
13209
13219
13245
13264
13310
13348
13356
13405
13423
13447
13481
13517
13552
13579
13598
