0
8
8
26
62
121
147
236
339
400
457
536
544
629
672
724
757
812
846
888
919
976
992
1033
1110
1155
1207
1288
1299
1299
1322
1385
1442
1505
1556
1689
1735
1756
1775
1829
1893
1893
1959
1998
2070
2103
2181
2215
2268
2276
2326
2343
2392
2449
2505
2549
2581
2587
2664
2680
2753
2786
2788
2825
2877
2907
2960
3019
3039
3058
3087
3147
3187
3263
3317
3402
3418
3453
3533
3560
3671
3732
3733
3791
3819
3898
3930
3985
3996
3998
4026
4073
4167
4179
4191
4229
4307
4343
4400
4422
4480
4517
4602
4654
4690
4757
4807
4860
4860
4891
4926
4978
4996
5058
5069
5098
5119
5141
5166
5190
5202
5251
5251
5285
5297
5333
5344
5369
5404
5421
5472
5496
5543
5613
5675
5705
5713
5734
5773
5789
5852
5965
6011
6031
6044
6055
6105
6166
6199
6234
6237
6248
6320
6331
6390
6408
6408
6450
6455
6495
6578
6670
6705
6716
6722
6759
6811
6827
6910
6946
6980
7053
7092
7103
7135
7192
7208
7232
7283
7287
7302
7317
7367
7409
7450
7475
7491
7491
7578
7581
7614
7661
7708
7719
7761
7792
7886
7917
7947
8005
8058
8120
8156
8203
8230
8312
8346
8382
8414
8453
8515
8605
8702
8762
8823
8885
8926
8936
8982
9066
9106
9146
9147
9236
9262
9283
9340
9391
9455
9461
9482
9499
9518
9575
9669
9699
9778
9808
9819
9866
9895
9954
10026
10055
10081
10085
10118
10146
10241
10265
10283
10316
10339
10368
10382
10445
10482
10537
10584
10662
10674
10699
10772
10803
10814
10836
10868
10895
11013
11069
11079
11176
11202
11281
11324
11342
11361
11391
11432
11462
11534
11542
11569
11617
11664
11719
11739
11787
11808
11830
11839
11884
11914
11977
12005
12035
12065
12066
12078
12196
12206
12271
12287
12318
12350
12375
12415
12436
12459
12505
12526
12534
12597
12639
12694
12711
12748
12764
12854
12905
12949
13034
13112
13134
13148
13157
13201
13279
13305
13383
13410
13415
13432
13437
13499
13557
13565
13602
13612
13631
13693
13717
13720
13748
13763
13819
13880
13914
13980
14080
14080
14081
14100
14143
14183
14208
14252
14311
14350
14407
14459
14462
14515
14559
14642
14663
14688
14702
14735
14736
14782
14808
14825
14851
14890
14910
14980
14988
15005
15041
15086
15117
15150
15212
15305
15329
15345
15384
15424
15459
15461
15548
15599
15675
15719
15829
15889
15980
16023
16123
16165
16223
16259
16327
16359
16417
16461
16521
16548
16592
16626
16716
16724
16777
16837
16871
16908
16934
16964
17007
17043
17080
17145
17178
17268
17311
17354
17436
17466
17531
17570
17577
17634
17647
17689
17726
17772
17784
17807
17821
17905
17941
17974
17974
18014
18083
18137
18204
18234
18292
18364
18379
18398
18448
18497
18527
18606
18606
18645
18696
18757
18780
18859
18879
18911
18933
18943
18965
18997
19014
19057
19057
19093
19139
19176
19182
19214
19291
19336
19393
19454
19483
19523
19557
19580
19604
19655
19708
19720
19773
19829
19853
19861
19864
19864
19914
19952
19961
20029
20043
20078
