0
26
48
100
140
162
182
215
249
271
301
345
398
431
465
524
563
597
647
679
712
747
775
823
842
881
902
948
976
1013
1033
1079
1098
1131
1169
1196
1222
1252
1279
1314
1342
1383
1418
1463
1498
1523
1560
1605
1635
1688
1704
1727
1759
1775
1806
1835
1864
1877
1894
1925
1956
1981
2014
2038
2070
2100
2150
2184
2225
2259
2298
2323
2346
2371
2416
2447
2474
2487
2520
2561
2603
2623
2669
2705
2722
2758
2780
2797
2822
2850
2882
2904
2931
2955
2986
3007
3040
3075
3103
3150
3174
3201
3250
3277
3315
3341
3377
3411
3424
3466
3511
3537
3553
3575
3583
3619
3647
3663
3710
3732
3763
3806
3848
3869
3897
3932
3965
3991
4018
4071
4100
4132
4145
4164
4206
4232
4268
4302
4327
4352
4374
4400
4429
4473
4497
4524
4537
4565
4589
4608
4635
4664
4699
4730
4760
4794
4833
4863
4877
4892
4918
4959
4982
5012
5064
5101
5155
5173
5217
5240
5284
5320
5373
5403
5436
5457
5502
5534
5553
5582
5605
5652
5690
5719
5754
5766
5769
5801
5848
5888
5925
5959
6019
6046
6074
6096
6132
6168
6191
6233
6263
6304
6348
6385
6414
6446
6472
6496
6522
6552
6599
6629
6652
6672
6703
6738
6767
6805
6815
6830
6858
6894
6937
6951
6990
7015
7027
7060
7103
7130
7179
7228
7255
7270
7304
7356
7386
7440
7456
7484
7520
7554
7594
7615
7640
7655
7671
7704
7748
7791
7805
7830
7875
7906
7943
7969
8016
8048
8090
8109
8154
8178
8226
8265
8287
8296
8329
8368
8390
8401
8432
8460
8483
8506
8536
8556
8588
8622
8649
8668
8677
8705
8726
8746
8771
8797
8812
8854
8870
8891
8939
8977
9000
9016
9036
9067
9080
9141
9188
9224
9239
9266
9294
9321
9350
9389
9415
9433
9472
9494
9524
9543
9567
9588
9603
9630
9665
9711
9755
9770
9798
9821
9855
9882
9902
9934
9962
9998
10039
10068
10079
10124
10149
10175
10204
10240
10256
10271
10304
10323
10370
10396
10422
10437
10451
10503
10517
10545
10587
10616
10642
10680
10718
10758
10790
10821
10855
10894
10933
10959
10992
11022
11063
11095
11124
11146
11177
11221
11276
11315
11357
11397
11430
11442
11463
11494
11544
11575
11605
11627
11676
11703
11731
11767
11809
11850
11864
11892
11920
11948
11988
12040
12086
12118
12142
12160
12201
12225
12255
12301
12331
12355
12369
12395
12432
12470
12489
12512
12543
12570
12598
12631
12673
12708
12729
12775
12805
12824
12866
12898
12922
12945
12977
13005
13047
13093
13116
13155
13195
13236
13265
13307
13328
13350
13389
13406
13447
13471
13500
13508
13548
13575
13604
13629
13667
13680
13704
13713
13752
13766
13805
13837
13874
13896
13916
13939
13981
13993
14029
14061
14079
14105
14139
14158
14193
14229
14251
14271
14285
14327
14364
14396
14413
14444
14474
14517
14551
14578
14615
14657
14683
14696
14723
14764
14803
14835
14858
14882
14897
14916
14945
14989
15004
15027
15057
15075
15113
15131
15143
15154
15184
