0
86
163
178
224
291
388
417
447
461
494
537
541
611
644
671
674
755
819
832
875
916
924
946
953
1021
1080
1102
1138
1172
1172
1185
1255
1306
1357
1394
1423
1459
1459
1516
1539
1559
1613
1618
1643
1657
1728
1789
1815
1854
1863
1932
1974
2035
2112
2187
2240
2247
2257
2299
2387
2413
2468
2506
2523
2540
2545
2598
2657
2674
2688
2715
2723
2801
2824
2828
2844
2869
2919
2959
2993
3066
3176
3185
3185
3185
3244
3288
3302
3338
3378
3423
3501
3543
3561
3607
3650
3718
3764
3774
3801
3834
3834
3879
3889
3918
3936
3988
3999
4074
4086
4088
4108
4145
4208
4244
4297
4353
4410
4441
4458
4509
4540
4558
4620
4674
4749
4809
4910
4976
5049
5102
5190
5260
5311
5337
5375
5452
5498
5545
5567
5625
5682
5716
5794
5816
5858
5893
5961
5992
6016
6055
6087
6113
6149
6219
6256
6355
6388
6426
6471
6541
6577
6652
6677
6734
6748
6772
6804
6868
6884
6896
6907
6990
7017
7058
7072
7091
7134
7223
7298
7316
7376
7439
7479
7487
7522
7584
7625
7687
7702
7709
7743
7820
7875
7916
7961
8004
8009
8038
8054
8079
8107
8151
8157
8169
8234
8251
8280
8307
8382
8405
8466
8553
8584
8620
8657
8678
8705
8716
8783
8811
8870
8917
8937
8949
8960
8960
9010
9016
9047
9097
9137
9145
9228
9287
9326
9355
9373
9403
9452
9497
9574
9641
9708
9709
9709
9765
9808
9843
9902
9961
9972
9981
9993
10036
10070
10131
10137
10153
10161
10230
10247
10254
10307
10322
10379
10450
10480
10515
10576
10595
10595
10598
10647
10706
10723
10800
10880
10941
11037
11113
11118
11198
11247
11288
11337
11363
11428
11468
11499
11553
11555
11610
11681
11734
11779
11849
11866
11874
11879
11915
12014
12079
12125
12225
12299
12331
12335
12387
12445
12468
12533
12565
12632
12675
12744
12780
12845
12852
12899
12916
12946
12993
13063
13122
13138
13166
13231
13245
13326
13367
13370
13398
13439
13468
13541
13585
13612
13637
13660
13710
13754
13808
13878
13977
13993
14021
14074
14135
14208
14290
14308
14368
14395
14475
14497
14556
14571
14572
14599
14624
14716
14745
14752
14765
14857
14903
14945
14985
15049
15086
15160
15202
15250
15313
15355
15428
15428
15460
15473
15524
15559
15615
15636
15664
15670
15684
15733
15751
15769
15817
15820
15855
15869
15900
15917
15924
15964
15978
16041
16063
16108
16153
16219
16273
16278
16296
16336
16360
16420
16526
16567
16603
16617
16629
16680
16715
16744
16787
16812
16813
16895
16903
16953
16971
16986
17017
17035
17068
17158
17239
17279
17294
17304
17340
17392
17408
17467
17512
17553
17603
17659
17685
17712
17773
17787
17813
17822
17865
17886
17890
17953
17967
18037
18062
18078
18078
18164
18166
18184
18231
18281
18305
18347
18379
18441
18485
18532
18590
18630
18684
18741
18782
18814
18871
18929
18965
18997
19032
19085
19166
19287
19331
19392
19465
19512
19522
19569
19590
19669
19732
19734
19823
19843
19864
19907
19965
20014
20048
20071
