0
36
72
110
127
182
212
261
283
319
343
382
405
445
466
489
539
567
602
649
664
667
690
731
775
819
853
915
948
971
1001
1034
1077
1087
1129
1161
1207
1240
1284
1312
1350
1363
1394
1417
1447
1487
1522
1546
1579
1597
1639
1656
1692
1716
1726
1766
1799
1823
1851
1889
1913
1931
1962
1997
2028
2070
2105
2148
2167
2196
2245
2266
2329
2360
2379
2415
2448
2498
2523
2554
2567
2581
2614
2645
2700
2722
2741
2776
2815
2849
2889
2916
2954
2989
3030
3065
3093
3130
3164
3204
3215
3240
3269
3301
3317
3348
3370
3397
3426
3445
3470
3496
3521
3560
3570
3590
3612
3641
3654
3682
3710
3728
3762
3785
3814
3851
3890
3914
3936
3955
3980
4001
4035
4096
4131
4151
4183
4196
4234
4278
4303
4336
4350
4372
4406
4422
4459
4477
4489
4517
4530
4559
4603
4650
4677
4694
4719
4745
4780
4797
4840
4868
4896
4940
4970
4986
5019
5049
5075
5104
5149
5164
5181
5203
5229
5258
5298
5326
5344
5355
5399
5415
5447
5478
5515
5531
5570
5597
5646
5680
5708
5746
5778
5822
5850
5886
5912
5959
5988
6021
6042
6075
6108
6160
6213
6249
6287
6327
6344
6357
6388
6440
6475
6507
6523
6573
6601
6628
6669
6706
6750
6766
6791
6816
6842
6880
6931
6963
7013
7037
7047
7085
7110
7148
7190
7221
7253
7259
7285
7308
7355
7376
7399
7428
7457
7486
7509
7544
7582
7618
7650
7697
7709
7737
7778
7809
7829
7859
7885
7908
7966
8007
8029
8082
8110
8152
8180
8209
8235
8258
8291
8313
8357
8371
8396
8430
8459
8490
8508
8541
8564
8583
8600
8633
8651
8693
8720
8745
8783
8799
8815
8871
8887
8918
8936
8968
9002
9025
9056
9079
9110
9140
9165
9175
9216
9246
9280
9307
9337
9357
9403
9437
9464
9503
9540
9569
9587
9601
9637
9680
9705
9751
9774
9789
9806
9820
9867
9901
9920
9950
9966
9985
10013
10031
10047
10069
10093
10126
10162
10188
10234
10285
10301
10310
10331
10362
10387
10414
10446
10481
10522
10549
10580
10597
10633
10657
10705
10724
10749
10770
10795
10811
10849
10867
10884
10907
10931
10955
11001
11017
11038
11071
11098
11130
11151
11197
11244
11264
11292
11320
11356
11385
11403
11453
11495
11536
11570
11627
11664
11709
11737
11787
11814
11853
11882
11930
11949
11989
12014
12046
12078
12106
12135
12178
12197
12236
12273
12301
12336
12360
12382
12419
12445
12477
12520
12552
12603
12631
12667
12714
12742
12787
12814
12829
12865
12878
12904
12937
12965
12978
12999
13019
13057
13084
13122
13138
13170
13206
13244
13296
13330
13358
13403
13422
13444
13477
13506
13532
13577
13590
13622
13654
13699
13732
13774
13803
13828
13857
13878
13903
13928
13952
13982
13999
14024
14059
14082
14102
14129
14172
14202
14240
14272
14296
14334
14366
14404
14427
14459
14501
14519
14550
14605
14634
14649
14670
14680
14712
14748
14762
14809
14828
14852
14891
14936
14963
14993
15023
15063
15083
15123
