0
39
71
106
155
217
257
310
358
398
435
484
519
554
588
622
658
687
739
786
826
853
898
929
966
1011
1045
1079
1118
1174
1213
1264
1318
1360
1414
1448
1484
1517
1574
1635
1697
1725
1776
1823
1872
1935
1982
2008
2037
2102
2146
2174
2247
2279
2305
2358
2406
2457
2479
2522
2537
2578
2636
2690
2741
2807
2858
2897
2929
2964
3017
3049
3098
3144
3194
3249
3304
3351
3403
3468
3527
3572
3634
3670
3712
3753
3809
3845
3887
3948
3995
4037
4077
4119
4154
4189
4232
4286
4338
4389
4435
4486
4536
4570
4593
4662
4703
4754
4797
4858
4912
4962
5022
5052
5096
5156
5203
5248
5310
5341
5384
5449
5503
5544
5589
5630
5679
5735
5761
5817
5867
5892
5925
5991
6044
6083
6140
6180
6219
6258
6309
6345
6395
6429
6462
6511
6542
6602
6648
6687
6741
6787
6829
6880
6935
6976
7020
7071
7110
7158
7198
7234
7289
7323
7370
7419
7472
7495
7529
7574
7615
7678
7717
7758
7798
7849
7906
7952
7984
8027
8089
8133
8150
8180
8221
8262
8300
8374
8425
8471
8514
8567
8621
8666
8685
8743
8781
8823
8857
8891
8949
8995
9033
9074
9106
9150
9208
9262
9316
9348
9402
9429
9479
9537
9585
9625
9678
9719
9764
9796
9847
9885
9937
9974
10019
10056
10098
10144
10189
10220
10270
10328
10366
10435
10478
10504
10547
10609
10657
10701
10751
10810
10837
10880
10954
10992
11021
11074
11118
11182
11255
11283
11323
11385
11443
11484
11502
11548
11586
11637
11671
11723
11763
11809
11850
11883
11940
11986
12056
12104
12158
12192
12233
12264
12316
12354
12395
12455
12492
12540
12572
12616
12664
12712
12769
12827
12878
12923
13000
13046
13093
13146
13190
13256
13308
13367
13420
13487
13532
13595
13634
13672
13707
13754
13803
13850
13871
13908
13960
14011
14050
14116
14169
14197
14230
14289
14323
14379
14426
14459
14496
14546
14608
14641
14685
14724
14762
14800
14826
14873
14915
14960
15016
15055
15105
15156
15201
15249
15309
15363
15402
15448
15492
15537
15586
15612
15663
15695
15740
15780
15815
15849
15900
15964
16017
16052
16091
16129
16161
16204
16239
16291
16334
16380
16429
16473
16502
16547
16589
16608
16643
16669
16703
16732
16776
16836
16879
16908
16948
16994
17038
17075
17112
17172
17214
17267
17307
17345
17402
17439
17459
17487
17534
17591
17649
17714
17758
17794
17857
17894
17932
17994
18039
18058
18107
18144
18188
18221
18262
18298
18336
18385
18429
18477
18538
18598
18641
18677
18736
18784
18824
18886
18937
18975
19013
19073
19098
19134
19200
19246
19286
19328
19384
19425
19458
19515
19539
19598
19650
19688
19757
19790
19848
19882
19923
19984
20028
20076
20120
20160
20206
20273
20306
20345
20395
20449
20500
20534
20609
20653
20710
20756
20800
20850
20909
20944
20989
21062
21090
21138
21194
21248
21298
21347
21396
21453
21501
21548
21603
21650
21679
21707
21773
21846
21896
21958
22018
22074
22113
22161
22202
22235
22290
22343
22377
22408
22449
22486
22530
22577
22624
