0
231
427
465
576
734
983
1035
1110
1128
1189
1294
1294
1461
1555
1615
1615
1821
1977
2001
2088
2195
2199
2241
2243
2425
2578
2618
2706
2779
2779
2797
2972
3109
3220
3303
3351
3448
3448
3566
3616
3653
3778
3784
3828
3845
4019
4183
4232
4310
4325
4506
4597
4744
4949
5165
5289
5289
5289
5385
5580
5647
5793
5884
5902
5935
5935
6051
6207
6225
6253
6304
6309
6511
6552
6552
6581
6636
6762
6851
6936
7132
7424
7448
7448
7448
7603
7721
7740
7798
7899
8025
8219
8311
8354
8465
8554
8736
8840
8852
8908
8987
8987
9093
9095
9150
9173
9308
9317
9515
9523
9523
9557
9643
9784
9849
9967
10104
10267
10323
10346
10469
10535
10581
10731
10862
11058
11203
11480
11661
11861
11985
12234
12407
12538
12594
12681
12905
13023
13118
13162
13312
13441
13518
13720
13763
13873
13930
14126
14177
14215
14299
14354
14405
14481
14667
14763
15006
15063
15164
15258
15442
15522
15734
15774
15915
15927
15986
16045
16224
16242
16260
16288
16493
16550
16658
16686
16726
16824
17024
17243
17271
17424
17574
17660
17664
17739
17884
17988
18156
18189
18199
18295
18481
18612
18696
18831
18931
18935
18980
18995
19051
19112
19219
19219
19241
19412
19433
19511
19580
19754
19802
19942
20178
20248
20317
20396
20432
20484
20494
20687
20760
20907
21027
21075
21094
21101
21101
21231
21236
21315
21411
21493
21497
21706
21864
21962
22014
22060
22129
22257
22335
22556
22736
22918
22918
22918
23056
23144
23227
23373
23523
23527
23528
23532
23641
23696
23843
23849
23870
23879
24049
24068
24069
24207
24252
24383
24554
24603
24687
24840
24879
24879
24879
24984
25145
25169
25376
25596
25768
26010
26226
26235
26435
26559
26655
26783
26848
26984
27090
27163
27301
27307
27441
27632
27757
27862
28041
28071
28079
28079
28167
28434
28592
28716
28980
29164
29235
29235
29348
29486
29540
29694
29761
29931
30036
30227
30314
30473
30476
30587
30621
30682
30795
30983
31138
31159
31208
31379
31418
31631
31744
31744
31789
31888
31953
32148
32236
32291
32343
32381
32506
32597
32734
32893
33164
33176
33234
33353
33519
33715
33931
33977
34130
34189
34405
34443
34605
34636
34636
34692
34740
34984
35049
35049
35062
35319
35445
35546
35649
35815
35884
36093
36202
36315
36482
36563
36749
36749
36825
36838
36985
37051
37179
37231
37282
37285
37305
37404
37430
37474
37590
37590
37673
37686
37739
37759
37767
37856
37896
38057
38093
38177
38287
38449
38581
38586
38608
38703
38765
38923
39208
39298
39374
39386
39412
39533
39601
39679
39766
39819
39819
40028
40029
40151
40172
40199
40263
40286
40358
40601
40820
40923
40940
40940
41029
41151
41181
41334
41451
41542
41641
41791
41859
41913
42078
42096
42148
42148
42262
42293
42293
42453
42477
42670
42725
42747
42747
42987
42987
43017
43131
43260
43315
43407
43484
43622
43742
43851
44004
44103
44246
44373
44458
44548
44689
44826
44912
44985
45041
45157
45374
45686
45798
45940
46139
46246
46260
46380
46423
46637
46809
46809
47053
47084
47119
47228
47383
47498
47576
47622
