0
12
20
35
64
101
123
168
222
258
296
338
351
399
428
466
487
521
542
574
596
633
652
674
719
747
780
829
840
841
860
892
932
973
1014
1077
1110
1130
1152
1185
1223
1230
1269
1297
1336
1365
1414
1438
1474
1486
1516
1539
1571
1609
1643
1676
1706
1717
1758
1771
1809
1827
1836
1862
1893
1916
1948
1983
1996
2014
2040
2070
2103
2139
2170
2221
2233
2258
2308
2327
2383
2416
2429
2461
2487
2531
2554
2587
2600
2607
2629
2661
2715
2730
2746
2775
2813
2840
2873
2895
2925
2955
3003
3033
3061
3098
3132
3169
3181
3208
3230
3260
3276
3308
3327
3350
3375
3393
3416
3436
3453
3489
3496
3515
3530
3553
3568
3588
3612
3629
3658
3678
3704
3742
3778
3800
3815
3832
3859
3876
3912
3971
4005
4022
4038
4048
4081
4126
4151
4177
4191
4209
4247
4265
4299
4317
4326
4353
4362
4389
4437
4483
4507
4518
4533
4558
4589
4602
4645
4672
4697
4734
4760
4780
4803
4835
4854
4867
4902
4920
4934
4954
4983
5011
5040
5062
5075
5080
5128
5136
5162
5194
5226
5240
5271
5295
5339
5362
5389
5425
5456
5493
5517
5553
5577
5621
5647
5675
5699
5733
5774
5823
5875
5908
5942
5979
6003
6016
6043
6088
6120
6150
6159
6204
6224
6254
6291
6322
6368
6382
6400
6424
6448
6485
6537
6565
6614
6634
6648
6681
6701
6732
6776
6799
6825
6830
6852
6869
6916
6936
6952
6980
7002
7027
7046
7084
7112
7142
7173
7221
7233
7251
7290
7320
7335
7358
7382
7403
7461
7496
7510
7563
7589
7626
7653
7673
7688
7711
7741
7764
7801
7814
7834
7864
7893
7923
7938
7970
7986
8007
8019
8053
8072
8107
8133
8155
8182
8192
8200
8260
8274
8310
8329
8356
8376
8395
8421
8439
8466
8495
8511
8517
8560
8587
8622
8641
8668
8679
8728
8755
8784
8829
8870
8896
8912
8924
8960
9007
9032
9079
9098
9105
9117
9124
9163
9193
9206
9233
9255
9271
9301
9318
9329
9349
9364
9396
9434
9454
9498
9544
9556
9565
9584
9611
9635
9653
9682
9714
9745
9774
9807
9823
9860
9888
9939
9959
9982
10003
10024
10037
10065
10082
10099
10116
10142
10161
10203
10218
10233
10259
10287
10314
10338
10381
10426
10448
10470
10501
10534
10560
10568
10619
10659
10700
10729
10785
10816
10864
10888
10939
10968
11006
11030
11072
11087
11126
11149
11183
11209
11235
11263
11308
11325
11357
11390
11412
11440
11461
11487
11520
11546
11576
11612
11636
11689
11715
11742
11792
11819
11866
11886
11901
11937
11949
11978
12006
12033
12043
12063
12081
12121
12146
12176
12179
12214
12253
12284
12326
12356
12387
12427
12438
12461
12498
12524
12544
12588
12596
12627
12655
12696
12718
12762
12778
12805
12826
12843
12859
12883
12908
12935
12947
12972
13001
13022
13032
13057
13097
13129
13166
13196
13221
13252
13276
13304
13327
13354
13386
13399
13427
13466
13488
13503
13518
13518
13547
13575
13587
13627
13644
13673
