0
5
6
21
52
104
130
207
302
356
404
473
481
555
597
643
674
725
752
790
817
870
886
922
991
1034
1082
1152
1160
1160
1179
1237
1291
1349
1397
1515
1562
1585
1607
1653
1708
1709
1768
1806
1868
1897
1967
1997
2044
2051
2093
2110
2152
2204
2256
2296
2328
2336
2407
2425
2490
2519
2520
2550
2598
2630
2679
2727
2747
2763
2795
2845
2879
2949
2995
3071
3085
3120
3197
3219
3320
3372
3373
3424
3453
3523
3552
3600
3610
3618
3647
3691
3772
3783
3795
3833
3901
3935
3986
4004
4056
4088
4167
4216
4252
4313
4355
4404
4406
4434
4464
4508
4520
4574
4588
4613
4636
4657
4681
4704
4715
4761
4761
4791
4803
4830
4839
4863
4897
4915
4961
4982
5024
5090
5146
5174
5186
5206
5242
5259
5312
5411
5452
5475
5488
5500
5550
5609
5641
5673
5678
5689
5752
5767
5820
5838
5838
5872
5878
5917
5991
6073
6106
6118
6122
6154
6201
6219
6290
6324
6352
6414
6450
6464
6498
6550
6567
6594
6641
6648
6663
6679
6725
6766
6801
6823
6836
6836
6913
6915
6945
6989
7034
7047
7088
7120
7198
7228
7253
7305
7351
7411
7444
7484
7510
7580
7609
7639
7665
7694
7748
7827
7912
7968
8020
8075
8105
8116
8157
8233
8268
8303
8310
8388
8413
8436
8486
8534
8595
8600
8619
8636
8656
8711
8797
8822
8896
8925
8936
8977
9004
9053
9117
9143
9166
9170
9199
9224
9307
9331
9349
9377
9399
9423
9436
9491
9527
9579
9619
9689
9699
9719
9784
9813
9822
9846
9880
9905
10008
10055
10067
10156
10175
10244
10285
10300
10317
10345
10383
10410
10473
10479
10506
10547
10588
10642
10662
10705
10725
10747
10757
10795
10823
10879
10907
10933
10963
10963
10975
11074
11084
11144
11158
11190
11221
11244
11285
11306
11330
11374
11394
11400
11461
11495
11549
11563
11596
11609
11688
11729
11769
11842
11913
11936
11946
11957
11994
12060
12082
12152
12182
12183
12199
12203
12261
12315
12323
12360
12368
12385
12436
12455
12459
12482
12496
12548
12603
12631
12695
12785
12785
12787
12805
12846
12882
12902
12943
12991
13027
13073
13116
13120
13168
13207
13282
13302
13326
13338
13366
13371
13412
13437
13454
13476
13515
13533
13594
13602
13617
13648
13689
13721
13750
13811
13890
13913
13929
13966
14004
14037
14041
14118
14168
14236
14278
14372
14428
14511
14550
14639
14684
14733
14766
14828
14855
14905
14939
14992
15016
15054
15088
15165
15175
15221
15274
15304
15337
15361
15388
15426
15457
15495
15554
15584
15663
15700
15740
15813
15845
15905
15940
15946
15998
16009
16047
16079
16122
16130
16147
16160
16238
16268
16302
16302
16337
16397
16448
16510
16538
16586
16652
16668
16682
16729
16772
16798
16869
16869
16910
16952
17011
17033
17099
17120
17150
17174
17188
17208
17236
17253
17294
17296
17327
17370
17403
17410
17441
17511
17552
17601
17655
17683
17718
17750
17777
17796
17838
17888
17899
17946
18002
18025
18033
18038
18038
18083
18120
18129
18192
18204
18233
