0
350
735
1044
1374
1780
2254
2799
3269
3634
4094
4423
4824
5168
5685
6222
6656
7063
7383
7759
8045
8633
9066
9415
9843
10334
10699
11218
11521
11989
12386
12736
13129
13495
13852
14240
14553
14879
15251
15679
16257
16611
17203
17608
18072
18524
18920
19394
19854
20187
20608
20938
21393
21900
22290
22684
23162
23587
24046
24484
24940
25377
25626
26006
26457
26963
27372
27796
28178
28700
29038
29462
29838
30210
30683
31085
31553
32015
32261
32717
33132
33621
33998
34434
34911
35372
35796
36168
36562
36855
37256
37774
38167
38609
39195
39550
40116
40647
41209
41705
42115
42383
42715
43208
43642
43936
44329
44820
45350
45761
46379
46813
47328
47738
48144
48499
48974
49489
50008
50376
50845
51175
51550
51967
52287
52829
53223
53589
54029
54339
54825
55209
55550
55949
56305
56676
57121
57551
58023
58392
58874
59285
59624
59990
60279
60758
61098
61540
61951
62401
62859
63400
63784
64288
64619
65007
65567
65999
66336
66670
66947
67301
67740
68195
68585
69063
69439
70144
70794
71207
71554
71970
72448
72934
73428
73851
74329
74763
75201
75563
75865
76171
76693
77060
77355
77766
78296
78719
79227
79480
79742
80252
80661
81125
81388
81801
82205
82644
83075
83560
84078
84585
85020
85496
85996
86286
86753
87086
87587
88073
88378
88755
89073
89419
89799
90154
90528
91015
91401
91850
92259
92774
93320
93712
94132
94673
95073
95401
95763
96288
96672
97055
97474
97959
98427
98801
99075
99548
99988
100375
100824
101255
101721
102068
102452
102967
103404
103792
104201
104645
104972
105401
106008
106459
106925
107555
108137
108759
109252
109682
110103
110637
110941
111263
111657
111998
112432
112820
113293
113708
114145
114667
115113
115559
115955
116315
116817
117168
117598
118010
118495
118916
119300
119713
120244
120657
121137
121564
121893
122234
122608
123109
123634
123949
124400
124813
125271
125617
125987
126447
126936
127334
127866
128312
128653
129185
129591
130013
130448
130905
131391
131953
132454
132967
133380
133733
134046
134476
134818
135335
135687
136047
136513
136909
137483
137815
138330
138757
139256
139763
140354
140874
141251
141502
141998
142339
142756
143249
143675
144075
144371
144703
145153
145584
145951
146298
146770
147229
147634
147988
148389
148741
149118
149383
149834
150280
150773
151159
151660
152008
152460
152819
153205
153543
153992
154439
154736
155053
155376
155713
156169
156633
157078
157537
157858
158328
158639
159081
159572
159851
160190
160732
161242
161707
162071
162633
163086
163474
163909
164417
164993
165403
165851
166307
166670
166989
167335
167869
168269
168591
168940
169359
169726
170139
170610
170903
171384
171850
172415
172776
173149
173450
173772
174164
174502
174839
175426
175819
176240
176767
177220
177538
177899
178355
178729
179286
179556
179927
180338
180779
181072
181594
182108
182527
183070
183503
183951
184387
184710
185165
185509
185922
186226
186545
186831
187319
187851
188202
188768
189225
189554
189860
190234
190728
191065
191540
191968
192358
192835
193134
193546
193888
194184
194585
195050
195414
195787
196228
196563
197032
197412
197695
198161
198712
199186
199549
199903
200151
200466
200831
201332
201662
202086
202564
203149
203589
204083
204510
204899
205339
205757
206139
206563
207097
207522
207972
208432
208860
209262
209709
210015
