0
372
673
868
1258
1590
1889
2146
2422
2652
2906
3205
3462
3690
4065
4364
4641
4866
5085
5330
5593
5847
6076
6358
6622
6878
7129
7343
7617
7890
8220
8518
8818
9137
9422
9670
9888
10211
10440
10742
10999
11221
11492
11716
12008
12232
12559
12798
13052
13340
13675
13911
14257
14527
14754
15041
15322
15603
15901
16163
16420
16675
16880
17168
17399
17742
18012
18301
18605
18932
19223
19454
19703
19944
20209
20469
20767
20999
21267
21566
21874
22172
22455
22749
23129
23462
23688
23955
24238
24506
24765
25048
25330
25584
25762
26115
26348
26715
27046
27351
27653
27951
28165
28392
28588
28905
29158
29510
29807
30137
30379
30694
31044
31280
31464
31702
32026
32392
32649
32916
33183
33500
33779
34038
34255
34547
34761
35053
35331
35660
35855
36171
36446
36718
37074
37355
37694
38007
38299
38640
38993
39258
39542
39864
40100
40333
40559
40878
41170
41540
41823
42075
42364
42617
42833
43171
43456
43793
44113
44467
44784
45067
45457
45781
46081
46413
46710
46984
47230
47531
47844
48077
48364
48691
48932
49231
49474
49818
50040
50300
50579
50945
51286
51554
51851
52143
52441
52727
53028
53275
53521
53828
54195
54463
54795
55010
55252
55606
55909
56263
56544
56810
57057
57299
57616
57838
58021
58277
58413
58633
58891
59240
59535
59896
60227
60494
60764
60976
61219
61523
61842
62062
62277
62541
62776
63056
63353
63590
63829
64180
64468
64715
65035
65255
65474
65801
66075
66319
66587
66879
67199
67473
67698
67964
68216
68528
68763
69060
69370
69635
69892
70139
70394
70776
71041
71321
71591
71945
72225
72556
72833
73173
73461
73725
73926
74187
74491
74787
75101
75387
75695
75965
76198
76514
76749
76983
77266
77576
77907
78200
78478
78744
79037
79284
79519
79748
80058
80363
80639
80922
81247
81476
81730
81958
82257
82602
82897
83101
83396
83660
84069
84332
84617
84876
85183
85415
85615
85960
86263
86519
86906
87216
87453
87714
87936
88263
88546
88798
89063
89360
89593
89902
90158
90463
90826
91082
91388
91705
91981
92246
92620
92841
93101
93407
93758
94044
94340
94562
94913
95116
95351
95593
95884
96178
96452
96736
97023
97236
97580
97945
98247
98542
98800
99138
99440
99684
99948
100180
100523
100837
101132
101394
101640
101866
102118
102369
102610
102902
103171
103377
103596
103872
104212
104509
104767
104999
105361
105675
105980
106210
106525
106803
107088
107373
107617
107832
108195
108506
108736
108994
109314
109647
109921
110181
110341
110598
110961
111238
111471
111699
112008
112357
112634
112945
113291
113541
113854
114108
114416
114700
114955
115239
115500
115783
116145
116369
116635
116915
117159
117398
117697
117878
118235
118546
118863
119114
119379
119666
119929
120179
120467
120781
121042
121358
121682
121938
122162
122443
122731
123008
123262
123579
123838
124156
124415
124663
124902
125201
125450
125736
126033
126380
126697
126962
127205
127463
127787
128000
128291
128561
128805
129097
129328
129638
129915
130172
130458
130684
131021
131373
131682
132017
132298
132571
132870
133085
133390
133719
133950
134191
134358
134665
134988
135310
135601
135887
136156
136484
136884
137098
137384
137755
138019
138359
138569
138831
139051
139348
139587
139860
140106
