0
357
651
1026
1395
1865
2203
2508
2865
3233
3520
3836
4029
4433
4775
5153
5492
5866
6123
6524
7014
7352
7709
8043
8467
8823
9151
9499
9797
10120
10612
10950
11289
11579
11850
12145
12413
12695
13052
13351
13573
13907
14174
14654
14997
15331
15728
16132
16546
16899
17291
17599
17929
18276
18692
18967
19285
19712
20134
20332
20736
21075
21479
21790
22120
22325
22643
23082
23413
23684
23994
24321
24784
25138
25567
25978
26312
26685
27027
27393
27696
28046
28355
28669
29039
29534
29768
30107
30493
30716
31043
31355
31652
32113
32499
32804
33159
33466
33817
34117
34430
34810
35230
35497
35902
36320
36627
36909
37207
37583
37938
38265
38638
38971
39415
39704
39994
40274
40698
41037
41341
41847
42221
42553
42885
43174
43514
43897
44198
44556
44867
45181
45541
45840
46159
46525
46838
47104
47395
47954
48325
48752
49126
49428
49793
50116
50438
50823
51197
51484
51757
51950
52355
52735
53101
53494
53889
54136
54690
55060
55341
55829
56228
56611
56979
57191
57455
57815
58114
58448
58709
59065
59335
59660
60019
60394
60722
61211
61648
62029
62382
62866
63153
63628
63931
64143
64518
64889
65298
65627
65984
66380
66720
67048
67379
67720
68129
68479
68841
69053
69424
69680
70060
70559
70969
71260
71705
72031
72448
72888
73173
73553
74067
74498
74738
75125
75377
75673
75956
76319
76597
77010
77415
77795
78099
78362
78602
78949
79304
79516
79796
80190
80408
80752
81033
81349
81624
82001
82453
82813
83154
83584
83902
84172
84428
84892
85247
85588
85884
86219
86451
86734
87067
87397
87824
88070
88372
88789
89111
89501
89891
90180
90460
90868
91132
91542
91836
92178
92486
92751
93089
93338
93702
94148
94491
94917
95291
95590
95913
96312
96541
96865
97203
97533
97800
98093
98465
98891
99267
99575
99975
100404
100883
101191
101472
101852
102151
102485
102794
103072
103429
103737
104080
104423
104704
105152
105586
105999
106373
106707
106947
107145
107478
107845
108257
108652
108988
109337
109656
110108
110460
110715
110897
111280
111720
112163
112425
112794
113112
113410
113733
114040
114371
114625
114989
115262
115580
115946
116297
116720
117065
117464
117854
118177
118579
118894
119339
119719
120127
120567
120945
121249
121546
121755
122108
122445
122880
123314
123582
123893
124286
124543
124833
125275
125667
126123
126418
126964
127326
127737
128208
128612
128974
129456
129830
130090
130444
130810
131138
131570
131862
132231
132577
132922
133311
133649
133978
134252
134619
135031
135473
135807
136176
136564
136946
137260
137641
137955
138247
138631
139092
139499
139832
140110
140444
140830
141339
141713
142033
142344
142667
142997
143297
143617
143896
144157
144348
144560
144942
145283
145680
146142
146580
146872
147171
147387
147769
148091
148468
148775
149027
149373
149619
149989
150323
150549
150920
151376
151707
151998
152357
152586
152890
153283
153565
153876
154254
154669
154995
155343
155642
155955
156270
156672
156906
157297
157729
158012
158324
158616
159012
159423
159782
160122
160471
160860
161263
161662
161981
162433
162727
162996
163209
163584
163939
164355
164756
165127
165437
165795
166120
166477
166793
167053
167385
167752
168212
168597
168840
169183
169598
169881
170077
170411
170824
171245
171522
171895
172268
172561
172816
