0
0
0
0
0
55
81
81
81
133
148
187
208
252
252
311
325
354
361
392
443
446
446
450
495
497
502
527
529
529
529
529
529
529
547
547
554
554
554
554
554
554
562
578
585
588
609
652
688
688
688
699
713
746
815
851
851
851
851
861
872
890
899
899
899
944
944
964
964
964
964
964
967
1024
1053
1092
1092
1092
1100
1116
1116
1137
1169
1169
1182
1201
1226
1226
1269
1274
1274
1274
1292
1292
1292
1315
1323
1375
1375
1375
1375
1395
1434
1434
1434
1476
1490
1490
1500
1511
1557
1571
1595
1612
1655
1694
1697
1727
1727
1771
1777
1788
1788
1788
1866
1928
1984
2006
2072
2108
2108
2126
2136
2201
2238
2240
2274
2306
2306
2306
2343
2381
2409
2409
2409
2409
2429
2477
2547
2610
2610
2610
2610
2637
2637
2660
2722
2734
2740
2740
2740
2806
2839
2839
2839
2849
2849
2849
2887
2903
2920
2933
2973
3010
3010
3034
3061
3062
3062
3070
3071
3127
3194
3207
3221
3259
3322
3322
3331
3331
3331
3346
3346
3377
3409
3410
3410
3459
3477
3485
3488
3509
3509
3509
3509
3550
3587
3587
3594
3598
3598
3598
3635
3681
3697
3717
3717
3724
3724
3728
3737
3737
3755
3758
3758
3758
3800
3853
3853
3856
3861
3892
3902
3917
3972
4038
4069
4069
4069
4074
4132
4136
4163
4182
4182
4182
4182
4200
4251
4251
4251
4256
4256
4305
4305
4305
4305
4305
4327
4341
4369
4394
4492
4500
4500
4500
4531
4549
4549
4549
4571
4614
4668
4673
4688
4704
4727
4787
4811
4811
4811
4817
4817
4830
4830
4830
4830
4863
4863
4908
4908
4908
4908
4915
4936
4939
4961
4973
5020
5020
5020
5029
5044
5061
5095
5131
5166
5203
5286
5344
5407
5427
5480
5514
5545
5552
5569
5631
5650
5662
5667
5699
5715
5720
5760
5773
5788
5792
5837
5837
5837
5841
5841
5848
5869
5912
5930
5999
6001
6010
6025
6073
6078
6138
6138
6164
6164
6170
6180
6233
6233
6233
6239
6280
6296
6306
6306
6306
6320
6365
6439
6439
6468
6519
6540
6540
6542
6550
6562
6596
6608
6608
6623
6672
6715
6720
6766
6787
6787
6787
6787
6787
6792
6802
6802
6802
6836
6840
6851
6852
6890
6894
6917
6990
6993
6996
7018
7018
7018
7018
7074
7088
7113
7134
7148
7148
7148
7148
7172
7172
7177
7177
7188
7188
7239
7290
7322
7322
7330
7331
7360
7360
7407
7461
7497
7497
7497
7522
7522
7531
7573
7593
7593
7593
7593
7608
7608
7631
7631
7631
7631
7666
7666
7666
7692
7706
7730
7764
7764
7769
7814
7824
7824
7824
7835
7871
7871
7905
7976
8033
8091
8139
8143
8182
8211
8220
8256
8256
8272
8287
8297
8323
8325
8346
8393
8421
8437
8484
8484
8484
8484
8492
8561
8610
8635
8717
8765
8769
8769
8780
8808
8823
8847
8856
8886
8918
8981
9012
9041
9041
9047
