0
0
0
0
0
66
95
95
95
158
180
219
243
292
292
355
369
403
413
448
502
509
509
515
563
568
576
602
604
604
604
604
604
608
631
631
640
640
640
642
642
642
660
679
687
691
714
764
804
804
804
818
833
873
948
988
988
988
988
1001
1013
1034
1045
1046
1046
1096
1097
1123
1123
1123
1127
1127
1133
1199
1232
1275
1275
1275
1286
1303
1303
1328
1364
1364
1381
1405
1433
1433
1485
1490
1490
1490
1511
1511
1511
1538
1547
1607
1607
1607
1607
1633
1677
1677
1680
1727
1743
1745
1759
1771
1821
1833
1863
1881
1929
1969
1979
2010
2011
2058
2071
2079
2079
2079
2168
2235
2296
2323
2392
2433
2433
2458
2466
2536
2578
2580
2621
2654
2654
2654
2693
2736
2767
2767
2767
2767
2792
2845
2919
2991
2991
2991
2991
3023
3023
3050
3116
3133
3140
3140
3143
3217
3254
3254
3254
3271
3271
3271
3315
3333
3355
3366
3413
3454
3454
3485
3512
3514
3514
3524
3527
3592
3665
3678
3698
3740
3810
3810
3824
3824
3824
3842
3842
3882
3914
3915
3915
3971
3993
4002
4006
4033
4033
4033
4033
4081
4121
4121
4133
4138
4138
4138
4182
4232
4251
4275
4278
4286
4286
4295
4303
4303
4324
4328
4328
4328
4375
4434
4434
4443
4446
4484
4497
4515
4574
4649
4680
4680
4680
4693
4756
4759
4790
4811
4811
4811
4811
4829
4889
4889
4889
4898
4898
4952
4952
4952
4952
4955
4980
5000
5026
5061
5164
5173
5173
5173
5210
5236
5236
5236
5267
5310
5370
5381
5398
5418
5444
5512
5539
5539
5539
5549
5549
5569
5569
5569
5571
5606
5606
5655
5655
5655
5655
5664
5690
5698
5723
5737
5791
5791
5791
5808
5820
5838
5878
5915
5957
5996
6087
6152
6220
6243
6309
6344
6380
6389
6405
6475
6498
6514
6525
6559
6582
6591
6637
6652
6673
6680
6727
6727
6727
6736
6736
6747
6768
6818
6836
6913
6913
6931
6942
7000
7002
7070
7070
7099
7099
7106
7119
7175
7178
7178
7182
7229
7245
7256
7256
7256
7272
7323
7403
7403
7440
7491
7519
7519
7524
7539
7559
7600
7615
7615
7632
7686
7732
7742
7792
7814
7814
7814
7814
7814
7822
7835
7835
7835
7877
7878
7894
7901
7943
7950
7979
8059
8064
8068
8094
8094
8094
8094
8159
8173
8202
8227
8243
8243
8243
8243
8269
8269
8279
8283
8298
8298
8359
8408
8443
8443
8455
8459
8490
8492
8546
8604
8646
8646
8646
8678
8680
8692
8738
8762
8762
8762
8762
8784
8784
8812
8812
8812
8812
8854
8854
8854
8883
8899
8927
8966
8967
8975
9026
9039
9039
9039
9052
9092
9092
9134
9210
9272
9336
9390
9393
9440
9470
9484
9521
9524
9547
9566
9579
9610
9611
9638
9690
9718
9738
9789
9789
9789
9789
9801
9879
9933
9963
10050
10101
10105
10105
10124
10150
10168
10196
10207
10246
10278
10345
10377
10413
10413
10423
