0
0
34
73
147
218
218
250
291
307
346
366
405
405
457
511
511
535
556
597
597
646
658
658
678
678
733
773
848
856
950
985
997
997
997
1047
1051
1051
1082
1097
1125
1166
1166
1224
1225
1251
1260
1315
1386
1393
1420
1498
1498
1528
1554
1582
1638
1658
1692
1700
1744
1777
1831
1831
1845
1883
1883
1939
1952
1952
1952
1966
2136
2144
2176
2242
2324
2408
2414
2417
2456
2472
2505
2518
2529
2534
2565
2565
2588
2637
2647
2647
2716
2738
2775
2838
2857
2857
2862
2862
2862
2862
2862
2862
2862
2880
2889
2891
2891
2907
2907
2914
2960
3047
3049
3049
3078
3081
3099
3150
3150
3175
3177
3177
3182
3202
3313
3335
3335
3342
3342
3377
3388
3397
3441
3441
3441
3461
3461
3484
3484
3484
3488
3488
3488
3516
3536
3536
3536
3536
3536
3555
3555
3555
3555
3555
3593
3626
3652
3664
3664
3691
3691
3691
3697
3748
3814
3817
3818
3839
3844
3898
3921
3932
3932
4012
4046
4046
4084
4092
4092
4092
4092
4171
4171
4171
4171
4171
4183
4228
4256
4302
4372
4440
4440
4451
4455
4455
4501
4549
4549
4552
4596
4644
4651
4709
4801
4833
4882
4930
4930
4930
4974
4983
4987
5003
5098
5098
5157
5168
5168
5168
5168
5227
5248
5251
5293
5315
5317
5352
5352
5378
5378
5397
5397
5443
5522
5522
5586
5631
5631
5671
5688
5733
5754
5783
5791
5889
5893
5977
5998
5998
5998
6057
6067
6081
6107
6122
6122
6172
6259
6259
6291
6305
6328
6333
6376
6376
6397
6409
6409
6424
6424
6453
6524
6524
6567
6570
6590
6608
6664
6684
6700
6720
6720
6720
6721
6761
6761
6761
6788
6788
6788
6809
6809
6809
6827
6864
6873
6877
6877
6886
6918
6953
6968
6968
7016
7016
7016
7016
7016
7030
7039
7073
7110
7110
7110
7140
7201
7227
7227
7238
7270
7285
7285
7285
7325
7343
7343
7343
7355
7355
7394
7407
7460
7460
7477
7479
7479
7524
7562
7562
7588
7589
7636
7636
7636
7636
7678
7709
7713
7713
7714
7717
7774
7774
7774
7820
7839
7868
7893
7931
7931
7937
7960
7961
7961
8011
8011
8027
8062
8127
8127
8127
8127
8164
8268
8309
8318
8368
8436
8461
8461
8461
8465
8499
8499
8535
8535
8535
8538
8538
8590
8590
8689
8731
8784
8784
8784
8809
8861
8861
8861
8868
8923
8926
8926
8938
8955
8955
8958
8998
8998
9026
9130
9134
9147
9148
9163
9209
9241
9359
9359
9394
9457
9528
9550
9550
9550
9559
9582
9582
9589
9589
9631
9660
9660
9738
9825
9827
9827
9873
9873
9897
9920
9920
9920
9950
10013
10013
10013
10013
10027
10027
10027
10027
10027
10054
10076
10080
10086
10114
10139
10139
10153
10262
10271
10284
10311
10311
10337
10337
10337
10337
10337
10343
10343
10343
10343
10388
10440
10464
10464
10466
10466
10475
10475
10475
10494
10510
10510
10561
10561
10584
10611
10611
10611
10611
10611
10611
10624
