0
0
20
57
86
96
138
192
281
293
302
302
365
373
384
413
428
428
451
556
566
597
612
636
641
685
685
685
706
718
718
734
751
836
836
879
879
902
919
960
985
1013
1031
1034
1034
1035
1082
1082
1082
1112
1112
1112
1134
1134
1134
1145
1165
1190
1203
1203
1205
1243
1279
1282
1294
1322
1343
1343
1343
1343
1357
1367
1388
1432
1436
1436
1462
1528
1555
1555
1555
1588
1605
1612
1612
1652
1669
1669
1669
1681
1681
1681
1720
1774
1786
1795
1801
1801
1847
1885
1885
1896
1912
1961
1961
1961
1961
1963
2032
2038
2038
2038
2039
2102
2102
2102
2146
2168
2168
2221
2258
2258
2263
2289
2289
2290
2340
2340
2357
2374
2454
2456
2456
2456
2488
2589
2626
2645
2669
2738
2792
2792
2792
2792
2833
2833
2868
2868
2868
2869
2869
2869
2922
2984
3064
3105
3116
3118
3142
3194
3194
3194
3199
3245
3264
3264
3264
3277
3294
3297
3327
3336
3336
3438
3473
3487
3490
3506
3544
3562
3662
3702
3738
3799
3860
3891
3891
3891
3898
3903
3922
3929
3929
3937
3990
4000
4053
4154
4169
4169
4214
4216
4230
4264
4264
4264
4294
4352
4359
4359
4359
4375
4375
4375
4375
4375
4391
4416
4425
4434
4458
4482
4489
4499
4595
4620
4634
4661
4661
4688
4688
4688
4688
4688
4697
4699
4699
4699
4734
4796
4819
4819
4823
4823
4832
4832
4832
4851
4868
4868
4920
4920
4920
4957
4971
4971
4971
4971
4971
4979
5048
5048
5048
5048
5050
5099
5108
5108
5116
5160
5190
5190
5190
5190
5233
5233
5233
5233
5236
5236
5368
5408
5408
5426
5443
5443
5472
5513
5515
5543
5543
5578
5579
5579
5580
5580
5580
5590
5624
5674
5747
5819
5819
5849
5890
5906
5919
5965
6004
6004
6053
6111
6111
6139
6159
6199
6199
6247
6259
6259
6275
6275
6326
6370
6409
6456
6548
6581
6598
6598
6598
6649
6652
6652
6683
6699
6725
6770
6770
6802
6829
6846
6862
6913
6986
6990
7021
7100
7100
7128
7157
7173
7227
7260
7293
7303
7341
7377
7426
7434
7442
7486
7486
7517
7555
7555
7555
7570
7731
7746
7780
7843
7926
8012
8017
8020
8043
8064
8107
8118
8129
8131
8166
8166
8191
8232
8251
8251
8307
8326
8381
8427
8460
8460
8466
8466
8466
8466
8466
8466
8467
8480
8481
8492
8492
8507
8507
8515
8551
8642
8648
8648
8678
8679
8697
8748
8748
8772
8773
8773
8777
8785
8913
8930
8935
8942
8943
8978
8987
8994
9040
9040
9040
9062
9062
9085
9085
9085
9089
9089
9089
9116
9137
9137
9137
9137
9137
9158
9158
9158
9158
9158
9197
9231
9258
9269
9269
9297
9297
9297
9309
9350
9414
9424
9424
9447
9451
9501
9520
9539
9539
9621
9655
9655
9678
9701
9701
9701
9701
9780
9780
9780
9780
9780
9790
9814
9857
9910
9973
10050
10050
10052
10065
10065
10106
10157
10157
10157
10198
10252
10255
