0
0
15
54
83
92
137
191
278
290
301
301
362
373
383
413
429
429
455
558
569
600
614
640
646
689
689
689
712
723
723
739
755
841
841
886
886
910
931
970
995
1023
1041
1043
1043
1045
1088
1089
1089
1120
1120
1120
1142
1142
1142
1153
1171
1199
1212
1212
1212
1254
1288
1291
1304
1331
1352
1352
1352
1352
1370
1380
1402
1447
1449
1449
1476
1543
1567
1567
1567
1600
1618
1627
1627
1671
1687
1687
1687
1699
1699
1699
1739
1792
1805
1812
1822
1822
1872
1908
1908
1920
1935
1984
1984
1984
1984
1987
2058
2063
2063
2063
2063
2127
2127
2127
2173
2193
2193
2247
2285
2285
2295
2320
2320
2323
2377
2377
2394
2413
2493
2494
2494
2494
2525
2627
2663
2683
2711
2778
2833
2833
2833
2833
2869
2869
2905
2905
2905
2912
2912
2912
2967
3030
3114
3154
3165
3169
3195
3247
3247
3247
3251
3298
3315
3315
3315
3328
3347
3351
3381
3390
3390
3493
3527
3541
3543
3558
3597
3615
3713
3757
3793
3855
3914
3948
3948
3948
3955
3962
3981
3989
3989
3995
4047
4061
4115
4217
4230
4230
4276
4278
4294
4323
4323
4323
4353
4413
4419
4419
4419
4434
4434
4434
4434
4434
4450
4473
4483
4494
4522
4544
4552
4561
4660
4683
4699
4726
4726
4754
4754
4754
4754
4754
4760
4761
4761
4764
4796
4860
4886
4886
4891
4891
4900
4900
4900
4920
4936
4936
4989
4989
4989
5025
5038
5038
5038
5038
5038
5046
5116
5116
5116
5116
5119
5169
5178
5178
5187
5231
5260
5260
5260
5260
5306
5306
5306
5306
5306
5309
5439
5483
5483
5500
5518
5518
5548
5592
5592
5622
5626
5660
5662
5662
5663
5663
5663
5677
5707
5763
5832
5904
5904
5933
5975
5990
6004
6051
6092
6092
6138
6199
6199
6224
6245
6288
6288
6337
6350
6350
6369
6369
6423
6465
6502
6551
6646
6675
6692
6692
6692
6745
6751
6751
6784
6800
6822
6867
6867
6902
6928
6946
6964
7018
7091
7095
7127
7207
7207
7234
7262
7276
7333
7365
7401
7411
7449
7483
7531
7539
7554
7594
7594
7624
7663
7663
7663
7680
7840
7853
7892
7953
8040
8124
8130
8137
8161
8182
8228
8238
8248
8252
8286
8286
8311
8350
8372
8372
8431
8452
8504
8552
8584
8584
8590
8590
8590
8590
8590
8590
8590
8605
8605
8615
8615
8632
8634
8643
8681
8771
8779
8779
8807
8809
8828
8878
8878
8907
8907
8907
8913
8919
9046
9062
9069
9076
9077
9113
9126
9132
9180
9180
9180
9201
9201
9225
9225
9225
9230
9230
9230
9259
9279
9279
9279
9279
9279
9300
9300
9300
9300
9304
9343
9376
9404
9415
9415
9444
9444
9444
9454
9499
9562
9572
9572
9594
9599
9650
9668
9686
9686
9768
9803
9803
9826
9848
9848
9848
9848
9927
9927
9927
9927
9927
9938
9963
10006
10061
10123
10200
10200
10201
10214
10214
10258
10308
10308
10308
10351
10403
10406
