0
0
0
0
14
55
55
117
221
256
300
358
358
416
435
467
486
496
511
529
541
574
574
602
661
681
702
753
753
753
753
785
843
896
925
1044
1064
1068
1068
1094
1131
1131
1163
1169
1226
1242
1327
1341
1375
1375
1386
1386
1419
1425
1467
1506
1506
1506
1555
1555
1620
1652
1652
1656
1676
1676
1729
1753
1753
1754
1754
1795
1816
1870
1896
1977
1977
1985
2042
2056
2138
2180
2180
2214
2232
2295
2295
2348
2348
2348
2348
2348
2442
2442
2442
2456
2517
2538
2591
2591
2639
2645
2717
2732
2752
2797
2805
2858
2858
2864
2881
2918
2918
2953
2953
2955
2955
2956
2956
2958
2958
2981
2981
2991
2991
2993
2993
2993
3011
3011
3039
3039
3051
3093
3156
3156
3156
3157
3186
3186
3224
3317
3339
3339
3339
3339
3360
3385
3395
3396
3396
3396
3447
3447
3473
3473
3473
3476
3476
3484
3549
3622
3626
3626
3626
3638
3655
3655
3717
3717
3717
3748
3776
3785
3791
3841
3841
3841
3863
3863
3863
3863
3900
3920
3961
3962
3962
3962
4032
4032
4032
4051
4089
4098
4100
4114
4162
4176
4189
4224
4255
4310
4325
4340
4366
4403
4414
4425
4435
4435
4463
4544
4630
4651
4693
4750
4789
4789
4813
4879
4896
4936
4936
5008
5011
5011
5047
5093
5121
5124
5124
5124
5124
5173
5263
5278
5347
5347
5347
5363
5379
5404
5469
5479
5495
5495
5497
5502
5583
5610
5610
5626
5626
5626
5626
5675
5686
5711
5726
5809
5810
5810
5869
5870
5870
5870
5880
5881
5980
6031
6031
6092
6092
6163
6168
6177
6177
6177
6193
6198
6258
6265
6266
6290
6321
6352
6352
6374
6381
6381
6381
6401
6430
6473
6473
6486
6489
6489
6489
6582
6582
6625
6625
6627
6636
6638
6655
6655
6655
6677
6680
6680
6713
6750
6786
6786
6797
6798
6843
6868
6894
6963
7033
7033
7033
7033
7054
7113
7114
7166
7166
7166
7166
7166
7191
7245
7245
7255
7255
7255
7309
7309
7309
7311
7311
7344
7383
7389
7429
7528
7528
7528
7528
7564
7590
7590
7610
7654
7676
7724
7750
7750
7771
7801
7885
7891
7891
7892
7901
7901
7921
7921
7923
7925
7959
7959
8009
8009
8009
8012
8026
8051
8051
8086
8139
8145
8145
8146
8161
8190
8190
8251
8268
8333
8358
8449
8505
8597
8607
8688
8698
8733
8742
8793
8828
8859
8875
8912
8912
8936
8944
9001
9004
9027
9067
9081
9081
9081
9090
9090
9120
9122
9190
9196
9268
9270
9297
9343
9356
9399
9425
9425
9455
9455
9475
9489
9534
9534
9538
9538
9601
9613
9613
9613
9613
9654
9702
9759
9759
9806
9875
9875
9875
9882
9908
9916
9972
9972
9989
10024
10072
10089
10140
10149
10171
10171
10171
10171
10180
10180
10193
10193
10193
10235
10250
10250
10256
10305
10313
10347
10415
10421
10428
10449
10449
10449
10469
10529
10529
10559
10593
10601
10601
10601
10601
10627
10635
10635
10650
10652
10653
