0
0
0
87
87
87
94
154
172
222
225
272
281
350
360
383
425
432
484
484
490
502
537
538
573
573
573
573
573
573
573
573
593
593
600
600
601
601
601
612
612
637
637
650
684
751
751
751
751
776
776
812
900
927
927
927
927
946
969
982
982
982
982
1032
1032
1054
1054
1054
1056
1056
1064
1124
1197
1199
1199
1199
1211
1227
1227
1282
1286
1286
1310
1338
1348
1348
1399
1399
1399
1419
1419
1419
1419
1457
1467
1515
1515
1515
1515
1579
1579
1579
1591
1626
1643
1643
1655
1703
1715
1730
1764
1795
1847
1864
1873
1903
1940
1952
1960
1971
1971
1999
2080
2166
2185
2210
2282
2318
2318
2341
2397
2420
2461
2461
2527
2533
2533
2564
2613
2631
2643
2643
2643
2643
2691
2776
2793
2860
2860
2860
2873
2889
2912
2971
2987
3001
3001
3004
3006
3082
3109
3109
3123
3123
3123
3123
3169
3179
3199
3216
3294
3298
3298
3357
3357
3357
3357
3366
3369
3465
3515
3515
3572
3572
3641
3642
3653
3653
3653
3670
3670
3730
3737
3741
3753
3793
3822
3822
3842
3847
3847
3847
3865
3894
3933
3933
3947
3950
3950
3950
4039
4039
4077
4077
4077
4088
4088
4103
4103
4103
4127
4127
4127
4158
4194
4229
4229
4238
4238
4279
4302
4328
4398
4466
4466
4466
4466
4485
4540
4542
4593
4593
4593
4593
4593
4615
4665
4665
4673
4673
4673
4724
4724
4724
4724
4724
4754
4790
4798
4835
4933
4933
4933
4933
4967
4987
4987
5002
5046
5070
5117
5139
5139
5159
5187
5270
5271
5271
5271
5278
5278
5295
5295
5295
5295
5330
5330
5377
5377
5377
5377
5391
5410
5410
5445
5489
5497
5497
5499
5510
5539
5539
5599
5614
5675
5699
5784
5845
5936
5944
6022
6033
6067
6074
6122
6158
6185
6200
6238
6238
6259
6264
6319
6322
6342
6379
6394
6394
6394
6399
6399
6429
6429
6496
6500
6570
6572
6599
6641
6657
6696
6723
6723
6750
6750
6768
6780
6824
6824
6829
6829
6892
6901
6901
6901
6901
6934
6982
7042
7042
7088
7152
7152
7152
7155
7177
7181
7231
7231
7250
7283
7332
7346
7395
7402
7426
7426
7426
7426
7433
7433
7445
7445
7445
7486
7498
7498
7499
7545
7548
7580
7648
7653
7658
7680
7680
7680
7698
7757
7757
7785
7816
7826
7826
7826
7826
7853
7861
7861
7874
7874
7874
7926
7985
8016
8025
8025
8048
8060
8089
8133
8199
8210
8210
8210
8239
8239
8248
8311
8318
8318
8318
8318
8336
8336
8362
8362
8362
8362
8402
8402
8402
8440
8446
8470
8507
8512
8532
8574
8574
8574
8574
8594
8625
8640
8691
8799
8830
8862
8917
8917
8973
8992
9042
9042
9051
9063
9081
9093
9122
9122
9146
9209
9226
9242
9292
9292
9292
9302
9325
9393
9430
9464
9587
9596
9601
9601
9628
9664
9664
9692
9707
9754
9772
9870
9870
9904
9904
9913
9913
9940
