0
38
51
75
147
240
240
240
240
259
320
321
378
378
378
378
378
399
456
456
462
468
468
525
525
525
525
530
558
583
605
646
756
756
756
756
793
815
815
822
846
890
951
977
977
999
1022
1115
1115
1115
1115
1126
1126
1145
1145
1145
1145
1184
1184
1234
1234
1234
1234
1241
1269
1269
1308
1336
1364
1364
1364
1382
1412
1412
1467
1490
1559
1580
1666
1733
1817
1835
1916
1930
1967
1975
1992
2061
2090
2107
2142
2146
2167
2176
2237
2237
2259
2284
2316
2316
2316
2327
2327
2355
2363
2424
2434
2512
2514
2546
2546
2604
2611
2672
2672
2706
2706
2725
2734
2785
2785
2791
2791
2857
2866
2869
2869
2869
2885
2963
3019
3019
3064
3135
3135
3135
3139
3163
3167
3221
3221
3221
3252
3296
3343
3370
3405
3428
3428
3428
3428
3439
3439
3456
3456
3456
3501
3517
3517
3522
3569
3571
3600
3683
3689
3696
3719
3719
3719
3719
3799
3799
3830
3863
3872
3872
3872
3872
3900
3900
3908
3912
3926
3926
3984
4042
4076
4076
4087
4092
4127
4156
4207
4272
4291
4291
4291
4324
4327
4343
4393
4414
4414
4414
4414
4432
4433
4466
4466
4466
4466
4511
4511
4511
4549
4557
4585
4626
4633
4644
4699
4699
4699
4699
4716
4756
4756
4817
4902
4937
5003
5065
5065
5115
5146
5176
5202
5212
5228
5248
5262
5294
5294
5322
5381
5405
5427
5479
5479
5479
5479
5492
5573
5631
5655
5779
5798
5805
5805
5832
5870
5870
5901
5909
5962
5985
6062
6085
6122
6122
6131
6131
6163
6163
6211
6248
6248
6248
6303
6303
6359
6401
6401
6401
6416
6429
6486
6505
6511
6511
6511
6554
6568
6628
6658
6742
6742
6752
6808
6829
6904
6957
6957
6993
7011
7075
7076
7130
7130
7130
7130
7130
7221
7221
7221
7226
7300
7319
7370
7377
7423
7433
7504
7518
7540
7587
7593
7648
7648
7654
7664
7703
7708
7737
7746
7746
7746
7748
7748
7749
7749
7771
7771
7781
7781
7784
7784
7784
7797
7797
7826
7826
7842
7874
7949
7949
7949
7949
7976
7976
8014
8104
8132
8132
8132
8132
8151
8172
8185
8194
8194
8194
8247
8247
8277
8277
8277
8281
8281
8288
8355
8429
8433
8433
8433
8447
8463
8463
8512
8526
8530
8544
8586
8598
8605
8654
8654
8655
8659
8680
8680
8680
8719
8719
8778
8779
8779
8779
8848
8848
8848
8860
8903
8917
8917
8929
8975
8992
9008
9048
9082
9134
9152
9160
9194
9232
9248
9259
9270
9270
9301
9375
9470
9491
9520
9593
9631
9631
9657
9701
9736
9780
9780
9851
9856
9856
9891
9939
9950
9973
9973
9973
9977
10021
10098
10131
10199
10199
10199
10215
10232
10242
10317
10336
10351
10351
10354
10357
10432
10466
10466
10482
10482
10482
10482
10530
10541
10565
10582
10657
10672
10672
10731
10733
10733
10733
10744
10749
10851
10903
10903
10950
10968
11042
11051
11057
11057
11057
11075
11079
11141
