0
7
12
16
51
70
70
88
126
126
126
148
148
175
175
175
187
187
218
228
239
239
239
239
239
258
258
258
258
258
300
334
375
375
400
406
406
406
418
481
536
537
549
561
568
635
653
662
665
747
782
782
825
827
827
827
844
908
908
908
908
908
920
985
1021
1085
1152
1186
1186
1196
1202
1209
1275
1299
1299
1335
1374
1396
1428
1497
1568
1591
1643
1694
1694
1694
1742
1754
1754
1801
1868
1897
1936
1941
1941
1941
1966
2006
2024
2039
2074
2096
2111
2133
2133
2163
2163
2184
2184
2255
2313
2340
2408
2427
2433
2484
2505
2537
2581
2585
2595
2693
2735
2783
2809
2809
2822
2876
2886
2912
2928
2945
2945
3022
3089
3098
3135
3144
3165
3178
3218
3218
3240
3253
3253
3269
3269
3306
3373
3373
3417
3427
3443
3464
3519
3541
3557
3578
3578
3580
3585
3624
3629
3629
3660
3660
3676
3685
3685
3685
3708
3746
3757
3757
3757
3784
3808
3838
3854
3858
3903
3905
3905
3905
3924
3934
3934
3977
4006
4006
4014
4051
4122
4131
4131
4156
4183
4190
4190
4190
4235
4250
4250
4250
4265
4265
4306
4347
4375
4375
4392
4392
4404
4443
4481
4481
4509
4521
4560
4560
4560
4560
4608
4633
4637
4637
4637
4657
4701
4701
4702
4756
4769
4816
4825
4863
4863
4882
4894
4899
4905
4954
4954
4974
5039
5078
5078
5078
5078
5143
5251
5261
5273
5347
5393
5418
5418
5418
5433
5458
5468
5496
5496
5501
5501
5501
5556
5561
5688
5702
5754
5757
5779
5782
5837
5837
5837
5876
5904
5908
5908
5921
5939
5941
5961
5985
5985
6013
6125
6139
6142
6147
6163
6212
6258
6364
6372
6448
6467
6553
6559
6559
6566
6578
6596
6600
6610
6610
6653
6683
6684
6777
6856
6856
6856
6906
6906
6936
6955
6955
6955
6995
7053
7053
7053
7061
7068
7068
7071
7071
7071
7100
7124
7129
7136
7174
7191
7195
7257
7317
7333
7349
7370
7389
7398
7398
7398
7398
7398
7405
7406
7406
7412
7495
7520
7536
7536
7541
7541
7552
7552
7552
7572
7590
7604
7645
7645
7678
7698
7698
7698
7698
7698
7698
7714
7781
7781
7781
7781
7794
7842
7842
7842
7877
7895
7927
7929
7929
7951
7975
7975
7975
7977
7977
8056
8137
8154
8154
8183
8189
8189
8236
8266
8266
8297
8297
8332
8332
8332
8335
8335
8346
8380
8415
8455
8536
8582
8582
8618
8672
8674
8729
8752
8778
8799
8885
8886
8886
8926
8947
8978
8983
9031
9043
9043
9063
9063
9123
9181
9240
9324
9349
9393
9393
9395
9438
9448
9453
9462
9489
9504
9565
9576
9591
9640
9654
9682
9682
9778
9816
9854
9871
9936
9936
9983
9994
10023
10100
10101
10137
10161
10191
10241
10283
10283
10312
10338
10347
10409
10409
10409
10409
10476
10599
10614
10688
10758
10821
10874
10885
10901
10938
10949
10987
11008
11011
11022
11050
11050
11074
11136
