0
0
0
39
94
94
94
107
113
143
151
206
258
291
318
442
499
555
592
650
667
703
716
787
792
828
836
875
875
895
902
963
963
986
1027
1042
1042
1042
1053
1058
1089
1113
1157
1199
1238
1254
1269
1324
1327
1395
1395
1395
1427
1427
1447
1461
1507
1507
1511
1515
1577
1590
1590
1590
1607
1647
1715
1742
1755
1809
1858
1858
1860
1865
1893
1919
1946
1946
1968
2014
2060
2069
2132
2154
2154
2154
2154
2154
2165
2165
2181
2181
2185
2225
2242
2242
2249
2297
2304
2371
2409
2415
2429
2445
2445
2445
2483
2524
2524
2554
2589
2596
2596
2596
2596
2625
2634
2634
2651
2651
2682
2742
2798
2801
2814
2819
2855
2855
2888
2941
3005
3019
3019
3019
3052
3055
3085
3131
3139
3139
3139
3139
3157
3157
3189
3189
3189
3206
3233
3233
3238
3279
3305
3307
3349
3356
3379
3422
3422
3422
3439
3468
3480
3501
3592
3661
3722
3727
3789
3789
3848
3870
3926
3926
3952
3952
3972
4010
4018
4026
4046
4114
4148
4161
4201
4201
4201
4214
4277
4318
4354
4414
4519
4526
4526
4526
4553
4590
4597
4630
4662
4688
4737
4806
4806
4844
4853
4854
4854
4885
4933
4970
4970
4970
4972
5025
5034
5114
5122
5122
5128
5150
5189
5206
5231
5231
5231
5231
5279
5304
5353
5446
5461
5461
5471
5547
5569
5675
5675
5675
5726
5735
5793
5811
5847
5847
5847
5847
5872
5940
5940
5940
6006
6030
6050
6097
6126
6143
6196
6223
6248
6259
6306
6331
6367
6367
6375
6423
6427
6427
6466
6466
6466
6466
6468
6468
6468
6476
6491
6500
6500
6500
6504
6504
6504
6517
6517
6547
6547
6564
6616
6670
6670
6670
6676
6697
6697
6761
6851
6853
6853
6853
6854
6874
6902
6914
6916
6916
6970
6970
7000
7000
7000
7005
7005
7009
7020
7079
7153
7158
7158
7158
7188
7188
7188
7252
7252
7257
7288
7325
7325
7359
7380
7380
7381
7407
7407
7407
7414
7445
7502
7505
7506
7506
7506
7575
7575
7578
7632
7645
7645
7646
7672
7721
7736
7736
7774
7824
7877
7879
7902
7924
7966
7975
7998
7999
7999
8066
8142
8200
8247
8293
8345
8360
8360
8387
8458
8477
8509
8509
8585
8585
8585
8621
8668
8701
8701
8701
8701
8711
8764
8842
8903
8926
8926
8926
8959
8959
8987
9056
9067
9079
9079
9082
9113
9194
9194
9194
9211
9211
9211
9236
9270
9294
9307
9348
9399
9399
9423
9459
9460
9460
9472
9476
9526
9617
9630
9648
9695
9740
9769
9783
9783
9783
9802
9802
9826
9878
9879
9884
9943
9943
9976
9976
10002
10005
10005
10005
10053
10055
10099
10099
10114
10122
10122
10140
10219
10219
10262
10262
10267
10277
10281
10297
10297
10300
10323
10323
10323
10367
10413
10430
10430
10442
10452
10493
10511
10536
10606
10682
10682
10682
10684
10722
10762
10777
10818
10818
10818
10818
10835
10898
10898
10898
10910
10910
10967
10967
10967
10967
10972
