0
5
7
12
45
57
57
76
110
110
110
131
131
154
154
154
158
158
186
196
206
206
206
206
206
228
228
228
228
228
267
301
338
339
360
367
367
367
380
440
490
494
506
517
521
587
604
610
610
692
726
726
769
772
772
772
788
851
851
851
851
851
861
926
959
1024
1088
1121
1121
1130
1137
1141
1206
1230
1230
1262
1299
1325
1356
1421
1495
1516
1562
1612
1612
1612
1660
1665
1666
1705
1777
1802
1842
1848
1848
1848
1871
1907
1928
1939
1973
1996
2011
2031
2031
2056
2056
2078
2078
2144
2202
2229
2297
2314
2319
2367
2391
2420
2461
2466
2476
2573
2614
2661
2681
2681
2689
2743
2751
2773
2791
2808
2808
2879
2948
2950
2989
2996
3017
3027
3066
3066
3086
3099
3099
3115
3115
3149
3217
3217
3260
3268
3283
3301
3359
3379
3395
3416
3416
3418
3423
3465
3465
3465
3495
3495
3509
3518
3518
3518
3539
3575
3587
3587
3587
3609
3633
3664
3680
3680
3730
3730
3730
3730
3744
3753
3753
3793
3822
3822
3827
3866
3931
3941
3941
3963
3991
3998
3998
3998
4038
4056
4056
4056
4068
4068
4106
4143
4172
4172
4187
4187
4197
4233
4272
4272
4299
4310
4348
4348
4348
4348
4395
4420
4425
4425
4425
4445
4489
4489
4489
4540
4554
4599
4608
4643
4643
4658
4673
4673
4675
4724
4724
4741
4805
4841
4841
4841
4841
4904
5011
5022
5031
5106
5149
5176
5176
5176
5191
5218
5227
5253
5253
5255
5255
5255
5308
5311
5435
5448
5500
5503
5522
5525
5578
5578
5578
5615
5642
5647
5647
5659
5676
5677
5695
5719
5719
5749
5852
5867
5869
5871
5887
5932
5978
6082
6091
6161
6182
6264
6272
6272
6273
6285
6303
6303
6310
6310
6353
6381
6381
6469
6550
6550
6550
6596
6596
6624
6643
6643
6643
6679
6738
6738
6738
6745
6752
6752
6752
6752
6752
6781
6803
6806
6812
6848
6866
6868
6930
6990
7005
7020
7038
7053
7064
7064
7064
7064
7064
7072
7072
7072
7074
7157
7178
7192
7192
7196
7196
7205
7205
7205
7224
7241
7248
7293
7293
7323
7345
7345
7345
7345
7345
7345
7356
7421
7421
7421
7421
7431
7480
7480
7480
7512
7532
7561
7561
7561
7581
7605
7605
7605
7608
7608
7680
7763
7781
7781
7810
7815
7815
7855
7886
7886
7916
7916
7953
7953
7953
7953
7953
7962
7998
8031
8064
8147
8193
8193
8227
8280
8280
8336
8359
8378
8400
8484
8485
8485
8523
8541
8572
8576
8626
8633
8633
8649
8649
8705
8762
8822
8903
8929
8972
8972
8972
9014
9023
9025
9030
9057
9072
9129
9141
9152
9199
9209
9233
9233
9322
9356
9392
9406
9472
9472
9517
9528
9555
9630
9630
9664
9688
9716
9764
9805
9805
9833
9857
9865
9926
9926
9926
9926
9991
10112
10125
10200
10269
10331
10383
10392
10407
10436
10445
10479
10500
10502
10515
10537
10537
10561
10620
