0
0
33
71
141
210
210
236
275
291
329
349
386
386
437
489
489
514
533
572
572
618
631
631
647
647
700
741
812
819
911
943
955
955
955
1003
1007
1007
1038
1052
1075
1119
1119
1176
1176
1202
1210
1261
1331
1337
1365
1443
1443
1472
1496
1521
1575
1593
1627
1635
1676
1706
1760
1760
1773
1810
1810
1863
1876
1876
1876
1889
2054
2059
2091
2153
2232
2315
2321
2324
2363
2375
2407
2420
2429
2433
2466
2466
2488
2534
2544
2544
2611
2632
2667
2725
2746
2746
2752
2752
2752
2752
2752
2752
2752
2766
2773
2775
2775
2788
2788
2796
2839
2923
2924
2924
2951
2954
2972
3019
3019
3042
3044
3044
3049
3068
3174
3197
3197
3203
3203
3237
3247
3252
3298
3298
3298
3316
3316
3339
3339
3339
3344
3344
3344
3371
3391
3391
3391
3391
3391
3411
3411
3411
3411
3411
3447
3480
3506
3517
3517
3544
3544
3544
3550
3598
3664
3667
3667
3689
3691
3746
3766
3777
3777
3856
3888
3888
3924
3932
3932
3932
3932
4008
4008
4008
4008
4008
4017
4063
4090
4135
4204
4268
4268
4274
4282
4282
4323
4371
4371
4373
4416
4463
4469
4526
4612
4645
4689
4738
4738
4738
4782
4791
4792
4806
4900
4900
4957
4968
4968
4968
4968
5026
5047
5049
5091
5111
5112
5146
5146
5173
5173
5192
5192
5235
5312
5312
5374
5418
5418
5457
5473
5514
5531
5558
5568
5661
5666
5748
5767
5767
5767
5825
5834
5845
5873
5888
5888
5937
6022
6022
6050
6064
6089
6093
6139
6139
6160
6172
6172
6184
6184
6212
6282
6282
6327
6328
6347
6364
6418
6438
6453
6473
6473
6473
6475
6515
6515
6515
6542
6542
6542
6563
6563
6563
6582
6617
6626
6630
6630
6640
6670
6704
6717
6717
6763
6763
6763
6763
6763
6778
6785
6815
6851
6851
6851
6881
6940
6967
6967
6978
7008
7023
7023
7023
7062
7077
7077
7077
7089
7089
7128
7139
7190
7190
7202
7204
7204
7247
7284
7284
7309
7309
7355
7355
7355
7355
7393
7422
7428
7428
7431
7435
7491
7491
7491
7533
7552
7578
7600
7637
7637
7641
7666
7667
7667
7715
7715
7731
7765
7827
7827
7827
7827
7863
7963
7999
8007
8054
8120
8148
8148
8148
8151
8185
8185
8219
8219
8219
8223
8223
8275
8275
8370
8411
8462
8463
8463
8485
8535
8535
8535
8544
8597
8599
8599
8609
8625
8625
8630
8666
8666
8692
8794
8798
8809
8810
8824
8868
8899
9013
9013
9048
9108
9178
9197
9197
9197
9205
9227
9227
9234
9234
9272
9303
9303
9378
9462
9465
9465
9508
9508
9531
9551
9552
9552
9582
9643
9643
9643
9643
9656
9656
9656
9656
9656
9682
9705
9709
9713
9742
9765
9766
9777
9884
9894
9905
9932
9932
9957
9957
9957
9957
9957
9962
9963
9963
9963
10008
10057
10079
10079
10081
10081
10090
10090
10090
10110
10126
10126
10176
10176
10197
10222
10222
10222
10222
10222
10222
10232
