0
2
58
58
58
103
123
152
174
212
212
217
241
241
241
293
293
308
341
405
405
405
405
441
544
582
593
640
708
733
733
733
742
772
772
807
807
807
809
809
862
862
958
1001
1054
1054
1054
1075
1127
1127
1127
1136
1189
1192
1192
1204
1221
1221
1224
1262
1262
1290
1393
1396
1408
1410
1426
1471
1502
1620
1621
1655
1717
1787
1808
1808
1808
1816
1838
1838
1845
1845
1884
1914
1915
1991
2078
2082
2082
2127
2127
2150
2172
2172
2172
2201
2263
2263
2263
2263
2277
2277
2277
2277
2277
2303
2323
2326
2332
2362
2384
2387
2397
2504
2514
2526
2555
2555
2580
2580
2580
2580
2580
2585
2585
2585
2585
2627
2680
2703
2703
2704
2704
2712
2712
2712
2732
2747
2747
2798
2798
2821
2847
2847
2847
2847
2847
2847
2858
2924
2924
2924
2924
2935
2983
2983
2983
2999
3034
3062
3062
3062
3066
3105
3105
3105
3105
3105
3169
3254
3275
3275
3295
3310
3310
3343
3379
3379
3408
3408
3441
3441
3441
3441
3441
3441
3481
3502
3547
3611
3677
3677
3704
3745
3763
3805
3823
3860
3860
3922
3963
3963
3987
4015
4048
4051
4098
4106
4106
4122
4122
4177
4223
4288
4301
4394
4433
4433
4433
4433
4481
4485
4485
4517
4532
4566
4600
4600
4659
4659
4692
4692
4753
4814
4835
4848
4925
4925
4955
4980
5007
5063
5083
5117
5139
5168
5203
5254
5254
5279
5304
5304
5371
5371
5371
5371
5395
5552
5558
5615
5670
5750
5819
5827
5831
5876
5885
5919
5940
5941
5947
5976
5976
6000
6057
6057
6057
6126
6146
6185
6243
6263
6263
6267
6267
6267
6267
6267
6267
6267
6283
6294
6294
6294
6307
6307
6316
6370
6446
6448
6448
6476
6480
6497
6546
6546
6569
6571
6571
6574
6615
6702
6725
6725
6733
6764
6774
6777
6785
6829
6829
6829
6848
6848
6869
6869
6869
6872
6872
6901
6906
6920
6920
6920
6920
6920
6939
6939
6939
6939
6939
6977
7011
7047
7047
7059
7075
7075
7075
7083
7134
7199
7201
7208
7223
7227
7289
7307
7314
7314
7393
7427
7427
7469
7471
7471
7471
7477
7549
7549
7549
7549
7549
7559
7622
7654
7695
7770
7813
7813
7820
7828
7828
7887
7919
7919
7931
7976
8013
8041
8079
8174
8199
8246
8295
8295
8295
8338
8347
8349
8388
8459
8460
8523
8530
8530
8530
8530
8589
8609
8621
8654
8675
8677
8710
8710
8734
8734
8754
8754
8810
8876
8896
8949
8984
8985
9028
9056
9082
9123
9127
9138
9232
9255
9320
9340
9340
9345
9398
9407
9429
9445
9461
9461
9525
9598
9598
9633
9644
9666
9678
9715
9715
9735
9747
9747
9761
9761
9794
9861
9861
9904
9906
9927
9943
9999
10019
10034
10055
10055
10055
10056
10096
10097
10097
10126
10126
10129
10147
10147
10147
10167
10201
10215
10215
10215
10237
10255
10290
10303
10304
10349
10349
10349
10349
10361
10371
10371
10406
10439
10439
