0
0
0
15
86
144
144
187
254
254
254
259
283
288
338
338
338
367
408
454
480
512
534
534
534
534
539
539
552
552
552
594
608
608
610
658
658
687
765
768
776
798
798
798
798
873
873
902
930
942
942
942
942
968
968
974
974
988
988
1042
1100
1130
1130
1139
1147
1175
1200
1247
1308
1323
1323
1323
1352
1353
1363
1413
1434
1434
1434
1434
1451
1451
1476
1476
1476
1476
1517
1517
1517
1552
1562
1588
1628
1636
1646
1699
1699
1699
1699
1716
1753
1753
1812
1903
1926
1989
2045
2045
2091
2121
2150
2170
2175
2197
2215
2226
2258
2258
2283
2338
2364
2380
2430
2430
2430
2430
2447
2519
2571
2597
2718
2736
2741
2741
2769
2806
2806
2835
2843
2892
2914
2995
3012
3046
3046
3057
3057
3085
3085
3130
3165
3165
3165
3213
3213
3267
3307
3307
3307
3325
3329
3380
3400
3402
3402
3402
3442
3454
3514
3538
3620
3620
3626
3677
3695
3776
3818
3818
3853
3868
3932
3932
3986
3986
3986
3986
3986
4075
4075
4075
4081
4146
4167
4212
4217
4264
4272
4342
4351
4373
4417
4423
4475
4475
4483
4489
4529
4531
4560
4564
4564
4564
4564
4564
4564
4564
4588
4588
4597
4597
4599
4599
4599
4609
4609
4635
4635
4652
4686
4755
4755
4755
4755
4782
4782
4818
4906
4934
4934
4934
4934
4952
4975
4983
4988
4988
4988
5039
5039
5061
5061
5061
5065
5065
5071
5134
5204
5208
5208
5208
5220
5234
5234
5288
5294
5296
5310
5352
5362
5363
5414
5414
5414
5424
5436
5436
5436
5472
5472
5528
5528
5528
5528
5593
5593
5593
5599
5640
5655
5655
5666
5718
5726
5742
5777
5806
5859
5878
5889
5918
5953
5969
5979
5992
5992
6018
6095
6186
6207
6231
6303
6340
6340
6363
6411
6440
6483
6483
6550
6557
6557
6588
6635
6642
6668
6668
6668
6668
6714
6793
6819
6885
6885
6885
6900
6918
6930
6997
7018
7030
7030
7032
7036
7106
7139
7139
7150
7150
7150
7150
7194
7205
7222
7242
7313
7324
7324
7381
7383
7383
7383
7391
7393
7490
7542
7542
7600
7600
7670
7674
7682
7682
7683
7701
7702
7764
7770
7772
7782
7825
7854
7854
7880
7884
7884
7884
7902
7930
7971
7971
7985
7988
7988
7988
8081
8081
8122
8122
8123
8131
8131
8146
8146
8146
8168
8168
8168
8193
8236
8273
8273
8285
8285
8328
8348
8366
8443
8512
8512
8512
8512
8530
8585
8588
8639
8639
8639
8639
8639
8658
8714
8714
8721
8721
8721
8776
8776
8776
8777
8777
8807
8837
8853
8891
8990
8990
8990
8990
9025
9046
9046
9062
9103
9122
9178
9202
9202
9221
9249
9333
9334
9334
9334
9344
9344
9363
9363
9363
9363
9398
9398
9448
9448
9448
9448
9467
9485
9485
9521
9551
9576
9576
9577
9591
9619
9619
9679
9697
9758
9781
9867
9927
10015
10024
10102
10110
10146
10153
10192
10238
10261
