0
0
0
87
87
87
95
154
175
224
227
273
281
351
359
381
424
429
481
481
485
498
533
535
567
567
569
569
569
569
569
569
590
590
597
597
598
598
598
608
608
632
632
644
678
745
745
745
745
768
768
804
892
918
918
918
918
936
960
972
972
972
972
1020
1020
1043
1043
1043
1044
1044
1051
1111
1181
1183
1183
1183
1193
1211
1211
1264
1267
1267
1290
1319
1327
1329
1380
1380
1380
1397
1399
1399
1399
1433
1443
1493
1493
1493
1493
1559
1559
1559
1571
1604
1620
1620
1633
1681
1692
1707
1741
1768
1821
1840
1848
1875
1910
1922
1929
1941
1941
1966
2046
2133
2152
2178
2249
2286
2286
2306
2363
2386
2429
2429
2496
2502
2502
2532
2581
2599
2610
2610
2610
2610
2655
2743
2761
2826
2826
2826
2839
2856
2877
2937
2954
2966
2966
2966
2968
3045
3072
3072
3082
3082
3082
3082
3126
3140
3160
3178
3256
3259
3259
3314
3316
3316
3316
3324
3325
3419
3470
3470
3527
3527
3598
3599
3610
3610
3610
3624
3624
3683
3691
3692
3704
3745
3775
3775
3796
3800
3800
3800
3817
3845
3884
3884
3898
3899
3899
3899
3990
3990
4028
4028
4028
4037
4037
4053
4053
4053
4073
4073
4073
4104
4141
4177
4177
4187
4187
4226
4245
4270
4340
4409
4409
4409
4409
4425
4481
4483
4532
4532
4532
4532
4532
4554
4604
4604
4611
4611
4611
4665
4665
4665
4665
4665
4695
4732
4738
4775
4873
4873
4873
4873
4907
4928
4928
4943
4987
5012
5057
5081
5081
5100
5127
5212
5212
5212
5212
5218
5218
5234
5234
5234
5234
5267
5267
5316
5316
5316
5316
5333
5353
5353
5388
5433
5441
5441
5443
5457
5486
5486
5544
5560
5621
5645
5730
5791
5879
5888
5965
5972
6007
6016
6064
6100
6124
6140
6175
6175
6196
6205
6260
6263
6281
6317
6334
6334
6334
6341
6341
6370
6370
6435
6440
6511
6512
6539
6582
6596
6634
6660
6660
6688
6688
6705
6718
6763
6763
6767
6767
6830
6840
6840
6840
6840
6871
6919
6979
6979
7020
7090
7090
7090
7092
7111
7116
7169
7169
7184
7218
7266
7282
7332
7340
7363
7363
7363
7363
7368
7368
7380
7380
7380
7422
7435
7435
7437
7483
7486
7519
7587
7590
7596
7619
7619
7619
7637
7697
7697
7724
7754
7763
7763
7763
7763
7788
7795
7795
7808
7808
7809
7861
7920
7950
7958
7958
7981
7991
8019
8066
8128
8138
8138
8138
8165
8165
8173
8235
8241
8241
8241
8241
8259
8259
8284
8284
8284
8284
8324
8324
8324
8362
8366
8391
8428
8435
8454
8495
8495
8495
8495
8516
8546
8558
8609
8718
8747
8780
8834
8834
8889
8907
8955
8955
8963
8976
8994
9004
9033
9033
9058
9122
9137
9156
9206
9206
9206
9214
9242
9309
9348
9379
9507
9512
9516
9516
9541
9576
9576
9605
9619
9667
9684
9781
9781
9813
9813
9820
9820
9845
