0
0
0
39
93
93
93
104
110
139
149
203
251
282
310
435
488
545
579
637
653
684
700
773
778
816
825
862
862
886
895
956
956
977
1017
1032
1032
1032
1041
1043
1073
1103
1141
1182
1217
1230
1246
1303
1306
1375
1375
1375
1404
1404
1424
1440
1484
1484
1488
1491
1551
1561
1561
1561
1576
1612
1680
1707
1720
1770
1823
1823
1823
1830
1861
1887
1916
1916
1934
1981
2027
2033
2093
2115
2115
2115
2115
2115
2122
2122
2134
2134
2137
2176
2192
2192
2200
2247
2254
2322
2355
2361
2377
2390
2390
2390
2426
2468
2468
2497
2531
2539
2539
2539
2539
2566
2575
2575
2592
2592
2622
2678
2735
2737
2749
2751
2785
2785
2816
2866
2928
2941
2941
2941
2972
2974
3002
3048
3056
3056
3056
3056
3079
3079
3107
3107
3107
3121
3149
3149
3152
3194
3220
3224
3264
3272
3292
3337
3337
3337
3349
3381
3391
3416
3504
3571
3632
3636
3692
3692
3749
3768
3819
3821
3844
3844
3863
3899
3908
3914
3936
3998
4034
4042
4086
4086
4086
4098
4161
4202
4237
4295
4398
4402
4402
4402
4429
4465
4471
4504
4533
4560
4611
4675
4675
4711
4721
4721
4721
4752
4800
4841
4841
4841
4841
4890
4902
4979
4986
4986
4990
5009
5046
5063
5089
5089
5089
5089
5134
5158
5207
5298
5309
5309
5317
5387
5409
5511
5511
5511
5562
5566
5626
5641
5679
5679
5679
5679
5701
5773
5773
5773
5836
5855
5878
5920
5952
5970
6023
6047
6071
6081
6126
6149
6186
6186
6191
6240
6244
6244
6279
6280
6280
6280
6280
6280
6284
6292
6307
6317
6317
6317
6320
6320
6320
6339
6339
6366
6366
6377
6435
6482
6482
6482
6490
6511
6511
6575
6662
6667
6667
6667
6671
6691
6713
6724
6726
6726
6775
6777
6803
6803
6803
6806
6806
6812
6818
6877
6950
6953
6953
6953
6981
6981
6981
7043
7043
7044
7076
7112
7112
7146
7170
7170
7170
7192
7192
7192
7201
7228
7286
7287
7287
7287
7287
7356
7356
7358
7405
7422
7423
7423
7448
7498
7511
7511
7546
7592
7646
7648
7672
7690
7734
7739
7759
7760
7760
7825
7901
7957
8004
8050
8100
8115
8115
8140
8209
8228
8261
8261
8335
8335
8335
8370
8418
8449
8449
8449
8449
8456
8506
8588
8646
8673
8673
8673
8705
8705
8731
8798
8811
8822
8822
8826
8857
8937
8937
8937
8953
8953
8953
8976
9015
9038
9049
9089
9138
9138
9159
9196
9198
9198
9207
9210
9257
9345
9361
9381
9423
9466
9493
9508
9508
9508
9526
9526
9550
9597
9597
9598
9654
9654
9686
9686
9714
9716
9716
9716
9764
9765
9807
9807
9820
9823
9823
9840
9917
9917
9960
9960
9962
9970
9971
9987
9987
9991
10011
10011
10011
10058
10096
10118
10118
10130
10138
10182
10200
10224
10295
10364
10364
10364
10367
10404
10442
10459
10496
10496
10496
10496
10513
10575
10575
10575
10585
10585
10640
10640
10640
10640
10642
