0
0
0
37
90
90
90
99
106
133
141
194
241
272
299
421
472
529
562
617
629
662
679
748
754
791
801
839
839
860
869
928
928
945
982
1000
1000
1000
1007
1008
1037
1059
1103
1144
1181
1193
1209
1260
1266
1333
1333
1333
1362
1362
1380
1394
1436
1436
1442
1445
1504
1514
1514
1514
1530
1566
1633
1659
1671
1720
1769
1769
1769
1773
1803
1828
1854
1854
1872
1919
1964
1970
2028
2050
2050
2050
2050
2050
2056
2056
2069
2069
2073
2112
2126
2126
2130
2178
2184
2250
2286
2289
2305
2320
2320
2320
2354
2396
2396
2425
2455
2464
2464
2464
2464
2490
2498
2498
2513
2513
2541
2598
2652
2655
2664
2667
2700
2700
2729
2777
2837
2848
2848
2848
2877
2878
2903
2951
2961
2961
2961
2961
2978
2978
3004
3004
3004
3017
3045
3045
3049
3092
3116
3118
3157
3166
3185
3228
3228
3228
3240
3271
3282
3301
3390
3455
3514
3517
3573
3573
3631
3649
3699
3699
3724
3724
3742
3777
3787
3793
3813
3877
3907
3919
3960
3960
3960
3971
4033
4073
4105
4163
4265
4270
4270
4270
4299
4336
4341
4373
4401
4426
4475
4541
4541
4574
4584
4584
4584
4611
4656
4691
4691
4691
4695
4740
4747
4824
4834
4834
4840
4857
4895
4908
4931
4931
4931
4931
4973
4999
5048
5135
5149
5149
5155
5224
5246
5347
5347
5347
5394
5404
5461
5477
5515
5515
5515
5515
5536
5605
5605
5605
5665
5684
5707
5748
5778
5795
5844
5872
5893
5903
5948
5970
6005
6005
6012
6057
6060
6060
6093
6093
6093
6093
6093
6093
6093
6099
6116
6125
6125
6125
6128
6128
6128
6139
6139
6164
6164
6181
6231
6284
6284
6284
6288
6310
6310
6369
6456
6462
6462
6462
6463
6480
6505
6515
6515
6515
6565
6565
6589
6589
6589
6592
6592
6596
6603
6662
6733
6737
6737
6737
6764
6764
6764
6822
6822
6823
6854
6889
6889
6920
6943
6943
6943
6965
6965
6965
6972
7001
7055
7058
7059
7059
7059
7124
7124
7124
7170
7185
7185
7185
7211
7257
7273
7273
7308
7352
7406
7408
7429
7448
7488
7498
7518
7520
7520
7582
7654
7714
7759
7805
7855
7868
7868
7892
7960
7978
8011
8011
8085
8085
8085
8118
8164
8195
8195
8195
8195
8202
8250
8332
8389
8412
8412
8412
8446
8446
8474
8538
8549
8559
8559
8561
8588
8667
8667
8667
8678
8678
8678
8700
8734
8752
8768
8805
8853
8853
8875
8911
8913
8913
8922
8923
8968
9058
9072
9088
9131
9174
9201
9213
9213
9213
9232
9232
9253
9302
9302
9303
9357
9357
9386
9386
9414
9415
9415
9415
9461
9462
9504
9504
9516
9520
9520
9535
9612
9612
9653
9653
9653
9661
9663
9676
9676
9678
9698
9698
9698
9741
9780
9802
9802
9813
9822
9860
9875
9901
9970
10039
10039
10039
10039
10077
10112
10127
10167
10167
10167
10167
10182
10243
10243
10243
10251
10251
10305
10305
10305
10305
10307
