0
0
0
49
49
69
69
69
70
70
75
117
145
210
210
210
210
236
236
241
294
294
306
318
356
356
385
409
409
409
430
430
430
447
464
520
520
520
520
520
583
583
583
628
644
644
655
667
714
729
734
761
819
858
858
895
895
941
948
960
960
960
1029
1104
1151
1191
1246
1298
1298
1312
1324
1387
1421
1438
1466
1508
1508
1508
1541
1587
1617
1617
1617
1617
1637
1669
1762
1807
1829
1829
1829
1857
1857
1882
1948
1961
1967
1967
1968
2000
2074
2074
2074
2087
2087
2087
2107
2143
2161
2175
2213
2259
2259
2284
2314
2315
2315
2324
2325
2384
2453
2469
2486
2526
2580
2594
2605
2605
2605
2620
2620
2651
2688
2688
2688
2741
2741
2769
2769
2794
2794
2794
2794
2840
2841
2880
2880
2893
2893
2893
2908
2982
2982
3021
3021
3023
3031
3031
3045
3045
3063
3066
3066
3066
3108
3167
3167
3167
3178
3204
3222
3236
3297
3335
3397
3397
3397
3405
3447
3469
3486
3518
3518
3518
3518
3533
3590
3590
3590
3595
3595
3649
3649
3649
3649
3649
3660
3686
3716
3734
3804
3854
3854
3854
3889
3908
3908
3908
3932
3979
4035
4035
4057
4057
4098
4141
4188
4188
4188
4188
4194
4209
4209
4209
4209
4222
4241
4277
4286
4286
4286
4292
4315
4318
4332
4354
4403
4403
4403
4414
4422
4445
4474
4518
4549
4590
4657
4744
4784
4832
4886
4915
4940
4964
4983
5048
5061
5081
5088
5121
5140
5144
5151
5202
5202
5219
5260
5273
5273
5278
5278
5278
5305
5350
5369
5442
5444
5457
5471
5522
5527
5592
5592
5595
5618
5618
5634
5649
5692
5692
5696
5739
5757
5766
5766
5766
5778
5817
5901
5905
5939
5974
6012
6012
6015
6016
6037
6074
6085
6085
6100
6153
6197
6197
6251
6273
6273
6273
6273
6273
6278
6282
6291
6291
6312
6331
6342
6343
6364
6388
6399
6490
6490
6493
6507
6520
6520
6520
6553
6595
6595
6640
6660
6660
6660
6660
6660
6684
6691
6691
6702
6702
6744
6798
6842
6842
6850
6851
6882
6882
6909
6983
7022
7026
7026
7026
7054
7063
7086
7129
7129
7129
7129
7145
7145
7158
7169
7169
7169
7207
7207
7207
7228
7249
7273
7282
7309
7316
7345
7376
7376
7376
7388
7427
7427
7444
7534
7597
7659
7678
7713
7743
7784
7784
7831
7831
7849
7864
7878
7900
7908
7928
7956
8009
8027
8073
8078
8078
8078
8087
8147
8213
8230
8293
8374
8380
8380
8380
8404
8440
8466
8476
8501
8540
8609
8640
8662
8672
8679
8679
8683
8707
8754
8788
8788
8788
8806
8834
8863
8925
8925
8925
8930
8946
8993
8993
9013
9013
9013
9024
9055
9080
9128
9226
9226
9226
9231
9298
9345
9415
9415
9437
9460
9492
9523
9559
9574
9574
9574
9574
9632
9658
9658
9658
9714
9732
9770
9796
9841
9841
9904
9917
9947
9955
9990
10041
10045
10045
10049
10096
10099
