0
0
0
19
27
44
89
89
112
115
115
118
120
229
248
261
268
268
300
309
309
358
358
358
362
375
397
397
397
400
400
400
426
446
446
446
446
446
446
465
465
465
465
501
531
551
568
568
594
594
594
597
635
700
712
712
732
734
747
794
817
817
893
925
925
946
967
967
967
967
1029
1038
1038
1038
1038
1044
1062
1108
1153
1208
1288
1288
1288
1301
1301
1314
1381
1387
1387
1425
1474
1474
1526
1585
1649
1664
1737
1738
1738
1776
1788
1788
1788
1882
1892
1940
1951
1956
1956
1956
2006
2029
2029
2072
2091
2091
2125
2125
2125
2147
2147
2164
2179
2280
2280
2327
2382
2382
2408
2434
2451
2491
2518
2527
2551
2617
2700
2700
2721
2721
2776
2785
2797
2823
2836
2836
2858
2939
2964
2992
3003
3027
3032
3072
3072
3072
3090
3102
3102
3115
3115
3196
3206
3246
3246
3269
3284
3323
3337
3370
3387
3389
3389
3389
3427
3429
3429
3455
3455
3455
3475
3475
3475
3485
3494
3527
3539
3539
3539
3576
3609
3609
3621
3646
3664
3664
3664
3664
3677
3685
3703
3743
3748
3748
3773
3825
3857
3858
3858
3885
3903
3911
3911
3949
3965
3965
3965
3975
3975
3975
4012
4062
4072
4075
4084
4084
4125
4162
4162
4162
4185
4228
4228
4228
4228
4229
4277
4299
4299
4299
4299
4355
4355
4355
4394
4414
4414
4462
4498
4498
4502
4525
4525
4525
4571
4571
4583
4586
4665
4677
4677
4677
4705
4799
4834
4847
4865
4932
4986
4986
4986
4986
5021
5021
5053
5053
5053
5055
5055
5055
5102
5158
5233
5260
5283
5283
5302
5351
5351
5351
5351
5391
5411
5411
5411
5421
5437
5440
5467
5475
5475
5568
5601
5613
5614
5627
5664
5679
5772
5811
5844
5902
5958
5988
5988
5988
5995
5999
6016
6021
6021
6025
6072
6087
6136
6231
6243
6243
6275
6285
6295
6327
6328
6328
6355
6408
6415
6415
6415
6426
6426
6426
6426
6426
6439
6459
6468
6474
6498
6521
6524
6534
6623
6647
6660
6683
6683
6707
6707
6707
6707
6707
6713
6713
6713
6713
6743
6802
6825
6825
6825
6825
6834
6834
6834
6851
6863
6866
6913
6913
6913
6940
6957
6957
6957
6957
6957
6963
7029
7029
7029
7029
7032
7073
7084
7084
7088
7130
7157
7157
7157
7157
7198
7198
7198
7198
7198
7198
7319
7359
7359
7370
7390
7390
7415
7456
7456
7475
7482
7512
7513
7513
7513
7514
7514
7522
7554
7601
7663
7736
7736
7761
7798
7812
7819
7868
7904
7904
7946
8002
8002
8024
8043
8082
8082
8121
8136
8136
8148
8151
8168
8230
8272
8313
8402
8429
8444
8444
8444
8489
8493
8493
8521
8536
8558
8600
8600
8612
8655
8670
8687
8734
8802
8804
8833
8906
8906
8933
8959
8969
9018
9055
9086
9086
9129
9162
9190
9215
9215
9262
9262
9288
9324
9324
9324
9331
9479
9501
9532
9591
9668
