0
20
63
120
120
177
195
233
246
252
268
286
297
328
328
356
418
436
452
503
503
503
503
535
598
645
672
791
813
816
816
843
878
878
909
918
974
991
1071
1086
1122
1122
1131
1131
1159
1167
1208
1243
1243
1243
1294
1294
1354
1388
1388
1391
1415
1415
1463
1485
1489
1489
1489
1530
1550
1604
1628
1710
1710
1717
1776
1786
1865
1906
1906
1940
1956
2017
2020
2071
2071
2071
2071
2074
2162
2162
2162
2181
2235
2254
2306
2306
2352
2359
2430
2441
2467
2512
2518
2570
2570
2576
2590
2624
2624
2658
2658
2659
2659
2659
2659
2659
2659
2682
2682
2693
2693
2695
2695
2695
2709
2709
2734
2734
2750
2790
2851
2851
2851
2851
2878
2878
2914
3005
3028
3029
3029
3029
3048
3074
3086
3086
3086
3086
3137
3137
3162
3162
3162
3165
3165
3173
3235
3309
3314
3314
3314
3326
3341
3341
3403
3403
3403
3431
3457
3468
3488
3523
3523
3524
3543
3543
3543
3543
3579
3598
3639
3640
3640
3640
3707
3707
3707
3726
3769
3772
3772
3783
3832
3844
3860
3895
3924
3978
3996
4009
4033
4070
4080
4090
4101
4102
4127
4209
4296
4316
4356
4415
4450
4450
4474
4542
4553
4595
4595
4661
4667
4667
4702
4747
4775
4778
4778
4778
4778
4824
4914
4928
4995
4995
4995
5014
5028
5053
5119
5128
5141
5141
5145
5151
5232
5253
5253
5266
5266
5266
5266
5310
5324
5345
5363
5445
5446
5446
5502
5503
5503
5503
5514
5518
5617
5668
5668
5728
5728
5799
5802
5811
5811
5811
5826
5827
5891
5896
5898
5920
5951
5981
5981
6005
6008
6008
6008
6027
6055
6094
6094
6107
6112
6112
6112
6203
6203
6242
6242
6242
6252
6253
6270
6270
6270
6296
6296
6296
6328
6366
6400
6400
6409
6409
6453
6479
6503
6573
6643
6643
6643
6643
6661
6718
6719
6770
6770
6770
6770
6770
6795
6845
6845
6853
6853
6853
6906
6906
6906
6909
6909
6939
6978
6986
7024
7124
7124
7124
7124
7160
7182
7182
7197
7246
7274
7313
7338
7338
7359
7388
7470
7472
7472
7472
7479
7479
7496
7496
7496
7499
7533
7533
7584
7584
7584
7590
7600
7619
7619
7653
7707
7708
7708
7710
7728
7754
7754
7814
7830
7893
7917
8011
8061
8151
8163
8243
8252
8289
8297
8355
8385
8415
8429
8464
8464
8486
8495
8553
8556
8576
8614
8634
8634
8634
8643
8643
8673
8675
8741
8748
8817
8819
8847
8897
8903
8947
8969
8969
8998
8998
9017
9032
9076
9076
9081
9081
9144
9155
9155
9155
9155
9193
9240
9299
9301
9344
9409
9409
9409
9413
9436
9439
9492
9492
9510
9544
9597
9607
9658
9667
9692
9692
9692
9692
9700
9700
9716
9716
9716
9758
9773
9773
9779
9830
9836
9871
9936
9942
9949
9972
9972
9972
9989
10048
10048
10076
10108
10117
10117
10117
10117
10145
10153
10153
10168
10168
10171
10226
10282
10311
10321
10321
10345
10357
10388
