0
20
63
117
117
171
189
224
236
240
254
271
282
311
311
334
396
412
430
482
482
482
482
508
566
616
644
759
779
783
783
807
842
842
870
878
930
947
1028
1043
1076
1076
1084
1084
1111
1117
1158
1192
1192
1192
1239
1239
1297
1330
1330
1332
1351
1351
1398
1417
1418
1418
1418
1455
1476
1526
1550
1630
1630
1635
1693
1703
1778
1821
1821
1853
1867
1929
1929
1981
1981
1981
1981
1981
2066
2066
2066
2084
2130
2150
2202
2202
2248
2256
2324
2334
2354
2398
2403
2454
2454
2458
2473
2507
2507
2539
2539
2540
2540
2540
2540
2540
2540
2559
2559
2568
2568
2568
2568
2568
2580
2580
2605
2605
2616
2657
2716
2716
2716
2716
2742
2742
2777
2867
2890
2890
2890
2890
2907
2932
2942
2942
2942
2942
2990
2990
3010
3010
3010
3011
3011
3017
3077
3147
3150
3150
3150
3161
3177
3177
3235
3235
3235
3259
3285
3295
3313
3348
3348
3348
3368
3368
3368
3368
3403
3422
3460
3460
3460
3460
3523
3523
3523
3540
3581
3584
3584
3594
3643
3654
3668
3700
3728
3778
3796
3808
3833
3867
3879
3887
3899
3899
3926
4006
4088
4106
4144
4200
4235
4235
4255
4320
4333
4374
4374
4440
4444
4444
4477
4524
4551
4553
4553
4553
4553
4599
4687
4700
4767
4767
4767
4780
4795
4818
4886
4892
4903
4903
4905
4907
4988
5009
5009
5021
5021
5021
5021
5065
5076
5094
5110
5191
5191
5191
5246
5246
5246
5246
5256
5258
5352
5402
5402
5458
5458
5527
5529
5539
5539
5539
5554
5554
5614
5621
5621
5644
5672
5701
5701
5721
5726
5726
5726
5744
5772
5810
5810
5821
5823
5823
5823
5912
5912
5952
5952
5954
5962
5962
5976
5976
5976
5997
5997
5997
6028
6064
6099
6099
6108
6108
6147
6165
6190
6257
6326
6326
6326
6326
6341
6397
6398
6447
6447
6447
6447
6447
6469
6519
6519
6525
6525
6525
6576
6576
6576
6576
6576
6604
6642
6647
6684
6781
6781
6781
6781
6816
6836
6836
6852
6898
6926
6964
6987
6987
7007
7033
7116
7117
7117
7117
7124
7124
7140
7140
7140
7141
7171
7171
7217
7217
7217
7223
7230
7248
7248
7283
7332
7334
7334
7336
7349
7377
7377
7432
7450
7508
7532
7624
7676
7764
7771
7847
7854
7890
7897
7957
7980
8007
8020
8055
8055
8075
8079
8132
8136
8153
8188
8206
8206
8206
8211
8211
8239
8239
8302
8307
8376
8377
8403
8455
8460
8501
8523
8523
8549
8549
8566
8579
8623
8623
8627
8627
8687
8695
8695
8695
8695
8735
8779
8835
8835
8877
8943
8943
8943
8946
8966
8968
9017
9017
9032
9067
9113
9128
9174
9182
9205
9205
9205
9205
9211
9211
9223
9223
9223
9264
9275
9275
9275
9320
9323
9357
9423
9425
9430
9453
9453
9453
9469
9528
9528
9553
9582
9591
9591
9591
9591
9615
9621
9621
9632
9632
9633
9687
9741
9770
9779
9779
9803
9812
9838
