0
0
0
37
88
88
88
97
103
133
140
193
240
271
300
421
473
528
561
615
627
660
677
747
750
785
793
828
828
849
855
914
914
930
966
982
982
982
989
990
1020
1044
1088
1127
1163
1174
1191
1242
1247
1312
1312
1312
1339
1339
1358
1372
1413
1413
1418
1424
1484
1493
1493
1493
1506
1542
1607
1635
1645
1695
1746
1746
1746
1750
1777
1801
1828
1828
1848
1895
1938
1944
2003
2022
2022
2022
2022
2022
2029
2029
2044
2044
2047
2087
2099
2099
2101
2149
2152
2217
2254
2258
2270
2285
2285
2285
2319
2361
2361
2388
2418
2427
2427
2427
2427
2452
2459
2459
2472
2472
2501
2555
2612
2612
2622
2623
2656
2656
2685
2733
2793
2805
2805
2805
2834
2836
2861
2907
2914
2914
2914
2914
2930
2930
2954
2954
2954
2965
2993
2993
2996
3038
3062
3064
3101
3108
3128
3169
3169
3169
3181
3210
3221
3242
3332
3395
3454
3456
3511
3511
3567
3585
3634
3634
3655
3655
3672
3705
3713
3719
3739
3802
3834
3846
3886
3886
3886
3897
3957
3995
4031
4091
4192
4195
4195
4195
4219
4255
4262
4295
4324
4350
4398
4464
4464
4497
4505
4505
4505
4533
4581
4614
4614
4614
4615
4665
4673
4751
4758
4758
4762
4782
4819
4834
4857
4857
4857
4857
4899
4925
4973
5061
5076
5076
5083
5151
5172
5272
5272
5272
5319
5326
5383
5397
5435
5435
5435
5435
5456
5524
5524
5524
5582
5605
5623
5666
5696
5712
5764
5792
5815
5826
5871
5891
5929
5929
5935
5982
5986
5986
6021
6021
6021
6021
6021
6021
6021
6026
6043
6052
6052
6052
6052
6052
6052
6065
6065
6091
6091
6104
6151
6205
6205
6205
6210
6229
6229
6286
6373
6378
6378
6378
6378
6396
6422
6432
6432
6432
6481
6483
6506
6506
6506
6508
6508
6511
6523
6580
6651
6655
6655
6655
6681
6681
6681
6741
6741
6741
6768
6804
6805
6836
6859
6859
6861
6880
6880
6880
6885
6916
6970
6974
6974
6974
6974
7039
7039
7039
7088
7105
7105
7105
7129
7177
7191
7191
7226
7273
7323
7325
7345
7363
7404
7411
7429
7430
7430
7491
7563
7622
7668
7715
7764
7777
7777
7800
7868
7885
7920
7920
7991
7991
7991
8024
8073
8103
8103
8103
8103
8110
8158
8239
8296
8320
8320
8320
8351
8351
8378
8441
8453
8463
8463
8465
8492
8574
8574
8574
8586
8586
8586
8606
8643
8662
8677
8713
8761
8761
8782
8818
8819
8819
8829
8832
8876
8964
8978
8994
9038
9081
9107
9120
9120
9120
9138
9138
9159
9206
9206
9210
9263
9263
9292
9292
9319
9319
9319
9319
9364
9366
9406
9406
9418
9420
9420
9435
9512
9512
9555
9555
9555
9565
9566
9584
9584
9587
9608
9608
9608
9650
9688
9710
9710
9719
9727
9767
9781
9806
9875
9948
9948
9948
9949
9986
10022
10035
10074
10074
10074
10074
10090
10149
10149
10149
10156
10156
10206
10206
10206
10206
10206
