0
0
0
37
89
89
89
99
105
134
141
193
241
270
300
422
472
528
559
613
623
657
673
742
747
780
787
821
821
841
850
909
909
928
964
981
981
981
987
991
1016
1038
1081
1122
1158
1168
1185
1236
1241
1305
1305
1305
1333
1333
1349
1364
1406
1406
1412
1414
1474
1483
1483
1483
1495
1529
1594
1622
1633
1683
1734
1734
1734
1737
1759
1787
1812
1812
1827
1874
1921
1926
1984
2007
2007
2007
2007
2007
2011
2011
2024
2024
2025
2066
2080
2080
2082
2128
2131
2196
2232
2235
2247
2263
2263
2263
2295
2341
2341
2367
2397
2407
2407
2407
2407
2433
2440
2440
2452
2452
2482
2538
2592
2594
2601
2602
2634
2634
2662
2709
2771
2781
2781
2781
2809
2809
2833
2880
2886
2886
2886
2886
2903
2903
2929
2929
2929
2942
2969
2969
2970
3011
3033
3037
3074
3081
3099
3141
3141
3141
3152
3182
3193
3211
3300
3366
3424
3428
3482
3482
3538
3556
3605
3605
3628
3628
3646
3678
3686
3691
3711
3774
3807
3817
3858
3858
3858
3866
3930
3969
4003
4061
4163
4168
4168
4168
4193
4229
4234
4269
4296
4321
4369
4435
4435
4468
4474
4475
4475
4501
4548
4582
4582
4582
4582
4629
4637
4713
4720
4720
4722
4740
4774
4787
4807
4807
4808
4808
4852
4878
4926
5014
5028
5028
5035
5103
5122
5224
5224
5224
5269
5278
5335
5347
5386
5386
5386
5386
5405
5473
5473
5473
5530
5550
5572
5614
5644
5660
5711
5738
5760
5768
5812
5835
5868
5868
5872
5919
5921
5921
5954
5955
5955
5955
5955
5955
5955
5960
5977
5983
5983
5983
5984
5984
5984
5994
5994
6018
6018
6029
6077
6129
6129
6129
6132
6153
6153
6212
6299
6304
6304
6304
6304
6323
6348
6357
6357
6357
6405
6405
6429
6429
6429
6429
6429
6432
6438
6496
6566
6568
6568
6568
6596
6596
6596
6653
6653
6653
6679
6714
6714
6743
6766
6766
6766
6785
6785
6785
6789
6820
6877
6879
6879
6879
6879
6945
6945
6945
6991
7007
7007
7007
7032
7078
7094
7094
7128
7175
7223
7227
7245
7263
7306
7311
7330
7331
7331
7393
7466
7524
7568
7615
7664
7677
7677
7699
7768
7786
7821
7821
7894
7894
7894
7927
7973
8001
8001
8001
8001
8008
8055
8136
8192
8217
8217
8217
8248
8248
8273
8339
8350
8358
8358
8358
8385
8463
8463
8463
8473
8473
8473
8492
8530
8549
8564
8600
8648
8648
8668
8703
8706
8706
8714
8715
8759
8845
8861
8877
8918
8959
8989
9001
9001
9001
9017
9017
9036
9085
9085
9085
9137
9137
9168
9168
9193
9194
9194
9194
9237
9238
9277
9277
9290
9291
9291
9306
9383
9383
9422
9422
9422
9432
9432
9448
9448
9449
9468
9468
9468
9510
9549
9572
9572
9583
9588
9628
9642
9667
9736
9806
9806
9806
9806
9844
9879
9892
9930
9930
9930
9930
9946
10003
10003
10003
10010
10010
10063
10063
10063
10063
10063
