0
1
1
54
54
84
84
84
88
88
94
143
176
241
241
241
241
271
271
279
335
335
355
372
408
408
442
463
463
464
489
489
489
510
528
589
589
589
589
589
659
659
661
714
727
727
738
754
802
818
828
856
921
960
960
1003
1005
1056
1065
1079
1079
1079
1152
1232
1281
1327
1388
1441
1441
1458
1471
1539
1572
1589
1620
1664
1664
1664
1702
1747
1781
1781
1781
1784
1805
1845
1938
1984
2007
2007
2007
2040
2040
2067
2137
2155
2159
2159
2164
2200
2275
2275
2275
2291
2291
2291
2316
2350
2373
2386
2428
2478
2478
2509
2539
2541
2541
2553
2558
2624
2698
2712
2732
2778
2835
2852
2865
2865
2865
2886
2886
2924
2963
2969
2969
3027
3028
3060
3060
3088
3088
3088
3088
3136
3138
3182
3185
3206
3206
3206
3225
3303
3303
3344
3344
3351
3361
3365
3382
3382
3409
3409
3409
3409
3454
3517
3517
3517
3529
3562
3581
3598
3659
3706
3770
3770
3770
3780
3825
3850
3871
3907
3907
3907
3907
3924
3986
3986
3986
3997
3997
4053
4053
4053
4053
4058
4076
4101
4134
4158
4231
4285
4285
4285
4322
4345
4345
4345
4374
4419
4482
4482
4508
4508
4552
4598
4645
4646
4646
4646
4657
4675
4675
4675
4675
4692
4713
4754
4764
4764
4764
4772
4797
4801
4819
4841
4896
4896
4896
4913
4919
4944
4976
5022
5059
5103
5175
5265
5308
5356
5419
5450
5477
5503
5521
5591
5608
5628
5637
5676
5696
5704
5713
5765
5765
5787
5830
5844
5844
5854
5854
5859
5892
5940
5960
6040
6042
6060
6075
6129
6132
6200
6200
6206
6233
6233
6253
6267
6313
6313
6317
6364
6383
6395
6395
6395
6412
6458
6547
6547
6585
6619
6662
6662
6665
6669
6696
6737
6750
6750
6772
6826
6872
6872
6935
6957
6957
6957
6957
6957
6969
6975
6985
6985
7009
7029
7046
7051
7076
7100
7117
7212
7212
7218
7237
7247
7247
7247
7285
7326
7326
7381
7398
7398
7398
7398
7401
7426
7435
7435
7452
7452
7497
7552
7603
7603
7615
7620
7656
7658
7692
7769
7816
7822
7822
7823
7855
7871
7894
7942
7942
7942
7942
7961
7961
7978
7993
7993
7993
8037
8037
8037
8063
8083
8111
8123
8151
8157
8189
8221
8221
8221
8237
8277
8277
8298
8392
8457
8522
8544
8583
8618
8665
8665
8720
8726
8748
8765
8781
8806
8813
8838
8867
8922
8944
8992
8995
8995
8995
9009
9076
9148
9164
9231
9315
9321
9321
9321
9349
9387
9417
9426
9456
9498
9568
9601
9627
9638
9648
9648
9657
9679
9727
9764
9764
9764
9787
9817
9849
9911
9914
9914
9924
9943
9997
10001
10025
10025
10025
10042
10073
10099
10151
10255
10255
10259
10266
10343
10396
10471
10471
10498
10524
10555
10588
10627
10643
10643
10643
10643
10708
10736
10736
10736
10802
10826
10863
10893
10939
10939
11005
11021
11055
11065
11102
11159
11163
11163
11172
11219
11222
