0
0
0
85
85
85
92
149
169
217
222
267
274
343
351
373
416
421
472
472
476
490
523
525
557
557
557
557
557
557
557
557
577
577
587
587
588
588
588
601
601
625
625
635
668
734
734
734
734
759
759
793
878
905
905
905
905
922
944
957
957
957
957
1006
1006
1026
1026
1026
1027
1027
1033
1092
1162
1164
1164
1164
1175
1190
1190
1243
1248
1248
1273
1299
1310
1312
1362
1362
1362
1382
1384
1384
1384
1419
1427
1476
1476
1476
1476
1540
1540
1540
1551
1585
1600
1600
1611
1659
1670
1685
1717
1746
1797
1815
1822
1852
1887
1899
1906
1918
1918
1944
2021
2107
2126
2151
2221
2256
2256
2276
2330
2354
2395
2395
2459
2465
2465
2496
2544
2562
2573
2573
2573
2573
2618
2702
2719
2785
2785
2785
2798
2813
2834
2894
2910
2922
2922
2923
2925
3000
3028
3028
3041
3041
3041
3041
3085
3097
3114
3130
3207
3211
3211
3264
3266
3266
3266
3276
3277
3372
3422
3422
3479
3479
3547
3549
3558
3558
3558
3573
3573
3631
3640
3640
3653
3692
3720
3720
3739
3744
3744
3744
3762
3790
3828
3828
3839
3841
3841
3841
3929
3929
3969
3969
3970
3979
3979
3992
3992
3992
4012
4012
4012
4043
4078
4113
4113
4123
4123
4163
4181
4205
4273
4342
4342
4342
4342
4357
4414
4415
4464
4464
4464
4464
4464
4487
4536
4536
4541
4541
4541
4593
4593
4593
4593
4593
4621
4658
4664
4700
4797
4797
4797
4797
4832
4851
4851
4865
4907
4932
4978
5001
5001
5019
5046
5130
5130
5130
5130
5136
5136
5151
5151
5151
5151
5182
5182
5228
5228
5228
5228
5239
5259
5259
5294
5336
5344
5344
5346
5359
5387
5387
5443
5460
5519
5542
5626
5686
5774
5782
5857
5864
5900
5906
5956
5990
6013
6029
6063
6063
6082
6086
6140
6144
6162
6199
6216
6216
6216
6220
6220
6247
6247
6312
6316
6386
6386
6413
6455
6470
6508
6534
6534
6560
6560
6576
6589
6633
6633
6638
6638
6698
6707
6707
6707
6707
6741
6789
6846
6846
6889
6953
6953
6953
6956
6976
6978
7027
7027
7042
7078
7123
7138
7183
7192
7214
7214
7214
7214
7220
7220
7233
7233
7233
7274
7285
7285
7286
7331
7333
7367
7434
7436
7440
7463
7463
7463
7480
7537
7537
7562
7592
7600
7600
7600
7600
7625
7632
7632
7644
7644
7645
7697
7754
7782
7790
7790
7810
7822
7849
7891
7955
7966
7966
7966
7995
7995
8004
8064
8070
8070
8070
8070
8086
8086
8110
8110
8110
8110
8147
8147
8147
8182
8189
8213
8249
8256
8275
8316
8316
8316
8316
8337
8366
8381
8430
8536
8566
8598
8652
8652
8707
8724
8772
8772
8779
8790
8809
8820
8850
8850
8873
8935
8951
8969
9020
9020
9020
9028
9051
9118
9155
9186
9309
9317
9322
9322
9346
9381
9381
9410
9423
9469
9487
9582
9582
9614
9614
9621
9621
9649
