0
0
0
47
47
71
71
71
72
72
76
119
145
211
211
211
211
240
240
245
297
297
311
323
358
358
387
410
410
410
429
429
429
447
464
524
524
524
524
524
590
590
590
635
651
651
664
677
724
739
744
773
830
871
871
907
907
955
963
975
975
975
1044
1122
1168
1211
1269
1321
1321
1335
1349
1411
1446
1464
1493
1537
1537
1537
1570
1616
1645
1645
1645
1645
1666
1699
1794
1840
1862
1862
1862
1893
1893
1917
1983
1997
2003
2003
2003
2035
2108
2108
2108
2119
2119
2119
2138
2177
2196
2211
2249
2295
2295
2320
2350
2352
2352
2359
2360
2422
2491
2506
2523
2564
2617
2635
2648
2648
2648
2663
2663
2694
2731
2731
2731
2783
2783
2814
2814
2839
2839
2839
2839
2883
2884
2923
2924
2937
2937
2937
2954
3029
3029
3067
3067
3067
3076
3076
3093
3093
3109
3113
3113
3113
3155
3217
3217
3217
3228
3254
3273
3286
3347
3386
3450
3450
3450
3458
3501
3524
3542
3574
3574
3574
3574
3589
3646
3646
3646
3652
3652
3706
3706
3706
3706
3706
3717
3744
3775
3791
3861
3913
3913
3913
3946
3968
3968
3968
3994
4039
4097
4097
4121
4121
4163
4206
4252
4252
4252
4252
4259
4276
4276
4276
4276
4290
4309
4347
4358
4358
4358
4368
4390
4394
4409
4430
4482
4482
4482
4494
4503
4527
4556
4601
4633
4675
4745
4831
4873
4920
4977
5006
5030
5057
5073
5141
5153
5174
5181
5215
5235
5243
5249
5301
5301
5319
5359
5372
5372
5378
5378
5380
5406
5452
5471
5547
5548
5559
5575
5626
5631
5695
5695
5702
5722
5722
5739
5753
5796
5796
5801
5845
5863
5872
5872
5872
5884
5926
6009
6012
6045
6082
6124
6124
6125
6127
6150
6190
6202
6202
6218
6271
6316
6316
6374
6397
6397
6397
6397
6397
6402
6406
6415
6415
6436
6457
6471
6472
6494
6518
6529
6623
6623
6627
6643
6655
6655
6655
6688
6733
6733
6779
6800
6800
6800
6800
6800
6825
6833
6833
6846
6846
6889
6943
6988
6988
6996
6999
7029
7029
7056
7132
7171
7175
7175
7175
7203
7211
7235
7280
7280
7280
7280
7298
7298
7311
7324
7324
7324
7364
7364
7364
7385
7407
7433
7444
7470
7477
7506
7537
7537
7537
7548
7589
7589
7607
7697
7762
7823
7842
7877
7907
7951
7951
8000
8002
8022
8037
8049
8070
8077
8099
8126
8181
8200
8244
8249
8249
8249
8260
8323
8390
8407
8470
8555
8559
8559
8559
8585
8621
8648
8660
8688
8725
8795
8827
8847
8859
8866
8866
8870
8892
8939
8973
8973
8973
8994
9021
9050
9112
9112
9112
9116
9134
9181
9181
9201
9203
9203
9216
9246
9272
9321
9421
9421
9422
9429
9497
9548
9618
9618
9643
9666
9698
9729
9765
9780
9780
9780
9780
9841
9868
9868
9868
9925
9945
9983
10008
10054
10054
10118
10132
10162
10170
10206
10259
10262
10262
10266
10313
10315
