0
0
0
16
94
150
150
195
265
265
265
270
293
297
351
351
351
383
428
473
500
536
559
559
559
559
571
571
587
587
587
633
649
649
653
701
701
730
813
818
824
848
848
848
848
928
928
958
991
1000
1000
1000
1000
1027
1027
1035
1039
1053
1053
1111
1170
1204
1204
1215
1221
1255
1283
1335
1400
1420
1420
1420
1452
1455
1469
1519
1539
1539
1539
1539
1558
1560
1592
1592
1592
1592
1637
1637
1637
1674
1683
1711
1753
1760
1772
1826
1826
1826
1826
1842
1883
1883
1944
2039
2063
2128
2190
2190
2241
2272
2304
2328
2339
2356
2376
2390
2422
2422
2450
2508
2532
2554
2605
2605
2605
2605
2624
2700
2758
2782
2906
2925
2931
2931
2958
2996
2996
3027
3036
3088
3112
3194
3211
3249
3249
3259
3259
3290
3290
3340
3378
3378
3378
3433
3433
3493
3532
3532
3532
3553
3557
3614
3638
3640
3640
3640
3683
3697
3760
3786
3871
3871
3881
3937
3958
4040
4087
4087
4123
4141
4204
4205
4258
4258
4258
4258
4258
4350
4350
4350
4360
4430
4448
4499
4507
4553
4563
4633
4646
4669
4717
4722
4777
4777
4783
4794
4833
4837
4867
4876
4876
4876
4877
4877
4877
4877
4899
4899
4908
4908
4914
4914
4914
4928
4928
4957
4957
4973
5008
5079
5079
5079
5079
5106
5106
5144
5235
5263
5263
5263
5263
5283
5311
5317
5327
5327
5327
5381
5381
5411
5411
5411
5416
5416
5423
5490
5564
5569
5569
5569
5584
5600
5600
5653
5663
5666
5680
5723
5735
5741
5790
5791
5791
5803
5817
5817
5817
5857
5866
5916
5916
5916
5916
5985
5985
5985
5997
6041
6055
6055
6068
6119
6131
6147
6187
6222
6273
6292
6304
6335
6373
6386
6398
6411
6411
6442
6519
6611
6633
6663
6736
6774
6774
6800
6851
6879
6923
6923
6994
7001
7001
7036
7083
7094
7117
7117
7117
7120
7165
7246
7275
7343
7343
7343
7358
7375
7389
7460
7478
7494
7494
7498
7501
7575
7609
7609
7626
7626
7627
7627
7676
7686
7709
7731
7804
7817
7818
7877
7879
7879
7879
7890
7894
7995
8048
8048
8114
8114
8188
8196
8203
8203
8203
8222
8226
8289
8298
8304
8316
8361
8395
8395
8418
8423
8423
8423
8443
8472
8515
8515
8531
8538
8538
8538
8634
8634
8676
8676
8681
8692
8694
8710
8711
8711
8737
8737
8737
8761
8808
8845
8845
8858
8858
8905
8927
8945
9023
9098
9098
9098
9098
9117
9178
9180
9236
9236
9236
9236
9236
9257
9314
9314
9327
9327
9327
9384
9384
9384
9388
9388
9422
9454
9474
9517
9616
9616
9616
9616
9653
9675
9675
9693
9733
9755
9812
9838
9838
9861
9888
9976
9976
9976
9976
9986
9986
10006
10006
10006
10006
10044
10044
10096
10096
10096
10096
10111
10133
10133
10171
10206
10230
10230
10233
10247
10278
10278
10339
10356
10426
10447
10536
10600
10692
10703
10787
10798
10836
10843
10884
10929
10957
