0
0
36
76
149
220
220
250
291
307
347
367
405
405
459
513
513
540
560
600
600
649
661
661
677
677
733
773
850
857
952
988
1000
1000
1000
1052
1054
1054
1086
1101
1126
1170
1170
1228
1228
1255
1262
1316
1385
1390
1421
1501
1501
1530
1557
1585
1640
1660
1694
1703
1746
1780
1835
1835
1849
1887
1887
1943
1956
1956
1956
1970
2139
2146
2180
2244
2325
2412
2417
2421
2463
2473
2508
2521
2532
2536
2567
2567
2593
2643
2653
2653
2722
2744
2785
2841
2863
2863
2868
2868
2868
2868
2868
2868
2868
2883
2891
2893
2893
2908
2908
2917
2961
3050
3050
3050
3079
3081
3100
3150
3150
3174
3176
3176
3181
3205
3317
3339
3339
3346
3347
3383
3391
3398
3444
3444
3444
3466
3466
3490
3490
3490
3494
3494
3494
3521
3541
3541
3541
3541
3541
3561
3561
3561
3561
3561
3600
3635
3661
3672
3672
3700
3700
3700
3713
3758
3824
3827
3827
3850
3855
3911
3936
3944
3944
4026
4061
4061
4097
4106
4106
4106
4106
4185
4185
4185
4185
4185
4194
4242
4268
4316
4385
4453
4453
4461
4467
4467
4512
4559
4559
4561
4604
4654
4664
4722
4812
4845
4892
4941
4941
4941
4989
4994
4995
5011
5106
5106
5165
5176
5176
5176
5176
5235
5257
5261
5303
5324
5325
5360
5360
5385
5385
5407
5407
5452
5532
5532
5599
5643
5643
5685
5701
5749
5766
5795
5806
5902
5907
5990
6011
6011
6011
6074
6081
6094
6123
6139
6139
6191
6278
6278
6309
6324
6348
6353
6397
6397
6417
6430
6430
6446
6446
6477
6548
6548
6591
6594
6614
6632
6690
6710
6726
6747
6747
6747
6749
6796
6796
6796
6826
6826
6826
6849
6849
6849
6869
6906
6916
6919
6919
6929
6959
6996
7011
7011
7060
7060
7060
7060
7060
7074
7083
7116
7152
7152
7152
7183
7244
7271
7271
7281
7315
7329
7329
7329
7370
7387
7387
7387
7399
7399
7438
7450
7503
7503
7516
7517
7517
7563
7601
7601
7628
7628
7677
7677
7677
7677
7718
7748
7754
7754
7754
7760
7818
7818
7818
7862
7883
7912
7936
7973
7973
7978
8004
8004
8005
8054
8054
8072
8106
8171
8171
8171
8171
8211
8315
8352
8361
8410
8480
8506
8506
8506
8510
8547
8547
8582
8582
8582
8584
8584
8637
8637
8735
8778
8831
8833
8833
8856
8909
8909
8909
8920
8975
8979
8979
8993
9010
9010
9014
9053
9053
9080
9185
9189
9202
9204
9220
9266
9298
9417
9417
9453
9517
9585
9606
9606
9606
9614
9638
9638
9645
9645
9687
9716
9717
9795
9881
9885
9885
9931
9931
9955
9978
9979
9979
10009
10074
10074
10074
10074
10089
10089
10089
10089
10089
10116
10138
10141
10146
10177
10201
10203
10215
10324
10333
10346
10373
10373
10400
10400
10400
10400
10400
10409
10410
10410
10410
10455
10507
10531
10531
10535
10535
10543
10543
10543
10562
10579
10579
10631
10631
10653
10682
10682
10682
10682
10682
10682
10693
