0
0
0
51
51
74
74
74
76
76
80
127
155
219
219
219
219
246
246
253
305
305
318
332
368
368
399
422
422
425
444
444
444
461
479
537
537
537
537
537
602
602
602
651
668
668
681
692
741
754
759
789
847
888
888
927
927
975
982
994
994
994
1064
1140
1187
1232
1287
1341
1341
1356
1369
1431
1467
1483
1514
1554
1554
1554
1587
1636
1666
1666
1666
1666
1690
1721
1815
1860
1883
1883
1883
1914
1914
1940
2003
2019
2026
2026
2028
2060
2137
2137
2137
2149
2149
2149
2169
2207
2228
2242
2279
2325
2325
2350
2381
2382
2382
2392
2395
2457
2527
2541
2559
2602
2658
2671
2683
2683
2683
2701
2701
2732
2770
2773
2773
2826
2826
2854
2854
2881
2881
2881
2881
2925
2927
2967
2967
2981
2981
2981
2996
3072
3072
3115
3115
3116
3125
3126
3144
3144
3163
3169
3169
3169
3211
3272
3272
3272
3281
3308
3328
3343
3406
3444
3509
3509
3509
3517
3562
3585
3601
3635
3635
3635
3635
3651
3710
3710
3710
3716
3716
3766
3766
3766
3766
3766
3777
3804
3835
3855
3926
3978
3978
3978
4014
4037
4037
4037
4062
4109
4165
4165
4188
4188
4231
4274
4320
4320
4320
4320
4327
4343
4347
4347
4347
4360
4380
4418
4427
4427
4427
4434
4457
4463
4479
4500
4551
4551
4551
4562
4572
4596
4628
4673
4704
4747
4816
4903
4945
4992
5051
5080
5105
5131
5149
5215
5228
5250
5258
5294
5314
5320
5329
5379
5379
5396
5436
5449
5449
5456
5456
5457
5486
5534
5554
5629
5629
5641
5658
5708
5713
5778
5778
5782
5805
5805
5824
5838
5880
5880
5885
5933
5952
5961
5961
5961
5974
6017
6102
6104
6136
6172
6215
6215
6216
6219
6245
6284
6296
6296
6316
6369
6411
6411
6471
6490
6490
6490
6490
6490
6497
6503
6511
6511
6532
6553
6565
6567
6589
6615
6627
6720
6720
6724
6739
6752
6752
6752
6786
6828
6828
6875
6896
6896
6896
6896
6896
6922
6929
6929
6943
6943
6984
7038
7083
7083
7092
7092
7125
7125
7154
7230
7269
7275
7275
7275
7304
7315
7338
7383
7383
7383
7383
7400
7400
7416
7424
7424
7424
7463
7463
7463
7485
7507
7534
7542
7570
7577
7607
7638
7638
7638
7649
7690
7690
7711
7801
7864
7926
7946
7982
8013
8057
8057
8106
8108
8128
8143
8156
8182
8187
8209
8239
8293
8312
8357
8361
8361
8361
8372
8434
8500
8520
8582
8668
8670
8670
8670
8694
8731
8760
8771
8799
8838
8910
8939
8961
8972
8980
8980
8984
9006
9054
9088
9088
9088
9111
9140
9169
9231
9233
9233
9239
9255
9307
9307
9330
9330
9330
9342
9373
9399
9449
9550
9550
9553
9557
9626
9677
9748
9748
9772
9797
9828
9858
9895
9910
9910
9910
9910
9972
9999
9999
9999
10058
10080
10117
10142
10188
10188
10251
10268
10303
10311
10348
10401
10406
10406
10412
10459
10463
