0
0
0
22
30
50
99
99
127
128
128
135
142
257
277
292
299
299
337
349
349
403
403
403
408
423
447
447
447
453
453
453
482
502
502
502
502
502
502
524
524
524
528
567
598
622
639
639
669
669
669
671
715
783
796
796
820
825
837
889
913
913
995
1030
1030
1054
1075
1075
1075
1075
1143
1153
1153
1153
1153
1161
1180
1229
1281
1338
1424
1424
1424
1439
1439
1456
1528
1533
1533
1574
1628
1631
1686
1747
1817
1833
1912
1914
1914
1957
1967
1968
1968
2070
2082
2133
2147
2152
2152
2152
2209
2234
2234
2281
2300
2301
2338
2338
2338
2364
2364
2387
2407
2516
2516
2568
2626
2626
2653
2683
2700
2748
2777
2786
2817
2884
2972
2972
2996
2996
3057
3068
3080
3109
3125
3125
3151
3239
3264
3294
3307
3333
3338
3382
3382
3382
3405
3416
3416
3432
3432
3523
3534
3580
3580
3603
3624
3662
3678
3715
3733
3735
3735
3736
3776
3779
3779
3809
3809
3809
3832
3832
3832
3843
3852
3888
3900
3900
3900
3942
3976
3976
3992
4020
4041
4041
4041
4041
4059
4068
4088
4133
4136
4136
4163
4220
4253
4254
4254
4283
4303
4312
4312
4355
4372
4372
4372
4384
4384
4384
4424
4478
4490
4498
4507
4507
4558
4594
4594
4594
4621
4670
4670
4670
4670
4673
4723
4749
4749
4749
4749
4814
4814
4814
4859
4880
4880
4935
4972
4972
4982
5006
5006
5009
5062
5062
5077
5080
5164
5178
5178
5178
5210
5311
5348
5368
5388
5460
5517
5517
5517
5517
5553
5553
5588
5590
5590
5596
5596
5596
5651
5714
5798
5824
5849
5852
5878
5929
5929
5929
5929
5974
5998
5998
5998
6011
6030
6032
6064
6071
6071
6174
6209
6223
6224
6239
6278
6295
6394
6437
6474
6537
6595
6629
6629
6629
6637
6643
6661
6668
6668
6674
6725
6740
6795
6898
6909
6909
6944
6956
6971
7001
7002
7002
7033
7091
7099
7099
7099
7114
7114
7114
7114
7114
7130
7155
7166
7179
7206
7229
7234
7245
7344
7367
7383
7410
7410
7438
7438
7438
7438
7438
7444
7447
7447
7448
7481
7545
7571
7571
7576
7576
7584
7584
7584
7604
7619
7620
7673
7673
7673
7703
7720
7720
7720
7720
7720
7728
7798
7798
7798
7798
7801
7846
7858
7858
7865
7911
7940
7940
7940
7940
7986
7986
7986
7986
7986
7987
8118
8163
8163
8179
8198
8198
8227
8271
8272
8295
8305
8340
8340
8340
8340
8341
8341
8351
8385
8440
8502
8581
8581
8610
8651
8666
8677
8726
8768
8768
8813
8875
8875
8901
8922
8964
8964
9010
9026
9026
9041
9044
9065
9134
9175
9224
9319
9348
9365
9365
9365
9418
9424
9424
9457
9472
9496
9540
9540
9556
9601
9620
9638
9687
9767
9772
9805
9884
9884
9911
9939
9950
10003
10041
10078
10078
10127
10161
10194
10218
10218
10272
10272
10303
10342
10342
10342
10352
10508
10531
10571
10634
10721
