0
18
62
118
118
174
193
229
242
248
269
287
298
330
330
355
419
435
452
503
503
503
503
536
597
644
670
791
809
814
814
842
878
878
908
916
970
987
1069
1085
1118
1118
1128
1128
1156
1163
1204
1238
1238
1238
1287
1287
1347
1382
1382
1388
1404
1404
1455
1478
1478
1478
1478
1517
1537
1590
1613
1695
1695
1700
1759
1769
1850
1891
1891
1926
1942
2004
2004
2058
2058
2058
2058
2058
2147
2147
2147
2165
2217
2238
2289
2289
2336
2343
2414
2425
2444
2488
2493
2546
2546
2553
2567
2602
2602
2635
2635
2636
2636
2636
2636
2636
2636
2660
2660
2670
2670
2672
2672
2672
2682
2682
2708
2708
2726
2768
2829
2829
2829
2829
2855
2855
2892
2985
3008
3008
3008
3008
3025
3052
3062
3062
3062
3062
3112
3112
3134
3134
3134
3137
3137
3144
3207
3279
3284
3284
3284
3297
3311
3311
3371
3371
3373
3404
3428
3438
3457
3491
3491
3491
3512
3512
3512
3512
3548
3566
3605
3605
3605
3605
3669
3669
3669
3684
3728
3730
3730
3741
3793
3800
3817
3853
3883
3936
3955
3969
3995
4030
4046
4055
4067
4067
4094
4176
4261
4282
4320
4378
4415
4415
4437
4503
4518
4558
4558
4624
4632
4632
4665
4711
4739
4742
4742
4742
4742
4788
4879
4892
4958
4958
4958
4973
4991
5018
5082
5091
5103
5103
5105
5109
5191
5212
5212
5223
5223
5223
5223
5268
5279
5299
5316
5396
5398
5398
5455
5457
5457
5457
5465
5467
5564
5615
5615
5674
5674
5743
5747
5755
5755
5755
5773
5776
5837
5843
5844
5869
5898
5926
5926
5952
5956
5956
5956
5974
6002
6042
6042
6055
6059
6059
6059
6151
6151
6192
6192
6193
6200
6200
6216
6216
6216
6238
6238
6238
6270
6305
6342
6342
6353
6353
6395
6417
6443
6511
6581
6581
6581
6581
6599
6654
6656
6707
6707
6707
6707
6707
6730
6781
6781
6788
6788
6788
6842
6842
6842
6843
6843
6872
6910
6919
6957
7056
7056
7056
7056
7092
7113
7113
7128
7177
7203
7245
7269
7269
7289
7317
7401
7402
7402
7402
7411
7411
7430
7430
7430
7432
7465
7465
7514
7514
7514
7521
7532
7549
7549
7584
7635
7639
7639
7641
7655
7683
7683
7743
7761
7823
7845
7941
7992
8080
8091
8169
8177
8213
8221
8279
8305
8333
8352
8389
8389
8411
8422
8479
8481
8497
8533
8552
8552
8552
8559
8559
8588
8588
8654
8659
8731
8732
8760
8811
8816
8860
8882
8882
8910
8910
8928
8942
8984
8984
8990
8990
9052
9062
9062
9062
9062
9103
9149
9207
9208
9250
9317
9317
9317
9322
9347
9352
9403
9403
9419
9454
9502
9518
9568
9576
9598
9598
9598
9598
9604
9604
9617
9617
9617
9659
9673
9673
9675
9724
9731
9767
9831
9834
9841
9863
9863
9863
9886
9939
9939
9968
9997
10007
10007
10007
10007
10033
10040
10040
10053
10053
10054
10109
10165
10196
10205
10205
10231
10241
10271
