0
9
10
19
24
30
35
35
44
44
44
44
44
44
50
60
60
60
60
71
71
71
71
71
72
95
99
99
109
118
118
120
141
141
159
172
172
179
181
181
185
193
199
210
226
228
229
235
236
236
236
238
257
268
268
268
269
269
271
279
306
309
322
323
336
337
337
338
344
344
359
373
373
377
387
397
397
408
409
413
415
415
431
431
436
445
445
461
461
461
461
464
470
470
470
470
470
482
482
489
491
491
495
495
506
506
506
506
506
515
515
515
517
517
517
517
520
520
530
547
561
561
572
575
575
575
600
609
617
628
638
644
644
644
645
647
648
661
684
684
684
698
702
703
705
722
738
745
745
745
746
746
746
746
766
766
781
784
792
798
799
804
807
807
815
817
817
821
830
835
835
840
840
840
840
840
848
848
854
863
865
865
865
865
865
867
873
878
878
885
892
901
901
909
909
909
912
912
921
921
921
921
932
935
935
935
937
944
944
944
953
953
957
988
1001
1001
1009
1016
1016
1016
1032
1042
1042
1047
1055
1069
1070
1084
1085
1085
1085
1106
1129
1135
1135
1150
1160
1164
1167
1174
1187
1191
1191
1191
1191
1191
1191
1198
1212
1212
1212
1212
1218
1218
1218
1222
1222
1222
1223
1223
1223
1234
1237
1244
1244
1252
1255
1255
1258
1267
1273
1273
1273
1286
1290
1293
1294
1294
1295
1295
1300
1303
1303
1303
1321
1330
1337
1344
1344
1344
1345
1348
1350
1350
1350
1350
1361
1368
1368
1372
1372
1378
1384
1385
1391
1392
1398
1422
1428
1428
1431
1446
1446
1458
1464
1470
1470
1481
1484
1495
1496
1503
1505
1508
1508
1519
1535
1539
1539
1547
1552
1557
1563
1572
1572
1572
1572
1576
1576
1584
1587
1591
1603
1603
1604
1604
1604
1607
1609
1614
1614
1614
1614
1614
1619
1622
1625
1628
1628
1628
1628
1630
1635
1643
1643
1643
1643
1651
1658
1658
1658
1658
1659
1659
1666
1671
1671
1683
1692
1693
1708
1721
1721
1721
1731
1746
1754
1754
1760
1760
1765
1773
1776
1793
1793
1798
1803
1812
1818
1818
1822
1840
1854
1858
1858
1863
1863
1875
1879
1893
1895
1914
1924
1940
1957
1958
1958
1966
1966
1977
1999
1999
2001
2002
2010
2014
2029
2034
2039
2039
2039
2047
2047
2063
2069
2069
2078
2078
2078
2082
2082
2092
2092
2092
2092
2092
2101
2101
2105
2105
2108
2123
2123
2124
2124
2129
2133
2140
2147
2147
2147
2147
2152
2153
2153
2153
2153
2153
2165
2165
2165
2170
2179
2179
2179
2199
2200
2201
2208
2222
2227
2227
2228
2228
2230
2238
2241
2250
2250
2260
2267
2267
2270
2270
2272
2286
2303
2303
2303
2308
2308
