0
0
0
0
0
0
0
0
3
3
8
8
8
8
8
9
12
12
12
12
12
25
25
25
25
25
25
25
32
32
37
52
52
61
69
80
80
80
106
117
117
117
122
122
135
135
152
152
152
157
170
170
170
170
191
204
208
208
208
208
219
219
232
238
250
262
289
300
310
310
317
317
317
346
349
349
349
356
357
361
385
391
392
392
394
398
400
419
419
429
432
432
432
432
445
445
445
445
445
450
450
450
450
450
459
466
466
466
466
466
468
483
483
483
483
484
484
484
484
484
484
485
489
489
490
499
499
499
509
519
519
519
542
548
548
548
548
548
556
556
570
570
572
578
582
582
582
582
595
619
619
619
619
619
628
631
647
656
659
663
674
683
683
683
683
683
684
697
697
697
697
711
713
713
723
723
725
725
729
732
738
754
754
766
768
768
768
768
768
768
768
768
776
783
783
785
790
790
794
794
794
794
794
794
794
808
808
808
808
816
816
816
816
816
816
836
845
845
852
859
860
860
871
879
904
908
917
924
924
924
924
924
937
937
966
970
970
970
972
972
972
972
996
1005
1005
1005
1005
1005
1005
1011
1031
1039
1043
1050
1058
1058
1058
1058
1058
1058
1073
1089
1089
1089
1090
1106
1106
1108
1117
1117
1119
1119
1134
1134
1134
1145
1145
1161
1161
1161
1161
1161
1170
1170
1170
1170
1170
1180
1180
1183
1188
1188
1188
1188
1194
1194
1194
1194
1194
1201
1201
1201
1201
1201
1201
1201
1201
1201
1204
1228
1246
1246
1255
1255
1255
1255
1276
1280
1301
1305
1319
1329
1329
1329
1329
1329
1329
1339
1367
1367
1367
1372
1385
1385
1385
1400
1425
1432
1432
1432
1432
1432
1432
1432
1450
1452
1463
1467
1477
1486
1486
1486
1486
1486
1489
1491
1491
1491
1495
1507
1507
1508
1508
1508
1508
1508
1513
1513
1513
1520
1526
1526
1526
1526
1526
1526
1528
1533
1533
1534
1541
1553
1553
1553
1556
1556
1556
1556
1561
1561
1561
1561
1561
1574
1574
1574
1574
1576
1577
1577
1582
1583
1583
1616
1637
1637
1638
1643
1643
1643
1659
1659
1671
1671
1682
1702
1702
1711
1720
1720
1720
1731
1769
1772
1772
1782
1798
1800
1806
1811
1826
1828
1828
1828
1828
1828
1828
1831
1845
1845
1845
1845
1847
1847
1847
1847
1847
1847
1847
1847
1847
1850
1850
1855
1855
1855
1862
1862
1862
1863
1875
1875
1875
1880
1889
1893
1894
1894
1894
1894
1894
1896
1896
1896
1911
1923
1924
1929
1937
1937
1937
1937
1937
1937
1937
1937
1937
1953
1953
1953
1953
1953
1954
1961
1963
1963
1963
1988
1998
1998
1999
