0
0
0
30
55
72
96
122
122
122
122
122
122
148
148
148
158
162
215
226
244
250
283
297
297
297
297
297
297
310
318
324
350
350
350
350
356
385
385
385
385
385
385
416
416
420
420
422
438
438
438
438
438
438
438
438
438
438
447
448
474
474
474
477
485
485
485
495
501
548
572
572
580
580
580
580
580
613
637
637
637
637
653
659
659
659
659
662
662
675
683
683
683
683
683
683
683
703
733
760
779
808
808
808
808
808
808
863
863
863
872
872
907
944
944
944
944
968
970
970
970
970
970
989
992
1010
1051
1051
1051
1051
1051
1052
1052
1052
1066
1066
1077
1088
1088
1088
1100
1100
1100
1100
1100
1100
1100
1100
1100
1103
1108
1108
1108
1108
1134
1136
1136
1137
1137
1146
1155
1176
1196
1216
1245
1249
1257
1257
1257
1257
1257
1262
1304
1304
1309
1318
1338
1356
1356
1363
1366
1373
1373
1373
1373
1373
1373
1373
1373
1373
1377
1382
1402
1412
1428
1441
1446
1446
1446
1446
1446
1496
1517
1517
1527
1527
1531
1550
1561
1574
1574
1574
1574
1574
1574
1574
1579
1588
1599
1599
1626
1632
1641
1641
1641
1641
1641
1641
1649
1652
1657
1696
1696
1702
1715
1715
1715
1715
1723
1745
1751
1751
1751
1751
1751
1751
1751
1751
1765
1767
1767
1767
1767
1767
1767
1803
1812
1849
1880
1884
1884
1884
1884
1884
1884
1898
1945
1945
1959
1969
1983
1983
1983
2002
2002
2002
2002
2017
2020
2020
2020
2020
2024
2024
2035
2035
2035
2035
2036
2038
2038
2038
2038
2038
2038
2099
2106
2106
2108
2108
2113
2113
2113
2113
2113
2136
2140
2140
2158
2158
2164
2184
2187
2187
2191
2191
2191
2191
2192
2198
2198
2198
2214
2226
2226
2232
2241
2256
2279
2279
2279
2279
2297
2332
2332
2332
2332
2359
2359
2359
2359
2359
2359
2359
2359
2359
2359
2359
2368
2423
2434
2472
2516
2536
2544
2584
2584
2584
2584
2584
2606
2627
2657
2657
2657
2660
2660
2688
2688
2688
2688
2704
2704
2704
2704
2704
2704
2704
2704
2704
2704
2714
2714
2734
2737
2737
2737
2737
2737
2748
2749
2749
2781
2781
2781
2781
2781
2781
2781
2781
2787
2792
2827
2827
2841
2849
2856
2856
2861
2873
2873
2873
2883
2898
2898
2904
2937
2939
2939
2966
2972
2982
2988
2988
2988
2988
3025
3054
3054
3054
3054
3070
3075
3075
3075
3075
3075
3075
3075
3075
3075
3086
3107
3144
3158
3165
3206
3208
3251
3275
3275
3275
3275
3275
3278
3295
3338
3338
3338
3358
3358
3408
3408
3408
3408
3432
3440
3451
3451
3456
3458
3458
3465
3473
3492
3510
3510
3510
3510
3510
3510
3510
3510
3512
3512
3532
3551
3551
3551
3551
3572
3575
3575
3575
3575
3575
3588
3588
3620
3626
3633
