0
3
10
18
18
21
24
24
29
29
29
29
29
29
35
43
43
43
43
50
50
50
50
50
50
68
76
76
82
91
91
91
111
112
133
145
145
152
153
153
153
156
165
172
194
194
194
194
194
194
194
194
216
225
225
225
225
225
225
230
254
258
269
269
277
278
278
278
278
278
293
308
308
308
315
325
325
335
336
337
339
339
353
353
354
364
364
380
380
380
380
380
386
386
386
386
386
394
394
394
400
400
400
400
406
406
406
406
406
415
415
415
415
415
415
415
415
415
422
440
458
458
467
467
467
467
489
500
508
516
527
536
536
536
536
536
536
547
573
573
573
585
590
590
591
607
629
636
636
636
636
636
636
636
654
655
666
670
679
687
687
689
689
689
692
696
696
696
702
710
710
711
711
711
711
711
715
715
716
727
728
728
728
728
728
728
731
737
737
738
744
757
757
761
761
761
761
761
764
764
764
764
771
777
777
777
777
778
778
778
781
781
781
818
833
833
834
838
838
838
852
862
862
864
874
891
891
903
909
909
909
924
955
957
957
967
981
984
990
993
1008
1011
1011
1011
1011
1011
1011
1013
1027
1027
1027
1027
1029
1029
1029
1029
1029
1029
1029
1029
1029
1031
1031
1037
1037
1038
1043
1043
1043
1050
1055
1055
1055
1065
1069
1073
1075
1075
1075
1075
1075
1077
1077
1077
1091
1103
1104
1114
1116
1116
1116
1116
1116
1116
1116
1116
1123
1131
1131
1131
1131
1133
1140
1140
1141
1142
1145
1171
1175
1175
1175
1187
1187
1196
1196
1207
1207
1214
1214
1224
1225
1235
1236
1239
1239
1247
1265
1268
1268
1270
1277
1278
1284
1297
1297
1297
1297
1297
1297
1301
1307
1310
1324
1324
1324
1324
1324
1324
1324
1327
1327
1327
1327
1327
1327
1330
1330
1335
1335
1335
1335
1335
1338
1340
1340
1340
1340
1344
1351
1351
1351
1351
1351
1351
1355
1358
1358
1366
1379
1379
1388
1405
1405
1405
1412
1430
1442
1442
1447
1447
1447
1457
1457
1472
1472
1472
1479
1488
1488
1488
1488
1510
1521
1524
1524
1525
1525
1535
1539
1552
1554
1577
1585
1604
1620
1623
1623
1628
1628
1639
1659
1659
1659
1659
1666
1668
1686
1694
1700
1700
1700
1703
1703
1719
1724
1724
1735
1735
1735
1735
1735
1747
1747
1747
1747
1747
1753
1753
1753
1753
1753
1765
1767
1767
1767
1767
1767
1775
1781
1781
1781
1781
1781
1781
1781
1781
1781
1781
1785
1785
1785
1786
1795
1795
1795
1813
1814
1814
1816
1835
1840
1840
1840
1840
1840
1847
1850
1860
1860
1866
1869
1869
1869
1869
1869
1884
1902
1902
1902
1902
1902
