0
5
9
17
20
24
29
29
36
36
36
36
36
36
39
50
50
50
50
58
58
58
58
58
58
76
80
80
87
93
93
93
109
110
125
137
137
143
144
144
145
149
156
164
180
181
182
185
185
185
185
186
204
211
211
211
211
211
212
219
242
242
254
255
264
265
265
265
267
267
279
291
291
293
303
310
310
320
320
322
324
324
337
337
340
347
347
360
360
360
360
360
367
367
367
367
367
377
377
380
384
384
384
384
393
393
393
393
393
401
401
401
401
401
401
401
403
403
410
425
438
438
447
448
448
448
467
475
482
491
498
505
505
505
505
505
508
520
540
540
540
552
555
556
558
569
587
591
591
591
591
591
591
591
607
607
618
621
628
634
634
637
638
638
644
646
646
648
655
661
661
664
665
665
665
665
671
671
674
681
681
681
681
681
681
681
686
689
689
693
698
706
706
712
713
713
714
714
719
719
719
719
725
730
730
730
730
737
737
737
744
744
745
773
784
784
789
795
795
795
810
817
817
821
828
841
841
850
853
853
853
867
891
892
892
902
914
916
920
924
936
938
938
938
938
938
938
943
954
954
954
954
958
958
958
958
958
958
958
958
958
962
964
969
969
973
977
977
979
985
990
990
990
999
1002
1005
1007
1007
1007
1007
1007
1012
1012
1012
1025
1033
1036
1044
1045
1045
1045
1045
1045
1045
1045
1045
1052
1058
1058
1058
1058
1061
1066
1066
1069
1069
1073
1093
1097
1097
1099
1110
1110
1120
1123
1129
1129
1137
1138
1148
1148
1157
1157
1158
1158
1166
1180
1182
1182
1186
1191
1196
1199
1209
1209
1209
1209
1211
1211
1219
1220
1224
1234
1234
1235
1235
1235
1235
1235
1239
1239
1239
1239
1239
1243
1245
1247
1250
1250
1250
1250
1252
1255
1259
1259
1259
1259
1266
1272
1272
1272
1272
1273
1273
1279
1282
1282
1290
1300
1300
1310
1322
1322
1322
1331
1343
1351
1351
1357
1357
1361
1368
1369
1384
1384
1386
1391
1398
1401
1401
1403
1419
1430
1433
1433
1434
1434
1444
1448
1460
1461
1478
1486
1502
1514
1517
1517
1524
1524
1533
1549
1550
1550
1550
1558
1561
1572
1578
1584
1584
1584
1589
1589
1604
1609
1609
1617
1617
1617
1620
1620
1629
1629
1629
1629
1629
1637
1637
1639
1639
1639
1650
1651
1651
1651
1651
1655
1661
1667
1667
1667
1667
1669
1669
1669
1669
1669
1669
1676
1676
1676
1679
1686
1686
1686
1701
1703
1704
1707
1722
1727
1727
1727
1727
1727
1736
1738
1747
1747
1756
1761
1761
1761
1761
1762
1774
1788
1788
1788
1790
1790
