0
0
1
1
5
10
13
21
21
30
36
36
36
36
37
50
65
65
65
68
69
76
82
101
101
105
117
117
123
123
123
124
124
131
140
140
140
151
155
155
165
165
167
167
167
174
174
194
194
194
207
207
207
207
209
209
209
209
219
219
227
232
241
241
248
248
248
248
248
248
248
257
262
262
262
262
270
270
270
270
270
273
291
295
295
303
310
310
310
328
338
347
358
362
366
366
366
369
378
382
395
408
408
408
411
411
411
411
413
430
440
440
440
440
440
446
449
475
475
489
490
499
499
499
499
501
502
517
531
531
532
549
550
550
560
560
564
564
564
579
579
584
589
590
603
603
603
603
605
610
610
610
610
610
622
622
629
629
629
629
629
636
636
636
636
636
643
643
643
643
643
643
643
643
643
654
666
681
681
690
690
690
690
711
721
727
738
746
751
751
751
751
754
754
773
788
788
788
802
804
806
806
820
839
844
844
844
844
844
844
852
861
861
876
876
886
890
890
893
894
894
901
901
901
901
910
915
915
919
919
919
919
919
925
925
929
937
938
938
939
939
939
939
948
948
948
952
957
965
965
971
971
972
972
973
977
977
977
977
986
990
990
990
990
995
995
995
1002
1002
1010
1036
1048
1048
1052
1059
1059
1059
1073
1083
1083
1093
1102
1110
1110
1124
1124
1124
1124
1145
1166
1167
1167
1189
1189
1196
1196
1200
1213
1214
1214
1214
1214
1214
1219
1228
1230
1230
1230
1230
1233
1233
1233
1233
1233
1233
1233
1233
1233
1237
1242
1244
1244
1251
1252
1253
1254
1261
1266
1266
1266
1276
1282
1283
1284
1284
1284
1284
1288
1288
1288
1288
1302
1312
1315
1325
1325
1325
1325
1325
1325
1325
1325
1325
1337
1341
1341
1341
1341
1344
1351
1351
1356
1356
1365
1382
1385
1385
1386
1399
1399
1409
1411
1418
1418
1427
1428
1438
1438
1448
1448
1451
1451
1462
1475
1479
1479
1490
1490
1498
1500
1509
1509
1509
1509
1512
1512
1521
1521
1532
1536
1536
1536
1536
1536
1536
1538
1540
1540
1540
1540
1540
1544
1544
1547
1549
1549
1549
1549
1554
1556
1557
1557
1557
1557
1563
1570
1570
1570
1570
1570
1570
1577
1577
1577
1586
1596
1597
1605
1620
1620
1620
1633
1652
1652
1652
1657
1657
1666
1671
1673
1686
1686
1688
1698
1702
1705
1705
1714
1726
1741
1741
1741
1744
1744
1756
1764
1773
1773
1790
1809
1816
1830
1832
1832
1839
1839
1849
1869
1869
1869
1873
1877
1880
1894
1900
1905
1905
1905
1912
1912
1931
1932
1940
1942
1942
1942
1945
1949
1953
1953
1953
