0
0
3
25
43
52
68
85
85
85
85
85
85
106
106
106
118
121
155
162
174
178
199
208
208
208
210
210
211
224
231
234
250
250
250
250
259
277
277
277
280
280
280
303
303
310
310
311
321
321
321
321
321
321
321
322
327
329
334
334
356
356
356
358
363
363
365
376
380
411
425
425
430
430
430
430
430
455
471
471
471
471
487
491
491
491
492
496
496
505
510
510
510
510
510
510
515
529
547
567
578
594
594
594
597
597
597
637
637
637
649
649
677
700
701
701
707
722
726
726
726
726
728
745
745
757
784
784
784
784
784
789
789
789
802
802
811
825
825
825
836
836
836
836
836
836
836
836
836
843
846
846
846
846
868
869
869
872
872
878
885
898
910
923
942
944
951
951
951
951
951
959
988
988
997
1002
1017
1027
1027
1031
1035
1040
1040
1042
1042
1042
1042
1042
1046
1046
1051
1052
1067
1075
1084
1092
1097
1097
1097
1097
1099
1135
1149
1149
1161
1161
1169
1180
1188
1196
1196
1196
1196
1196
1196
1196
1204
1211
1219
1219
1237
1242
1247
1247
1250
1252
1252
1252
1263
1264
1268
1294
1294
1300
1309
1309
1309
1309
1318
1334
1336
1336
1336
1338
1338
1338
1338
1338
1354
1356
1356
1356
1356
1356
1356
1383
1389
1412
1432
1435
1435
1439
1439
1439
1439
1453
1483
1483
1499
1504
1514
1514
1514
1528
1528
1528
1528
1544
1547
1547
1547
1548
1555
1555
1564
1564
1564
1569
1571
1572
1572
1572
1572
1572
1578
1616
1621
1621
1624
1624
1628
1628
1628
1628
1632
1649
1652
1652
1664
1664
1675
1686
1688
1688
1696
1696
1696
1696
1701
1707
1707
1707
1723
1731
1731
1738
1744
1754
1768
1768
1768
1768
1785
1807
1807
1807
1807
1829
1829
1829
1829
1829
1831
1832
1832
1832
1832
1838
1845
1879
1887
1911
1940
1952
1962
1988
1988
1988
1988
1992
2008
2021
2043
2043
2043
2052
2052
2076
2076
2076
2076
2093
2093
2093
2093
2093
2093
2093
2097
2097
2097
2107
2107
2120
2122
2122
2122
2122
2122
2134
2136
2136
2156
2156
2156
2156
2156
2157
2157
2160
2167
2170
2193
2193
2209
2212
2218
2218
2221
2229
2229
2229
2240
2251
2251
2261
2282
2282
2282
2305
2308
2314
2318
2318
2318
2318
2349
2367
2367
2367
2367
2384
2387
2387
2387
2387
2387
2387
2387
2387
2394
2400
2413
2436
2446
2452
2477
2478
2507
2522
2522
2522
2522
2522
2531
2543
2571
2571
2576
2589
2591
2627
2627
2627
2627
2647
2651
2658
2658
2667
2667
2667
2676
2681
2694
2705
2705
2708
2708
2708
2713
2713
2713
2720
2720
2732
2744
2744
2744
2749
2764
2765
2765
2767
2770
2772
2778
2778
2803
2808
2813
