0
0
0
0
2
7
12
20
20
27
31
31
31
31
31
43
59
59
59
61
63
69
74
91
91
97
105
106
112
112
112
113
113
120
129
129
129
136
142
142
151
151
153
153
153
159
159
178
178
178
191
191
191
191
192
192
192
192
200
200
207
209
215
216
222
222
222
222
222
222
222
230
235
235
235
235
242
242
242
242
242
242
258
263
263
268
274
274
274
289
299
307
317
319
323
323
323
324
331
336
348
360
360
361
364
364
364
364
369
384
392
392
392
392
392
397
399
422
422
434
435
443
443
443
443
446
447
459
470
470
473
488
490
490
500
500
504
504
504
518
518
522
528
529
541
541
541
541
544
547
547
547
547
547
557
557
563
563
563
563
563
569
569
569
569
569
577
577
577
577
577
577
577
578
578
589
601
613
613
621
621
621
621
640
649
655
668
674
678
678
678
678
681
681
698
712
712
712
725
725
727
727
739
756
762
762
762
762
762
762
769
778
778
791
791
800
804
805
807
807
807
811
813
813
815
823
828
828
831
831
831
831
831
838
838
840
848
848
848
848
848
848
848
855
855
855
859
863
872
872
878
878
879
879
879
884
884
884
884
893
896
896
896
896
900
900
900
905
905
912
936
946
946
951
957
957
957
970
978
978
986
993
1002
1002
1014
1014
1014
1014
1033
1053
1053
1053
1074
1074
1081
1081
1084
1096
1097
1097
1097
1097
1097
1103
1110
1113
1113
1113
1113
1117
1117
1117
1119
1119
1119
1119
1119
1119
1122
1127
1129
1129
1135
1138
1139
1139
1144
1150
1150
1150
1159
1164
1166
1166
1166
1166
1166
1169
1169
1169
1169
1182
1192
1195
1205
1205
1205
1205
1205
1205
1205
1205
1205
1216
1218
1218
1218
1218
1220
1225
1225
1228
1228
1237
1251
1255
1255
1256
1266
1266
1276
1278
1284
1284
1293
1295
1305
1305
1313
1313
1314
1314
1325
1337
1339
1339
1348
1348
1355
1355
1365
1365
1365
1365
1367
1367
1375
1375
1385
1389
1389
1389
1389
1390
1390
1390
1394
1394
1394
1394
1394
1397
1398
1402
1403
1403
1403
1403
1408
1408
1408
1408
1408
1408
1413
1420
1420
1420
1420
1420
1420
1430
1430
1430
1439
1448
1449
1458
1470
1470
1470
1482
1501
1501
1501
1507
1507
1514
1518
1519
1531
1531
1534
1543
1545
1547
1547
1554
1566
1581
1581
1581
1583
1583
1594
1601
1610
1610
1627
1644
1650
1663
1664
1664
1670
1670
1679
1696
1696
1696
1700
1704
1706
1719
1724
1729
1729
1729
1735
1735
1751
1754
1760
1763
1763
1763
1766
1769
1775
1775
1775
