0
0
6
13
18
30
30
30
30
34
39
39
39
39
39
52
52
60
60
64
64
75
75
75
75
75
81
84
84
84
85
85
86
86
88
88
107
116
131
133
141
144
144
144
168
182
187
203
207
213
213
213
213
216
219
237
253
253
253
270
270
273
278
290
308
312
312
312
312
312
312
323
331
340
349
352
359
363
365
369
372
372
381
382
384
387
399
402
402
407
407
407
407
407
415
415
420
430
431
431
431
431
431
433
443
443
443
450
458
467
467
475
475
478
478
485
487
487
487
487
499
501
501
503
503
510
510
510
519
519
533
554
566
568
574
582
582
582
599
607
607
616
631
635
636
652
652
652
652
677
697
700
700
724
724
731
732
737
752
754
754
754
754
754
760
773
775
775
775
775
782
782
782
785
785
785
788
788
791
798
805
807
807
816
818
822
822
834
837
837
837
851
856
857
858
858
858
858
866
866
866
866
884
894
899
908
908
908
912
913
913
913
913
913
931
931
931
935
935
939
946
946
953
954
968
985
989
989
994
1008
1009
1024
1030
1032
1032
1043
1051
1057
1057
1068
1068
1069
1069
1084
1097
1099
1099
1111
1111
1121
1125
1132
1132
1132
1132
1137
1137
1148
1148
1159
1163
1163
1163
1163
1163
1166
1169
1171
1171
1171
1171
1171
1177
1177
1185
1185
1185
1186
1186
1193
1198
1201
1201
1201
1201
1210
1216
1217
1217
1217
1218
1218
1228
1229
1231
1241
1250
1254
1265
1279
1279
1279
1297
1313
1313
1313
1320
1320
1333
1336
1341
1353
1353
1357
1371
1371
1376
1376
1388
1399
1418
1418
1421
1424
1425
1439
1448
1454
1455
1473
1492
1498
1515
1515
1515
1524
1524
1536
1558
1560
1560
1568
1570
1573
1589
1594
1599
1599
1601
1606
1606
1629
1629
1638
1638
1638
1638
1642
1646
1651
1651
1651
1651
1651
1660
1660
1664
1664
1673
1682
1684
1684
1684
1691
1695
1708
1708
1708
1708
1708
1713
1714
1714
1714
1714
1714
1727
1727
1729
1732
1740
1740
1741
1761
1761
1763
1777
1790
1790
1790
1791
1791
1799
1801
1806
1813
1813
1822
1829
1829
1832
1832
1834
1850
1865
1865
1866
1869
1876
1886
1894
1905
1909
1911
1923
1923
1932
1932
1933
1936
1936
1945
1956
1956
1956
1967
1972
1972
1984
1987
1991
1991
1994
1999
1999
2022
2022
2028
2036
2036
2036
2036
2041
2041
2041
2041
2050
2050
2059
2062
2073
2073
2082
2082
2082
2082
2082
2082
2082
2094
2097
2097
2097
2101
2108
2108
2108
2108
2108
2123
2130
2135
2139
2145
2154
2156
2157
2177
2193
2195
2207
2214
2216
2216
2219
2219
2234
2234
2251
2263
2263
