0
0
6
6
6
6
9
15
22
24
29
29
30
33
33
40
44
48
48
48
52
63
65
68
69
73
73
73
85
85
94
105
106
117
125
132
132
135
154
166
166
166
173
173
188
190
206
206
206
214
223
228
228
233
248
269
272
272
277
277
289
294
306
309
322
334
353
364
370
370
378
379
383
406
411
416
416
426
427
430
448
453
454
454
461
461
468
484
484
489
491
491
496
497
507
509
509
509
509
518
520
523
525
526
537
541
542
542
542
546
557
567
567
567
569
572
572
574
574
574
574
581
583
585
591
601
601
603
617
624
629
629
651
656
656
656
658
658
668
668
680
680
687
696
697
702
702
704
715
732
732
732
739
739
748
755
768
773
776
782
791
798
798
801
805
805
810
825
828
828
828
843
843
847
857
862
863
863
870
872
883
893
895
909
911
911
911
911
916
916
916
923
929
939
943
950
955
957
964
964
964
965
965
965
970
980
980
980
980
992
995
995
995
995
995
1016
1023
1024
1034
1040
1043
1045
1058
1065
1082
1088
1096
1104
1106
1106
1108
1111
1123
1127
1151
1152
1155
1159
1161
1161
1161
1162
1181
1189
1189
1189
1189
1189
1192
1198
1218
1223
1232
1239
1250
1254
1254
1261
1266
1266
1280
1300
1300
1305
1312
1326
1326
1334
1338
1342
1347
1347
1362
1366
1366
1378
1378
1394
1395
1395
1395
1395
1403
1403
1403
1403
1403
1415
1415
1421
1426
1426
1429
1429
1439
1439
1439
1439
1439
1450
1450
1450
1450
1453
1453
1453
1460
1460
1466
1487
1503
1503
1515
1520
1520
1520
1541
1543
1560
1570
1578
1586
1586
1586
1587
1589
1593
1606
1627
1627
1628
1637
1645
1649
1651
1663
1681
1687
1687
1687
1687
1687
1687
1688
1707
1707
1723
1725
1733
1741
1741
1746
1747
1750
1757
1762
1762
1767
1776
1781
1782
1789
1789
1790
1790
1790
1804
1809
1811
1818
1825
1825
1825
1825
1825
1827
1833
1839
1839
1848
1851
1863
1863
1868
1871
1871
1874
1874
1882
1882
1882
1882
1886
1895
1895
1895
1897
1903
1905
1906
1913
1913
1916
1943
1958
1958
1963
1971
1971
1971
1987
1988
1996
2000
2009
2025
2027
2033
2040
2041
2041
2054
2083
2085
2086
2096
2109
2111
2115
2123
2134
2137
2137
2137
2137
2137
2137
2144
2160
2160
2163
2163
2171
2171
2171
2173
2173
2173
2175
2175
2175
2182
2186
2191
2191
2198
2205
2205
2208
2215
2222
2224
2224
2232
2243
2243
2246
2246
2246
2246
2248
2253
2254
2255
2272
2281
2288
2290
2298
2298
2298
2302
2303
2303
2303
2303
2305
2319
2319
2322
2323
2328
2332
2336
2344
2349
2352
2373
2385
2385
2389
