0
0
2
9
9
24
24
24
24
25
29
29
29
29
29
39
39
46
46
46
46
52
52
52
52
52
53
57
57
57
57
57
57
57
57
57
73
83
99
99
107
107
107
107
129
147
149
163
170
175
175
175
175
175
175
194
212
212
212
229
229
229
233
246
267
275
275
275
275
275
275
280
291
295
304
305
317
322
322
322
322
322
327
328
328
328
338
342
342
342
342
342
342
342
346
346
347
357
357
358
358
358
358
358
365
365
365
365
371
383
383
386
386
386
386
388
388
388
388
388
396
398
398
398
398
400
400
400
404
404
419
440
456
456
458
462
462
462
476
486
486
494
510
516
517
533
533
533
533
557
581
581
581
604
604
612
612
617
633
634
634
634
634
634
636
648
649
649
649
649
653
653
653
653
653
653
653
653
653
653
656
658
658
664
665
665
665
671
675
675
675
684
693
694
694
694
694
694
695
695
695
695
710
722
723
734
734
734
734
734
734
734
734
734
746
749
749
749
749
750
757
757
759
759
770
787
792
792
792
804
804
811
818
823
823
831
835
842
842
855
856
857
857
868
883
885
885
892
892
899
903
912
912
912
912
912
912
919
919
934
938
938
938
938
938
938
938
939
939
939
939
939
940
940
942
942
942
942
942
943
945
945
945
945
945
950
958
958
958
958
958
958
964
964
964
970
982
985
992
1010
1010
1010
1025
1044
1044
1044
1049
1049
1059
1061
1062
1075
1075
1075
1089
1089
1089
1089
1096
1111
1125
1125
1125
1125
1125
1134
1145
1154
1154
1172
1196
1203
1224
1224
1224
1228
1228
1237
1259
1261
1261
1265
1267
1270
1288
1294
1302
1302
1302
1306
1306
1326
1328
1336
1339
1339
1339
1339
1345
1350
1350
1350
1350
1350
1354
1354
1354
1354
1359
1368
1368
1368
1368
1368
1368
1381
1381
1381
1381
1381
1381
1381
1381
1381
1381
1381
1385
1385
1385
1386
1396
1396
1396
1413
1414
1414
1427
1442
1442
1442
1442
1442
1443
1447
1452
1461
1461
1470
1471
1471
1471
1471
1471
1487
1505
1505
1505
1505
1508
1514
1521
1537
1539
1543
1557
1557
1565
1565
1565
1565
1565
1571
1579
1579
1579
1586
1593
1593
1602
1602
1603
1603
1603
1608
1608
1629
1629
1629
1641
1641
1641
1641
1641
1641
1641
1641
1648
1648
1653
1653
1661
1661
1665
1665
1665
1665
1665
1665
1665
1676
1679
1679
1679
1679
1685
1685
1685
1685
1685
1699
1704
1711
1711
1716
1724
1724
1724
1742
1761
1766
1778
1784
1785
1785
1785
1785
1797
1797
1812
1827
1827
