0
0
0
0
0
0
0
0
0
0
0
0
0
0
0
0
0
0
0
0
0
8
8
10
10
10
10
10
10
10
10
40
40
48
74
101
101
101
137
171
171
171
171
171
181
181
201
201
201
201
223
223
223
223
254
280
291
291
291
291
297
300
332
347
359
387
455
485
508
508
508
508
508
561
568
568
568
568
568
579
636
653
657
657
657
657
657
692
692
717
721
721
721
721
729
729
729
729
729
729
729
729
729
729
729
744
744
744
744
744
744
759
759
759
759
759
759
759
759
759
759
759
759
759
759
766
766
766
773
796
796
796
845
858
858
858
858
858
858
858
891
891
891
891
891
891
891
891
901
956
956
956
956
956
956
957
1000
1021
1032
1039
1069
1091
1091
1091
1091
1091
1091
1108
1108
1108
1108
1116
1123
1123
1137
1137
1139
1139
1139
1139
1139
1174
1174
1190
1196
1196
1196
1196
1196
1196
1196
1196
1196
1196
1196
1196
1196
1196
1196
1196
1196
1196
1196
1196
1196
1208
1208
1208
1208
1208
1208
1208
1208
1208
1208
1234
1255
1255
1255
1270
1270
1270
1276
1297
1356
1370
1391
1408
1409
1409
1409
1409
1419
1419
1487
1491
1491
1491
1491
1491
1491
1491
1521
1552
1552
1552
1552
1552
1552
1552
1591
1612
1614
1632
1653
1653
1653
1653
1653
1653
1665
1706
1706
1706
1706
1731
1731
1731
1736
1736
1736
1736
1749
1749
1749
1777
1777
1820
1820
1820
1820
1820
1820
1820
1820
1820
1820
1822
1822
1822
1822
1822
1822
1822
1822
1822
1822
1822
1822
1822
1822
1822
1822
1822
1822
1822
1822
1822
1822
1868
1915
1915
1915
1915
1915
1915
1948
1951
2004
2009
2048
2071
2071
2071
2071
2071
2071
2076
2149
2149
2149
2149
2169
2169
2169
2196
2257
2276
2276
2276
2276
2276
2276
2276
2297
2302
2319
2330
2351
2377
2377
2377
2377
2377
2377
2377
2377
2377
2377
2395
2395
2395
2395
2395
2395
2395
2395
2395
2395
2400
2410
2410
2410
2410
2410
2410
2410
2410
2410
2410
2410
2437
2437
2437
2437
2437
2437
2437
2437
2437
2437
2437
2437
2447
2447
2447
2447
2447
2447
2447
2447
2447
2447
2506
2558
2558
2560
2567
2567
2567
2583
2584
2609
2609
2614
2663
2663
2686
2708
2708
2708
2712
2811
2815
2815
2815
2858
2863
2878
2890
2925
2935
2935
2935
2935
2935
2935
2935
2954
2954
2954
2954
2954
2954
2954
2954
2954
2954
2954
2954
2954
2954
2954
2954
2954
2954
2954
2954
2954
2954
2962
2962
2962
2962
2979
2985
2988
2988
2988
2988
2988
2988
2988
2988
3004
3036
3036
3045
3070
3070
3070
3070
3070
3070
3070
3070
3070
3085
3085
3085
3085
3085
3085
3085
3085
3085
3085
3128
3149
3149
3149
