0
0
4
9
10
22
22
22
22
26
28
28
28
28
28
37
37
45
45
45
45
52
52
52
52
52
55
60
60
60
60
60
60
60
61
61
76
83
96
98
104
104
104
104
123
136
139
154
159
163
163
163
163
166
166
182
196
196
196
209
209
210
214
224
240
245
245
245
245
245
245
252
260
266
273
274
282
287
288
290
290
290
296
297
297
298
307
310
310
313
313
313
313
313
320
320
322
331
331
331
331
331
331
331
338
338
338
342
346
355
355
361
361
363
363
368
368
368
368
368
379
381
381
381
381
384
384
384
391
391
402
421
431
432
435
442
442
442
454
463
463
471
482
487
487
500
500
500
500
522
539
540
540
562
562
569
569
571
584
585
585
585
585
585
591
600
602
602
602
602
605
605
605
606
606
606
606
606
606
609
613
616
616
624
624
624
624
631
636
636
636
644
650
651
651
651
651
651
655
655
655
655
668
677
679
688
688
688
689
691
691
691
691
691
703
704
704
704
704
707
712
712
715
716
726
739
743
743
744
755
755
766
772
774
774
782
787
792
792
800
801
803
803
814
826
828
828
836
836
843
846
854
854
854
854
856
856
865
865
875
880
880
880
880
880
880
880
883
883
883
883
883
887
887
891
891
891
891
891
896
897
897
897
897
897
902
910
910
910
910
911
911
921
921
921
928
938
941
948
962
962
962
977
992
992
992
997
997
1008
1008
1012
1021
1021
1024
1035
1035
1037
1037
1046
1055
1069
1069
1069
1070
1070
1081
1090
1096
1096
1113
1130
1136
1151
1151
1151
1158
1158
1167
1183
1185
1185
1190
1193
1195
1209
1212
1217
1217
1217
1222
1222
1240
1240
1247
1249
1249
1249
1252
1256
1261
1261
1261
1261
1261
1270
1270
1271
1271
1279
1284
1284
1284
1284
1285
1287
1298
1298
1298
1298
1298
1300
1300
1300
1300
1300
1300
1305
1305
1305
1309
1315
1315
1315
1332
1332
1332
1343
1353
1353
1353
1353
1353
1356
1359
1364
1371
1371
1377
1382
1382
1382
1382
1382
1396
1410
1410
1411
1412
1417
1425
1430
1442
1443
1448
1457
1457
1463
1463
1463
1464
1464
1470
1479
1479
1479
1487
1492
1492
1501
1501
1504
1504
1504
1510
1510
1528
1528
1531
1540
1540
1540
1540
1541
1542
1542
1542
1550
1550
1558
1559
1567
1567
1575
1575
1575
1575
1575
1575
1575
1586
1587
1587
1587
1587
1594
1594
1594
1594
1594
1606
1611
1616
1617
1622
1628
1628
1628
1644
1659
1661
1671
1676
1678
1678
1681
1681
1692
1694
1706
1719
1719
