0
6
11
20
22
25
31
31
38
38
38
38
38
38
41
54
54
54
54
63
63
63
63
63
63
83
90
90
100
107
107
107
128
130
151
161
161
170
170
170
170
176
186
196
216
217
217
219
221
221
221
223
243
253
253
253
253
253
255
263
290
291
304
305
316
317
317
317
319
319
335
349
349
351
362
371
371
383
383
386
389
389
407
407
410
418
418
436
436
436
436
436
444
444
444
444
444
455
455
460
462
462
462
462
470
470
470
470
470
479
479
479
479
479
479
479
481
481
491
510
525
525
534
535
535
535
558
568
578
590
597
604
604
604
604
605
609
625
648
648
648
661
667
668
669
684
705
713
713
713
713
713
713
713
731
731
745
747
758
763
763
766
766
766
772
774
774
775
783
791
791
798
798
798
798
798
806
807
811
818
821
821
821
821
821
821
828
831
831
834
842
850
850
855
858
858
859
859
865
865
865
865
875
879
879
879
879
885
885
885
892
892
893
927
941
941
946
953
953
953
969
978
978
982
992
1006
1006
1017
1023
1023
1023
1044
1072
1072
1072
1084
1098
1100
1105
1109
1122
1126
1126
1126
1126
1126
1126
1132
1144
1144
1144
1144
1149
1149
1149
1149
1149
1149
1149
1149
1149
1154
1156
1163
1163
1169
1174
1174
1180
1188
1195
1195
1195
1205
1211
1214
1214
1214
1214
1214
1214
1220
1220
1220
1234
1246
1249
1258
1261
1261
1261
1261
1261
1261
1261
1261
1270
1276
1276
1276
1276
1280
1286
1286
1289
1290
1296
1323
1328
1328
1330
1346
1346
1357
1361
1368
1368
1376
1377
1390
1392
1399
1402
1402
1402
1414
1431
1433
1433
1436
1442
1447
1452
1463
1463
1463
1463
1466
1466
1473
1477
1480
1494
1494
1494
1494
1494
1494
1494
1502
1502
1502
1502
1502
1506
1508
1509
1514
1514
1514
1514
1514
1520
1523
1523
1523
1523
1530
1537
1537
1537
1537
1538
1538
1544
1548
1548
1557
1569
1569
1581
1597
1597
1597
1605
1623
1631
1631
1637
1637
1641
1650
1650
1667
1667
1670
1677
1684
1686
1686
1689
1709
1721
1726
1726
1730
1730
1742
1745
1762
1763
1783
1793
1812
1826
1829
1829
1836
1836
1848
1869
1869
1869
1869
1880
1880
1898
1903
1910
1910
1910
1916
1916
1933
1938
1940
1948
1948
1948
1950
1951
1961
1961
1961
1961
1961
1969
1969
1971
1971
1973
1987
1987
1987
1987
1988
1990
1999
2005
2005
2005
2005
2006
2006
2006
2006
2006
2006
2013
2013
2013
2016
2028
2028
2028
2049
2051
2051
2058
2075
2079
2079
2079
2079
2079
2087
2090
2101
2101
2111
2117
2118
2118
2118
2118
2132
2151
2151
2152
2154
2154
