0
0
3
3
9
14
20
26
26
35
43
43
48
48
50
63
76
76
77
79
83
90
98
114
115
119
129
131
142
142
143
147
148
158
169
169
169
179
185
185
198
200
204
204
206
213
213
233
235
238
251
251
251
251
257
257
257
258
268
268
277
281
291
291
300
300
300
300
300
300
303
311
318
318
318
320
328
328
328
328
328
333
348
354
356
366
372
372
372
392
402
409
420
427
431
431
431
435
446
450
466
478
478
481
487
489
491
491
499
512
521
521
522
522
522
530
535
558
558
570
574
584
586
586
589
595
599
611
625
625
629
648
648
648
661
661
668
668
668
685
688
695
698
700
714
714
714
714
719
722
722
722
722
724
736
736
745
745
746
746
749
756
756
756
756
761
766
766
766
769
770
771
771
775
775
789
801
814
817
828
831
831
831
853
863
869
881
889
895
895
895
897
903
904
922
936
936
936
952
953
957
957
970
987
991
991
992
992
992
992
1001
1010
1011
1026
1026
1035
1039
1041
1045
1047
1047
1054
1059
1063
1064
1076
1080
1080
1087
1088
1088
1088
1091
1099
1100
1105
1114
1114
1116
1116
1116
1116
1118
1127
1127
1127
1134
1137
1147
1148
1155
1155
1159
1159
1160
1165
1165
1165
1165
1175
1177
1178
1178
1178
1185
1185
1185
1193
1193
1203
1226
1239
1239
1246
1256
1256
1256
1272
1279
1279
1291
1299
1308
1312
1324
1327
1327
1327
1349
1368
1368
1370
1393
1393
1401
1402
1407
1419
1420
1420
1420
1421
1421
1428
1439
1440
1440
1442
1443
1449
1449
1449
1455
1455
1455
1456
1456
1456
1461
1466
1471
1472
1482
1484
1486
1487
1495
1501
1503
1504
1516
1521
1523
1523
1523
1523
1525
1532
1532
1532
1533
1547
1555
1560
1568
1569
1569
1573
1574
1574
1574
1574
1574
1587
1590
1590
1593
1593
1600
1609
1609
1615
1617
1629
1643
1649
1649
1652
1666
1666
1683
1685
1692
1692
1703
1709
1717
1718
1726
1726
1729
1729
1741
1753
1754
1754
1766
1766
1777
1779
1788
1789
1789
1789
1794
1794
1804
1804
1814
1819
1819
1821
1823
1825
1828
1832
1834
1834
1834
1834
1834
1840
1841
1848
1848
1848
1851
1851
1860
1864
1867
1867
1867
1867
1875
1881
1882
1882
1882
1884
1884
1894
1894
1894
1904
1912
1915
1925
1937
1937
1937
1953
1968
1968
1968
1975
1975
1985
1992
1996
2007
2007
2013
2023
2026
2032
2032
2042
2053
2069
2070
2070
2078
2078
2095
2102
2111
2111
2130
2147
2154
2169
2170
2170
2180
2181
2195
2211
2211
2214
2222
2226
2230
2240
2245
2251
2251
2253
2258
2258
2275
2278
2285
2286
2289
2289
2294
2300
2304
2304
2304
