0
0
0
3
3
31
31
31
31
31
31
31
31
31
31
35
35
35
35
35
35
36
36
36
36
36
36
36
36
36
36
36
36
36
36
36
54
69
97
97
102
102
102
102
129
155
161
184
193
203
203
203
203
203
203
226
255
255
255
270
270
270
270
292
327
339
339
339
339
339
339
340
359
362
377
379
399
407
407
407
407
407
407
407
407
407
416
422
422
422
422
422
422
422
422
422
422
437
440
440
440
440
440
440
442
442
442
442
443
461
461
461
461
461
461
461
461
461
461
461
466
470
470
470
470
470
470
470
470
470
481
521
546
546
548
551
551
551
564
582
582
586
611
621
621
650
650
650
650
685
722
723
723
754
754
768
768
776
803
805
805
805
805
805
805
818
821
821
821
821
821
821
821
821
821
821
821
821
821
821
821
821
821
822
823
823
823
826
832
832
832
837
851
853
853
853
853
853
853
853
853
853
868
887
890
907
907
907
907
907
907
907
907
907
917
921
921
921
921
921
924
924
924
924
934
962
970
970
970
983
983
988
1000
1006
1006
1019
1023
1035
1035
1056
1056
1059
1059
1068
1093
1099
1099
1103
1103
1114
1121
1138
1138
1138
1138
1138
1138
1141
1141
1164
1172
1172
1172
1172
1172
1172
1172
1172
1172
1172
1172
1172
1172
1172
1172
1172
1172
1172
1172
1172
1172
1172
1172
1172
1172
1172
1183
1183
1183
1183
1183
1183
1186
1186
1186
1187
1208
1209
1218
1247
1247
1247
1266
1295
1295
1295
1295
1295
1304
1304
1304
1318
1318
1318
1335
1335
1335
1335
1340
1361
1382
1382
1382
1382
1382
1390
1407
1422
1422
1444
1482
1494
1528
1528
1528
1529
1529
1536
1571
1574
1574
1574
1576
1581
1612
1621
1633
1633
1633
1633
1633
1658
1659
1676
1678
1678
1678
1678
1678
1688
1688
1688
1688
1688
1688
1688
1688
1688
1689
1701
1701
1701
1701
1701
1701
1716
1716
1716
1716
1716
1716
1716
1716
1716
1716
1716
1716
1716
1716
1716
1724
1724
1724
1745
1748
1748
1762
1787
1787
1787
1787
1787
1787
1788
1797
1811
1811
1813
1814
1814
1814
1814
1814
1832
1860
1860
1860
1860
1860
1867
1878
1904
1907
1917
1937
1937
1951
1951
1951
1951
1951
1951
1964
1964
1964
1966
1977
1977
1987
1987
1988
1988
1988
1988
1988
2015
2015
2015
2028
2028
2028
2028
2028
2028
2028
2028
2032
2032
2033
2033
2035
2035
2035
2035
2035
2035
2035
2035
2035
2043
2048
2048
2048
2048
2049
2049
2049
2049
2049
2064
2071
2083
2083
2084
2098
2098
2098
2119
2153
2158
2179
2189
2190
2190
2190
2190
2200
2203
2221
2247
2247
