0
0
1
25
45
57
75
93
93
93
93
93
93
115
115
115
126
129
170
177
190
196
219
230
230
230
232
232
232
247
252
256
275
275
275
275
282
305
305
305
305
305
305
330
330
337
337
338
349
349
349
349
349
349
349
349
353
354
362
362
386
386
386
388
393
393
393
404
409
445
462
462
467
468
468
468
468
495
514
514
514
514
532
536
536
536
536
541
541
549
556
556
556
556
556
556
560
575
596
618
632
652
652
652
652
652
652
696
696
696
707
707
736
764
764
764
766
786
788
788
788
788
788
805
807
820
852
852
852
852
852
856
856
856
870
870
880
891
891
891
901
901
901
901
901
901
901
901
901
906
910
910
910
910
932
933
933
934
934
942
947
963
977
993
1014
1017
1024
1024
1024
1024
1024
1032
1063
1064
1073
1079
1094
1107
1107
1113
1115
1120
1120
1121
1121
1121
1121
1121
1123
1123
1128
1130
1148
1155
1166
1177
1180
1180
1180
1180
1180
1221
1237
1237
1248
1248
1255
1269
1279
1287
1287
1287
1287
1287
1287
1287
1294
1301
1309
1309
1329
1334
1341
1341
1344
1346
1346
1346
1357
1359
1363
1393
1393
1399
1409
1409
1409
1409
1417
1435
1440
1440
1440
1440
1440
1440
1440
1440
1455
1458
1458
1458
1458
1458
1458
1486
1493
1521
1543
1547
1547
1547
1547
1547
1547
1561
1596
1596
1610
1618
1628
1628
1628
1642
1642
1642
1642
1658
1660
1660
1660
1660
1668
1668
1677
1677
1677
1678
1681
1683
1683
1683
1683
1683
1688
1732
1738
1738
1740
1740
1743
1743
1743
1743
1743
1763
1766
1766
1779
1779
1788
1803
1804
1804
1810
1810
1810
1810
1815
1819
1819
1819
1835
1844
1844
1851
1857
1868
1886
1886
1886
1886
1903
1929
1929
1929
1929
1953
1953
1953
1953
1953
1954
1954
1954
1954
1954
1959
1967
2007
2015
2043
2077
2092
2102
2131
2131
2131
2131
2133
2152
2169
2189
2189
2189
2197
2197
2222
2222
2222
2222
2238
2238
2238
2238
2238
2238
2238
2240
2240
2240
2249
2249
2264
2266
2266
2266
2266
2266
2278
2278
2278
2303
2303
2303
2303
2303
2303
2303
2305
2311
2315
2342
2342
2357
2361
2367
2367
2370
2379
2379
2379
2389
2402
2402
2411
2437
2437
2437
2460
2465
2472
2476
2476
2476
2476
2506
2528
2528
2528
2528
2545
2548
2548
2548
2548
2548
2548
2548
2548
2552
2560
2575
2602
2613
2619
2649
2651
2683
2700
2700
2700
2700
2700
2706
2719
2751
2751
2754
2769
2769
2811
2811
2811
2811
2833
2837
2845
2845
2851
2852
2852
2859
2865
2879
2893
2893
2895
2895
2895
2897
2897
2897
2901
2901
2915
2931
2931
2931
2933
2950
2952
2952
2952
2955
2956
2966
2966
2992
2997
3002
