0
0
5
5
5
5
5
9
12
12
18
18
18
19
19
27
31
34
34
34
36
50
50
50
50
51
51
51
63
63
72
84
84
94
102
112
112
115
135
145
145
145
152
152
166
168
185
185
185
193
204
209
209
213
229
246
250
250
256
256
268
272
282
286
301
308
330
341
347
347
355
356
357
384
389
391
391
400
402
405
424
429
430
430
437
438
445
461
461
470
471
471
475
475
485
485
485
485
485
496
496
498
500
502
512
517
518
518
518
524
531
541
541
541
541
545
545
546
546
546
546
553
559
560
567
575
575
575
589
597
598
598
619
625
625
625
626
626
636
636
648
648
651
659
664
667
667
669
681
700
700
700
705
705
717
725
737
744
748
752
761
770
770
772
775
775
780
795
795
795
795
810
811
816
823
827
828
828
835
836
848
858
858
871
872
872
872
872
877
877
877
879
887
896
899
904
910
910
918
918
918
918
918
918
925
935
935
935
935
946
946
946
946
946
946
969
974
974
984
993
993
994
1007
1015
1033
1037
1045
1053
1054
1054
1058
1061
1073
1075
1100
1102
1104
1107
1110
1110
1110
1111
1131
1141
1141
1141
1142
1142
1145
1152
1171
1181
1191
1195
1209
1209
1209
1211
1216
1216
1231
1247
1247
1250
1256
1268
1268
1275
1280
1283
1287
1287
1302
1303
1303
1317
1317
1335
1335
1335
1335
1335
1345
1345
1345
1345
1345
1358
1358
1364
1366
1366
1369
1369
1381
1381
1381
1381
1381
1390
1390
1390
1390
1392
1392
1392
1394
1394
1404
1422
1437
1437
1448
1451
1451
1451
1473
1475
1493
1498
1512
1518
1518
1518
1519
1519
1522
1535
1559
1559
1559
1566
1577
1579
1581
1598
1615
1620
1620
1620
1620
1620
1620
1620
1638
1638
1651
1655
1663
1669
1669
1675
1678
1678
1686
1688
1688
1693
1702
1708
1708
1713
1713
1713
1713
1713
1721
1721
1726
1730
1739
1739
1739
1739
1739
1740
1748
1753
1753
1759
1767
1776
1776
1782
1785
1786
1788
1788
1797
1797
1797
1797
1800
1810
1810
1810
1812
1819
1819
1819
1826
1828
1828
1858
1875
1875
1884
1892
1892
1892
1908
1911
1917
1921
1930
1945
1946
1953
1961
1961
1961
1973
2004
2010
2010
2021
2035
2036
2042
2048
2059
2065
2065
2065
2065
2065
2065
2071
2085
2085
2085
2085
2092
2092
2092
2096
2096
2096
2098
2098
2098
2107
2110
2117
2117
2125
2127
2127
2131
2138
2145
2145
2145
2154
2163
2165
2167
2167
2168
2168
2170
2177
2177
2177
2196
2205
2209
2212
2219
2219
2219
2223
2225
2225
2225
2225
2226
2243
2243
2247
2247
2251
2255
2258
2265
2266
2269
2291
2303
2303
2306
