0
0
35
75
148
223
223
254
296
312
353
376
412
412
465
519
519
549
567
609
610
662
675
675
695
695
753
794
866
877
971
1004
1019
1020
1020
1073
1080
1080
1115
1129
1155
1199
1199
1259
1259
1287
1295
1351
1420
1428
1456
1541
1541
1574
1600
1628
1687
1705
1741
1753
1795
1829
1882
1882
1899
1935
1935
1991
2006
2006
2006
2023
2194
2199
2231
2299
2378
2463
2475
2477
2523
2540
2574
2588
2597
2603
2632
2632
2655
2706
2716
2716
2787
2811
2851
2908
2928
2928
2936
2936
2936
2936
2936
2936
2936
2953
2963
2966
2966
2986
2986
2996
3043
3131
3137
3137
3168
3171
3193
3240
3240
3266
3269
3269
3275
3297
3407
3429
3429
3438
3441
3476
3488
3499
3543
3543
3543
3568
3568
3597
3597
3597
3603
3603
3605
3635
3654
3654
3654
3654
3654
3678
3678
3678
3678
3678
3718
3752
3778
3791
3791
3821
3821
3821
3831
3880
3948
3952
3953
3976
3984
4040
4064
4072
4072
4154
4187
4187
4227
4235
4235
4235
4235
4315
4315
4315
4315
4315
4325
4372
4406
4452
4522
4588
4588
4604
4606
4606
4651
4703
4703
4709
4750
4800
4809
4868
4960
4993
5040
5093
5093
5093
5141
5150
5151
5169
5265
5267
5327
5344
5344
5344
5344
5406
5428
5434
5477
5499
5499
5534
5534
5564
5564
5587
5587
5635
5716
5717
5787
5831
5831
5875
5891
5933
5956
5983
5992
6088
6093
6177
6203
6203
6204
6265
6274
6288
6317
6335
6335
6387
6479
6479
6510
6526
6556
6565
6606
6606
6632
6643
6643
6659
6659
6692
6763
6764
6811
6811
6831
6852
6907
6933
6946
6966
6966
6966
6969
7015
7017
7017
7047
7047
7052
7071
7071
7071
7092
7134
7144
7145
7145
7160
7189
7225
7241
7241
7290
7290
7291
7291
7294
7308
7321
7356
7393
7393
7393
7426
7488
7512
7512
7523
7558
7573
7573
7573
7616
7631
7631
7631
7646
7646
7688
7700
7754
7754
7771
7772
7772
7829
7864
7864
7891
7893
7941
7941
7941
7941
7987
8019
8020
8020
8022
8030
8088
8088
8088
8134
8156
8185
8210
8246
8246
8255
8285
8286
8289
8339
8339
8357
8394
8461
8461
8461
8461
8500
8607
8641
8651
8702
8771
8796
8796
8796
8802
8835
8835
8873
8873
8873
8878
8878
8933
8933
9034
9076
9134
9134
9134
9160
9214
9214
9214
9228
9282
9291
9291
9305
9323
9324
9329
9370
9370
9399
9504
9507
9522
9526
9544
9592
9626
9741
9742
9779
9840
9913
9933
9933
9933
9948
9972
9977
9981
9981
10024
10052
10060
10134
10222
10222
10222
10269
10269
10295
10319
10319
10319
10353
10418
10418
10418
10418
10435
10435
10435
10435
10435
10465
10489
10496
10505
10537
10562
10564
10577
10684
10698
10712
10742
10742
10769
10769
10769
10769
10769
10777
10779
10779
10784
10825
10879
10904
10904
10909
10909
10924
10924
10924
10946
10964
10964
11016
11016
11041
11067
11067
11067
11067
11067
11067
11080
