0
0
21
59
88
97
137
193
281
294
307
307
369
379
390
422
440
440
467
572
585
615
630
661
670
711
711
711
738
748
748
764
780
866
867
915
915
935
956
996
1022
1051
1068
1070
1070
1073
1119
1120
1120
1150
1150
1150
1173
1173
1173
1186
1208
1236
1247
1247
1251
1292
1327
1332
1344
1374
1394
1395
1395
1395
1413
1426
1450
1492
1498
1498
1525
1593
1618
1618
1618
1652
1669
1678
1678
1721
1737
1737
1737
1753
1753
1753
1795
1849
1860
1869
1877
1877
1934
1969
1969
1982
1998
2047
2047
2047
2048
2051
2125
2127
2127
2130
2133
2196
2196
2196
2241
2263
2263
2318
2354
2354
2363
2394
2394
2396
2450
2450
2469
2488
2571
2573
2573
2573
2608
2707
2745
2759
2786
2854
2908
2908
2908
2908
2947
2947
2984
2984
2984
2989
2989
2989
3043
3107
3187
3229
3245
3245
3271
3326
3326
3326
3332
3379
3402
3402
3402
3415
3433
3439
3469
3480
3480
3582
3617
3633
3638
3655
3694
3712
3810
3852
3889
3950
4008
4044
4044
4044
4056
4063
4087
4094
4094
4103
4153
4165
4223
4322
4335
4335
4382
4382
4399
4433
4433
4433
4468
4523
4532
4532
4532
4549
4549
4549
4549
4549
4566
4594
4604
4619
4647
4671
4677
4686
4783
4811
4826
4856
4856
4883
4883
4883
4883
4883
4892
4894
4894
4898
4930
4994
5019
5019
5023
5023
5038
5038
5038
5060
5078
5078
5131
5131
5131
5169
5182
5182
5182
5182
5182
5192
5264
5264
5264
5264
5268
5318
5325
5325
5336
5382
5413
5414
5414
5414
5463
5463
5463
5463
5468
5475
5609
5646
5646
5663
5685
5685
5717
5756
5759
5790
5791
5825
5826
5826
5832
5832
5832
5846
5875
5927
5998
6074
6074
6105
6146
6163
6177
6226
6262
6262
6313
6370
6370
6399
6419
6461
6462
6514
6527
6527
6547
6547
6599
6646
6683
6731
6822
6852
6872
6873
6873
6925
6932
6932
6967
6981
7008
7052
7052
7085
7111
7131
7147
7202
7272
7276
7309
7393
7393
7423
7451
7469
7522
7556
7591
7602
7643
7677
7724
7732
7744
7784
7784
7817
7855
7855
7855
7872
8035
8048
8081
8144
8227
8313
8325
8328
8358
8379
8427
8441
8450
8455
8484
8484
8508
8548
8568
8568
8623
8649
8699
8748
8780
8780
8788
8788
8788
8788
8788
8788
8788
8805
8807
8817
8817
8836
8836
8846
8887
8979
8988
8988
9019
9022
9043
9091
9091
9117
9120
9120
9126
9131
9258
9276
9279
9288
9291
9326
9338
9350
9394
9394
9394
9420
9420
9448
9448
9448
9455
9455
9455
9486
9505
9505
9505
9505
9505
9528
9528
9528
9528
9528
9567
9601
9628
9640
9640
9669
9669
9669
9678
9724
9788
9800
9800
9825
9834
9884
9903
9922
9922
10005
10038
10038
10068
10087
10087
10087
10087
10167
10167
10167
10167
10167
10177
10202
10251
10305
10367
10441
10441
10444
10459
10459
10504
10555
10555
10556
10599
10652
10658
