0
0
0
0
15
50
50
106
207
240
285
338
338
391
409
437
457
461
475
493
504
534
534
558
617
636
654
706
706
706
706
731
790
841
869
986
1005
1010
1010
1033
1069
1069
1098
1106
1158
1175
1257
1272
1304
1304
1311
1311
1339
1342
1386
1420
1420
1420
1467
1467
1523
1557
1557
1558
1576
1576
1624
1643
1644
1644
1644
1681
1703
1753
1777
1858
1858
1862
1918
1930
2005
2048
2048
2079
2094
2157
2157
2209
2209
2209
2209
2209
2294
2294
2294
2307
2360
2380
2433
2433
2480
2487
2556
2565
2586
2630
2635
2686
2686
2690
2705
2740
2740
2771
2771
2772
2772
2772
2772
2772
2772
2791
2791
2799
2799
2799
2799
2799
2810
2810
2835
2835
2845
2885
2945
2945
2945
2945
2970
2970
3004
3095
3118
3118
3118
3118
3135
3160
3171
3171
3171
3171
3219
3219
3239
3239
3239
3240
3240
3245
3305
3375
3377
3377
3377
3387
3402
3402
3459
3459
3459
3482
3508
3518
3519
3569
3569
3569
3589
3589
3589
3589
3624
3643
3682
3682
3682
3682
3745
3745
3745
3762
3798
3807
3807
3817
3866
3877
3892
3925
3954
4005
4023
4035
4060
4095
4107
4114
4127
4127
4155
4236
4318
4337
4374
4432
4468
4468
4487
4553
4566
4608
4608
4674
4679
4679
4712
4759
4784
4787
4787
4787
4787
4833
4921
4935
5002
5002
5002
5015
5030
5053
5115
5127
5139
5139
5139
5141
5221
5244
5244
5255
5255
5255
5255
5299
5311
5328
5344
5426
5426
5426
5481
5481
5481
5481
5490
5491
5585
5636
5636
5693
5693
5762
5764
5774
5774
5774
5788
5789
5848
5856
5856
5877
5907
5935
5935
5955
5959
5959
5959
5978
6006
6044
6044
6055
6057
6057
6057
6146
6146
6186
6186
6187
6194
6194
6208
6208
6208
6229
6229
6229
6259
6295
6331
6331
6340
6340
6379
6398
6422
6491
6560
6560
6560
6560
6575
6632
6632
6681
6681
6681
6681
6681
6703
6754
6754
6759
6759
6759
6811
6811
6811
6811
6811
6840
6878
6883
6919
7016
7016
7016
7016
7050
7070
7070
7086
7129
7152
7198
7219
7219
7237
7264
7348
7349
7349
7349
7354
7354
7369
7369
7369
7369
7400
7400
7445
7445
7445
7446
7457
7476
7476
7510
7555
7561
7561
7562
7576
7603
7603
7659
7676
7735
7758
7849
7904
7993
7999
8076
8082
8118
8125
8175
8209
8235
8248
8283
8283
8302
8306
8360
8363
8379
8415
8432
8432
8432
8438
8438
8466
8466
8530
8534
8604
8606
8633
8679
8690
8731
8754
8754
8780
8780
8797
8810
8855
8855
8859
8859
8918
8927
8927
8927
8927
8965
9009
9067
9067
9109
9175
9175
9175
9178
9198
9200
9249
9249
9263
9298
9344
9361
9408
9416
9439
9439
9439
9439
9445
9445
9458
9458
9458
9498
9509
9509
9510
9554
9556
9592
9658
9661
9665
9688
9688
9688
9704
9763
9763
9789
9819
9828
9828
9828
9828
9852
9857
9857
9867
9867
9868
