0
0
0
15
90
144
144
188
255
255
255
259
282
286
337
337
337
369
411
455
481
516
537
537
537
537
548
548
563
563
563
607
624
624
628
674
675
703
783
788
794
816
816
816
816
891
891
920
952
960
960
960
960
986
986
995
999
1013
1013
1069
1125
1158
1158
1168
1175
1207
1235
1285
1347
1366
1366
1366
1397
1401
1415
1463
1484
1484
1484
1484
1502
1504
1536
1536
1536
1536
1579
1579
1579
1615
1624
1651
1691
1698
1709
1761
1761
1761
1761
1777
1817
1817
1876
1967
1991
2055
2114
2114
2163
2193
2223
2246
2255
2272
2291
2305
2337
2337
2363
2420
2442
2464
2514
2514
2514
2514
2532
2605
2661
2684
2803
2822
2828
2828
2854
2891
2891
2921
2929
2980
3003
3082
3098
3133
3133
3142
3142
3172
3172
3219
3256
3256
3256
3308
3308
3365
3402
3402
3402
3424
3428
3483
3506
3509
3509
3509
3550
3565
3624
3650
3731
3731
3741
3794
3815
3893
3938
3938
3972
3989
4050
4051
4101
4101
4101
4101
4101
4189
4189
4189
4199
4265
4283
4332
4340
4383
4393
4461
4474
4496
4542
4548
4601
4601
4608
4618
4655
4659
4688
4696
4696
4696
4697
4697
4697
4697
4718
4718
4727
4727
4732
4732
4732
4745
4745
4773
4773
4789
4823
4892
4892
4892
4892
4918
4918
4954
5041
5068
5068
5068
5068
5087
5113
5120
5130
5130
5130
5181
5181
5209
5209
5209
5213
5213
5220
5285
5355
5360
5360
5360
5375
5390
5390
5441
5450
5453
5466
5506
5518
5524
5570
5570
5571
5582
5596
5596
5596
5634
5645
5692
5692
5692
5692
5759
5759
5759
5769
5813
5826
5826
5838
5887
5898
5914
5951
5984
6033
6051
6062
6092
6128
6142
6154
6165
6165
6195
6268
6357
6377
6406
6475
6512
6512
6537
6586
6613
6656
6656
6723
6729
6729
6762
6807
6819
6841
6841
6841
6845
6888
6965
6993
7058
7058
7058
7073
7090
7103
7171
7189
7204
7204
7208
7210
7282
7315
7315
7331
7331
7332
7332
7378
7388
7410
7430
7500
7512
7512
7569
7570
7570
7570
7582
7586
7683
7734
7734
7799
7799
7870
7876
7883
7883
7884
7904
7907
7968
7977
7982
7995
8039
8071
8071
8094
8099
8099
8099
8119
8147
8188
8188
8204
8211
8211
8211
8304
8304
8345
8345
8351
8362
8364
8380
8380
8380
8406
8406
8406
8430
8474
8510
8510
8523
8523
8567
8589
8607
8682
8754
8754
8754
8754
8772
8831
8832
8886
8886
8886
8886
8886
8907
8962
8962
8974
8974
8974
9029
9029
9029
9033
9033
9066
9096
9117
9158
9253
9253
9253
9253
9288
9310
9310
9328
9366
9387
9442
9468
9468
9490
9517
9601
9601
9601
9601
9611
9611
9629
9629
9629
9629
9666
9666
9716
9716
9716
9716
9731
9752
9752
9788
9822
9845
9845
9847
9862
9891
9891
9949
9966
10034
10053
10139
10200
10288
10298
10378
10388
10425
10431
10472
10514
10542
