0
0
0
0
0
60
86
86
86
142
160
200
224
269
269
333
347
376
384
419
472
475
475
478
526
527
533
559
561
561
561
561
561
561
582
582
588
588
588
589
589
589
599
616
623
627
650
694
733
733
733
743
757
794
869
908
908
908
908
918
931
952
961
961
961
1008
1008
1031
1031
1031
1031
1031
1035
1097
1128
1167
1167
1167
1177
1194
1194
1216
1250
1250
1263
1283
1310
1310
1358
1362
1362
1362
1381
1381
1381
1405
1415
1474
1474
1474
1474
1496
1539
1539
1539
1584
1600
1600
1612
1625
1671
1686
1713
1729
1776
1817
1819
1852
1852
1898
1905
1917
1917
1917
2000
2066
2126
2150
2221
2259
2259
2279
2289
2358
2397
2401
2438
2474
2474
2474
2511
2552
2580
2580
2580
2580
2601
2653
2727
2794
2794
2794
2794
2824
2824
2847
2913
2928
2932
2932
2932
3003
3037
3037
3037
3046
3046
3046
3085
3103
3122
3137
3180
3220
3220
3247
3275
3277
3277
3285
3286
3347
3416
3430
3446
3486
3556
3556
3568
3568
3568
3583
3583
3617
3650
3650
3650
3702
3722
3732
3733
3757
3757
3757
3757
3801
3838
3838
3847
3852
3852
3852
3894
3943
3961
3981
3981
3989
3989
3993
4005
4005
4023
4025
4025
4025
4069
4128
4128
4133
4139
4172
4182
4196
4256
4326
4358
4358
4358
4366
4429
4431
4460
4479
4479
4479
4479
4497
4551
4551
4551
4557
4557
4610
4610
4610
4610
4610
4634
4649
4678
4704
4807
4816
4816
4816
4848
4869
4869
4869
4895
4939
4997
5004
5020
5036
5061
5126
5149
5149
5149
5155
5155
5171
5171
5171
5171
5204
5204
5252
5252
5252
5252
5261
5286
5287
5312
5323
5374
5374
5374
5386
5401
5418
5453
5491
5531
5569
5657
5720
5787
5807
5865
5898
5934
5943
5959
6026
6046
6059
6066
6100
6119
6127
6167
6185
6202
6208
6254
6254
6254
6261
6261
6270
6290
6338
6354
6430
6430
6441
6457
6508
6513
6576
6576
6604
6604
6609
6620
6675
6677
6677
6682
6725
6743
6751
6751
6751
6763
6811
6889
6889
6920
6973
6999
6999
7001
7010
7022
7061
7073
7073
7087
7140
7185
7195
7243
7266
7266
7266
7266
7266
7270
7282
7282
7282
7319
7323
7335
7337
7376
7382
7408
7485
7488
7491
7515
7515
7515
7515
7578
7593
7619
7646
7658
7658
7658
7658
7683
7683
7690
7690
7702
7702
7755
7809
7843
7843
7850
7852
7882
7882
7930
7988
8027
8027
8027
8054
8054
8062
8107
8130
8130
8130
8130
8148
8148
8173
8173
8173
8173
8212
8212
8212
8239
8254
8279
8314
8315
8322
8371
8382
8382
8382
8396
8433
8433
8467
8544
8604
8666
8716
8719
8763
8792
8805
8840
8841
8861
8878
8889
8917
8918
8943
8995
9021
9039
9089
9089
9089
9089
9099
9175
9228
9254
9341
9391
9396
9396
9410
9439
9457
9484
9496
9533
9564
9630
9661
9694
9694
9700
