0
18
61
116
116
169
188
221
234
237
254
270
281
311
311
335
396
412
431
480
480
480
480
508
566
616
644
761
781
784
784
808
844
844
872
880
933
951
1031
1047
1078
1078
1086
1086
1113
1118
1159
1191
1191
1191
1239
1239
1297
1329
1329
1330
1347
1347
1395
1414
1416
1416
1416
1456
1476
1527
1552
1633
1633
1638
1694
1705
1782
1826
1826
1860
1874
1936
1936
1986
1986
1986
1986
1986
2071
2071
2071
2088
2137
2157
2209
2209
2256
2264
2333
2342
2364
2406
2411
2463
2463
2469
2483
2516
2516
2549
2549
2549
2549
2549
2549
2549
2549
2567
2567
2575
2575
2575
2575
2575
2586
2586
2610
2610
2621
2659
2720
2720
2720
2720
2743
2743
2776
2865
2888
2888
2888
2888
2904
2928
2938
2938
2938
2938
2988
2988
3009
3009
3009
3009
3009
3015
3074
3144
3145
3145
3145
3155
3170
3170
3227
3227
3227
3252
3279
3289
3308
3340
3340
3340
3358
3358
3358
3358
3392
3409
3447
3447
3447
3447
3509
3509
3509
3523
3567
3570
3570
3579
3628
3640
3653
3685
3711
3764
3782
3792
3817
3853
3863
3872
3883
3883
3906
3988
4073
4091
4129
4186
4222
4222
4241
4308
4322
4362
4362
4427
4433
4433
4465
4511
4538
4540
4540
4540
4540
4583
4673
4686
4754
4754
4754
4765
4783
4805
4871
4879
4891
4891
4892
4892
4976
4996
4996
5006
5006
5006
5006
5049
5062
5082
5099
5177
5177
5177
5231
5232
5232
5232
5239
5239
5334
5385
5385
5442
5442
5511
5512
5522
5522
5522
5538
5538
5598
5605
5605
5628
5656
5684
5684
5703
5709
5709
5709
5726
5755
5794
5794
5805
5806
5806
5806
5895
5895
5932
5932
5932
5939
5939
5953
5953
5953
5975
5975
5975
6006
6043
6078
6078
6085
6085
6124
6143
6168
6236
6306
6306
6306
6306
6320
6377
6378
6426
6426
6426
6426
6426
6450
6498
6498
6506
6506
6506
6556
6556
6556
6556
6556
6585
6623
6627
6663
6761
6761
6761
6761
6794
6813
6813
6828
6875
6903
6941
6962
6962
6980
7007
7091
7091
7091
7091
7096
7096
7113
7113
7113
7113
7146
7146
7193
7193
7193
7201
7207
7226
7226
7260
7310
7312
7312
7312
7323
7353
7353
7409
7426
7486
7508
7603
7654
7742
7750
7827
7836
7870
7879
7938
7963
7991
8003
8040
8040
8057
8062
8116
8118
8134
8168
8186
8186
8186
8191
8191
8219
8220
8284
8288
8360
8361
8389
8442
8445
8484
8507
8507
8535
8535
8550
8564
8607
8607
8612
8612
8672
8680
8680
8680
8680
8714
8759
8818
8818
8859
8926
8926
8926
8929
8949
8950
8998
8998
9011
9047
9094
9109
9156
9163
9186
9186
9186
9186
9192
9192
9204
9204
9204
9245
9260
9260
9261
9307
9309
9345
9411
9413
9416
9440
9440
9440
9457
9514
9514
9540
9568
9578
9578
9578
9578
9603
9609
9609
9622
9622
9622
9680
9731
9761
9769
9769
9792
9802
9829
