0
0
0
24
31
51
101
101
127
127
127
131
134
250
270
283
294
294
330
340
340
394
394
395
399
414
437
437
437
442
442
442
468
488
488
488
488
488
488
507
507
507
507
544
575
598
617
617
643
643
643
647
689
757
770
770
791
795
810
859
883
883
963
998
998
1022
1042
1042
1042
1042
1109
1120
1120
1120
1120
1128
1147
1195
1244
1303
1390
1390
1390
1407
1407
1423
1493
1499
1499
1541
1596
1599
1655
1716
1784
1799
1877
1880
1880
1921
1932
1934
1934
2035
2046
2096
2108
2116
2116
2116
2171
2197
2197
2242
2263
2265
2302
2302
2302
2327
2327
2348
2364
2471
2471
2522
2581
2581
2608
2638
2654
2702
2729
2739
2763
2834
2922
2922
2945
2945
3005
3016
3027
3058
3072
3072
3097
3186
3211
3242
3255
3283
3291
3333
3333
3333
3354
3365
3365
3378
3378
3467
3478
3520
3520
3543
3564
3603
3618
3655
3673
3674
3674
3674
3713
3714
3714
3741
3741
3741
3762
3762
3762
3772
3784
3818
3832
3832
3832
3873
3908
3908
3922
3949
3970
3972
3972
3972
3988
3997
4020
4062
4068
4068
4093
4150
4183
4184
4184
4213
4235
4242
4242
4281
4299
4299
4299
4311
4311
4311
4350
4406
4414
4419
4429
4429
4475
4514
4514
4514
4539
4584
4584
4584
4584
4584
4636
4660
4660
4660
4660
4725
4725
4725
4770
4792
4792
4843
4881
4881
4885
4910
4910
4912
4962
4962
4976
4982
5064
5080
5080
5080
5110
5211
5247
5265
5284
5356
5411
5411
5411
5411
5448
5448
5483
5485
5485
5488
5488
5488
5539
5599
5679
5707
5731
5733
5757
5807
5807
5807
5807
5851
5873
5873
5873
5886
5906
5914
5944
5952
5952
6053
6089
6100
6104
6119
6158
6174
6272
6314
6350
6412
6471
6504
6504
6504
6512
6518
6536
6543
6543
6550
6601
6614
6667
6767
6781
6781
6814
6829
6841
6875
6875
6875
6904
6961
6968
6968
6968
6983
6983
6983
6983
6983
6998
7022
7030
7040
7065
7088
7093
7104
7203
7223
7240
7268
7268
7295
7295
7295
7295
7295
7301
7301
7301
7301
7334
7396
7420
7420
7423
7423
7430
7430
7430
7451
7465
7467
7519
7519
7519
7551
7568
7568
7568
7568
7568
7574
7642
7642
7642
7642
7644
7692
7700
7700
7705
7752
7781
7781
7781
7781
7826
7826
7826
7826
7826
7826
7954
7997
7997
8011
8032
8032
8059
8101
8103
8125
8133
8168
8168
8168
8168
8168
8168
8177
8211
8263
8326
8408
8408
8435
8476
8491
8501
8549
8590
8590
8636
8695
8695
8718
8741
8781
8781
8825
8841
8841
8854
8860
8880
8948
8989
9034
9128
9158
9175
9175
9175
9224
9228
9228
9260
9275
9300
9344
9344
9358
9402
9420
9436
9484
9560
9562
9595
9675
9675
9702
9730
9741
9792
9831
9866
9866
9913
9950
9981
10007
10007
10058
10058
10088
10124
10124
10124
10132
10291
10316
10346
10407
10494
