0
0
12
46
73
84
126
179
268
278
287
287
345
354
363
392
408
408
433
535
546
575
587
613
617
664
664
664
684
697
697
709
723
809
809
854
854
876
893
933
958
985
1003
1006
1006
1006
1046
1046
1046
1073
1073
1073
1094
1094
1094
1103
1121
1148
1162
1162
1162
1203
1237
1237
1250
1276
1296
1296
1296
1296
1312
1318
1338
1382
1386
1386
1412
1477
1505
1505
1505
1536
1553
1560
1560
1599
1615
1615
1615
1627
1627
1627
1666
1720
1730
1734
1743
1743
1787
1824
1824
1834
1849
1894
1894
1894
1894
1894
1962
1969
1969
1971
1971
2032
2032
2032
2075
2094
2094
2144
2181
2181
2184
2210
2210
2210
2259
2259
2275
2291
2372
2373
2373
2373
2404
2503
2540
2553
2580
2648
2703
2703
2703
2703
2741
2741
2776
2776
2776
2780
2780
2780
2833
2893
2973
3016
3025
3026
3047
3098
3098
3098
3102
3148
3162
3162
3162
3172
3188
3192
3222
3229
3229
3329
3364
3376
3377
3391
3430
3445
3545
3585
3620
3681
3740
3773
3773
3773
3779
3783
3802
3808
3808
3813
3865
3878
3929
4031
4044
4044
4086
4088
4098
4132
4132
4132
4160
4218
4225
4225
4225
4237
4237
4237
4237
4237
4251
4275
4287
4296
4321
4344
4349
4359
4455
4480
4491
4518
4518
4544
4544
4544
4544
4544
4548
4548
4548
4548
4582
4644
4667
4667
4667
4667
4675
4675
4675
4694
4711
4711
4762
4762
4762
4795
4809
4809
4809
4809
4809
4816
4884
4884
4884
4884
4884
4932
4941
4941
4950
4994
5021
5021
5021
5021
5064
5064
5064
5064
5064
5064
5194
5234
5234
5247
5268
5268
5295
5337
5338
5364
5365
5396
5397
5397
5397
5397
5397
5406
5438
5490
5561
5634
5634
5660
5700
5716
5726
5773
5812
5812
5857
5916
5916
5941
5960
6001
6001
6047
6061
6061
6077
6077
6127
6169
6208
6250
6345
6372
6389
6389
6389
6437
6440
6440
6471
6486
6509
6554
6554
6584
6612
6629
6646
6696
6769
6771
6803
6882
6882
6908
6937
6949
7005
7037
7072
7080
7119
7153
7202
7209
7215
7260
7260
7288
7327
7327
7327
7340
7502
7515
7548
7608
7692
7778
7783
7786
7808
7829
7870
7881
7891
7894
7929
7929
7951
7988
8009
8009
8063
8083
8134
8184
8215
8215
8220
8220
8220
8220
8220
8220
8220
8233
8233
8241
8241
8253
8253
8261
8298
8387
8393
8393
8420
8423
8440
8489
8489
8512
8514
8514
8519
8521
8647
8663
8670
8676
8676
8712
8721
8726
8773
8773
8773
8792
8792
8816
8816
8816
8821
8821
8821
8848
8868
8868
8868
8868
8868
8888
8888
8888
8888
8888
8925
8958
8985
8996
8996
9023
9023
9023
9028
9075
9139
9148
9148
9169
9171
9222
9239
9260
9260
9339
9373
9373
9397
9418
9418
9418
9418
9496
9496
9496
9496
9496
9506
9530
9573
9626
9688
9763
9763
9764
9777
9777
9818
9868
9868
9868
9908
9960
9962
