0
19
62
117
117
172
190
224
238
243
258
275
285
315
315
341
404
418
438
486
486
486
486
515
574
623
651
768
792
793
793
816
852
852
881
890
943
960
1040
1056
1088
1088
1097
1097
1123
1129
1170
1204
1204
1204
1254
1254
1312
1347
1347
1349
1369
1369
1421
1442
1443
1443
1443
1481
1503
1557
1580
1661
1661
1668
1726
1736
1815
1857
1857
1890
1906
1967
1967
2018
2018
2018
2018
2018
2105
2105
2105
2123
2173
2193
2247
2247
2292
2299
2372
2383
2404
2448
2453
2505
2505
2510
2527
2561
2561
2594
2594
2594
2594
2594
2594
2594
2594
2615
2615
2624
2624
2624
2624
2624
2636
2636
2661
2661
2674
2713
2774
2774
2774
2774
2799
2799
2833
2923
2945
2945
2945
2945
2961
2987
2997
2997
2997
2997
3046
3046
3069
3069
3069
3070
3070
3078
3140
3209
3211
3211
3211
3221
3237
3237
3294
3294
3294
3322
3349
3358
3377
3411
3411
3413
3432
3432
3432
3432
3468
3488
3526
3526
3526
3526
3591
3591
3591
3607
3650
3656
3657
3669
3718
3729
3742
3776
3805
3857
3875
3887
3913
3949
3961
3969
3980
3980
4004
4086
4169
4191
4229
4287
4322
4322
4342
4408
4422
4462
4462
4526
4532
4532
4565
4612
4639
4640
4640
4640
4640
4686
4775
4788
4855
4855
4855
4868
4885
4910
4974
4982
4995
4995
4997
4998
5081
5105
5105
5117
5117
5117
5117
5160
5175
5196
5211
5291
5292
5292
5347
5348
5348
5348
5357
5359
5454
5504
5504
5564
5564
5632
5636
5644
5644
5644
5661
5662
5721
5728
5731
5753
5783
5812
5812
5833
5839
5839
5839
5856
5885
5924
5924
5936
5939
5939
5939
6028
6028
6070
6070
6070
6079
6079
6096
6096
6096
6120
6120
6120
6152
6185
6221
6221
6230
6230
6270
6291
6315
6384
6456
6456
6456
6456
6473
6529
6532
6582
6582
6582
6582
6582
6607
6656
6656
6662
6662
6662
6711
6711
6711
6711
6711
6739
6777
6782
6819
6917
6917
6917
6917
6952
6975
6975
6990
7037
7064
7102
7123
7123
7145
7169
7254
7254
7254
7254
7261
7261
7280
7280
7280
7281
7312
7312
7359
7359
7359
7365
7373
7394
7394
7429
7479
7482
7482
7484
7496
7527
7527
7585
7603
7663
7686
7779
7831
7919
7928
8005
8013
8048
8055
8113
8139
8166
8181
8216
8216
8237
8242
8297
8299
8316
8351
8368
8368
8368
8374
8374
8404
8405
8472
8475
8546
8547
8575
8624
8630
8673
8695
8695
8722
8722
8740
8754
8796
8796
8800
8800
8865
8873
8873
8873
8873
8911
8957
9014
9016
9055
9125
9125
9125
9130
9152
9155
9205
9205
9225
9257
9305
9320
9367
9378
9398
9398
9398
9398
9405
9405
9418
9418
9418
9461
9473
9473
9474
9521
9523
9561
9625
9629
9633
9655
9655
9655
9672
9730
9730
9757
9789
9797
9797
9797
9797
9822
9829
9829
9841
9841
9841
9898
9950
9980
9989
9989
10014
10021
10049
