0
0
0
88
88
88
96
157
177
225
230
275
283
355
365
389
433
438
491
491
497
509
544
547
581
581
581
581
581
581
581
581
603
603
612
612
612
612
612
624
624
649
649
662
696
763
763
763
763
787
787
822
908
934
934
934
934
951
976
987
987
987
987
1037
1037
1060
1060
1060
1061
1061
1069
1130
1200
1203
1203
1203
1213
1230
1230
1284
1288
1288
1313
1341
1350
1353
1404
1404
1408
1426
1426
1426
1426
1461
1467
1517
1517
1517
1517
1581
1581
1581
1594
1629
1645
1645
1658
1706
1717
1731
1766
1794
1847
1864
1872
1901
1936
1948
1956
1967
1967
1991
2072
2156
2179
2204
2275
2311
2311
2332
2387
2412
2452
2452
2517
2522
2522
2554
2603
2621
2632
2632
2632
2632
2678
2764
2780
2847
2847
2847
2861
2878
2897
2959
2974
2987
2987
2988
2988
3066
3096
3096
3107
3107
3107
3107
3150
3165
3185
3201
3279
3282
3282
3337
3338
3338
3338
3347
3349
3444
3493
3493
3553
3553
3621
3624
3633
3633
3633
3651
3652
3712
3719
3722
3733
3774
3802
3802
3823
3829
3829
3829
3845
3874
3913
3913
3924
3926
3926
3926
4016
4016
4059
4059
4059
4068
4068
4086
4086
4086
4110
4110
4110
4143
4176
4211
4211
4219
4219
4259
4279
4304
4372
4445
4445
4445
4445
4462
4518
4519
4569
4569
4569
4569
4569
4592
4643
4643
4649
4649
4649
4699
4699
4699
4699
4699
4727
4764
4770
4809
4906
4906
4906
4906
4941
4963
4963
4979
5020
5044
5090
5111
5111
5132
5156
5242
5242
5242
5242
5249
5249
5269
5269
5269
5269
5301
5301
5347
5347
5347
5347
5361
5383
5383
5417
5463
5469
5469
5471
5482
5513
5513
5572
5589
5649
5672
5756
5817
5905
5914
5991
6000
6034
6041
6091
6125
6151
6167
6202
6202
6222
6228
6284
6286
6302
6338
6355
6355
6355
6362
6362
6391
6392
6459
6463
6533
6533
6561
6601
6617
6656
6682
6682
6709
6709
6728
6741
6783
6783
6788
6788
6854
6862
6862
6862
6862
6894
6945
7002
7002
7042
7112
7112
7112
7116
7137
7140
7190
7190
7211
7242
7290
7305
7352
7364
7383
7383
7383
7383
7389
7389
7403
7403
7403
7445
7457
7457
7459
7507
7510
7542
7611
7615
7619
7642
7642
7642
7660
7717
7717
7744
7776
7784
7784
7784
7784
7808
7815
7815
7827
7827
7827
7881
7937
7966
7975
7975
7996
8008
8037
8080
8145
8156
8156
8156
8184
8184
8193
8254
8261
8261
8261
8261
8277
8277
8301
8301
8301
8301
8339
8339
8339
8377
8382
8407
8444
8450
8469
8511
8511
8511
8511
8532
8563
8577
8627
8735
8765
8796
8850
8850
8905
8923
8971
8971
8978
8991
9008
9019
9049
9049
9076
9138
9153
9172
9221
9221
9221
9232
9255
9323
9358
9392
9515
9526
9528
9528
9551
9587
9587
9617
9633
9679
9697
9792
9792
9824
9824
9832
9832
9858
