0
0
0
38
91
91
91
103
109
137
145
198
246
278
303
423
477
532
567
623
639
673
686
754
759
794
802
840
840
859
866
926
926
947
987
1001
1001
1001
1012
1017
1047
1070
1112
1152
1190
1207
1221
1274
1276
1342
1342
1342
1374
1374
1394
1407
1451
1451
1456
1460
1519
1531
1531
1531
1547
1585
1651
1677
1689
1742
1789
1789
1790
1796
1823
1848
1875
1875
1897
1941
1985
1993
2054
2075
2075
2075
2075
2075
2085
2085
2100
2100
2104
2142
2159
2159
2164
2210
2217
2281
2318
2324
2337
2353
2353
2353
2390
2428
2428
2457
2491
2498
2498
2498
2498
2525
2534
2534
2550
2550
2581
2638
2691
2695
2706
2711
2746
2746
2779
2831
2892
2906
2906
2906
2938
2941
2969
3013
3021
3021
3021
3021
3039
3040
3071
3071
3071
3088
3114
3114
3119
3158
3183
3185
3225
3231
3253
3294
3294
3294
3310
3337
3349
3368
3456
3522
3581
3585
3644
3644
3700
3722
3776
3776
3801
3801
3820
3857
3865
3872
3891
3956
3990
4002
4040
4040
4040
4052
4113
4151
4188
4246
4346
4353
4353
4353
4379
4415
4422
4454
4485
4510
4558
4623
4623
4658
4665
4666
4666
4697
4744
4780
4780
4780
4782
4833
4843
4919
4927
4927
4934
4955
4994
5010
5034
5034
5034
5035
5081
5105
5153
5242
5256
5256
5266
5340
5361
5462
5462
5462
5511
5520
5575
5593
5628
5628
5628
5628
5651
5717
5717
5717
5780
5802
5822
5867
5895
5911
5962
5988
6012
6022
6068
6090
6125
6125
6134
6180
6183
6183
6220
6220
6220
6220
6222
6222
6222
6230
6245
6254
6254
6254
6258
6258
6258
6272
6272
6301
6301
6317
6367
6419
6419
6419
6425
6444
6444
6507
6594
6596
6596
6596
6596
6616
6641
6654
6656
6656
6708
6709
6738
6738
6738
6742
6742
6745
6757
6814
6885
6891
6891
6891
6920
6920
6920
6982
6982
6986
7016
7052
7052
7085
7105
7105
7106
7130
7130
7130
7137
7167
7222
7225
7226
7226
7226
7292
7292
7295
7347
7360
7360
7361
7386
7433
7448
7448
7485
7533
7584
7586
7608
7630
7672
7679
7701
7702
7702
7766
7840
7895
7940
7984
8035
8049
8049
8075
8143
8160
8192
8192
8265
8265
8265
8300
8345
8377
8377
8377
8377
8388
8439
8515
8571
8595
8595
8595
8627
8627
8654
8721
8731
8742
8742
8745
8774
8852
8852
8852
8869
8869
8869
8893
8926
8948
8961
9000
9049
9049
9072
9108
9109
9109
9121
9126
9175
9262
9274
9292
9338
9382
9410
9423
9423
9423
9443
9443
9466
9517
9518
9523
9579
9579
9610
9610
9635
9638
9638
9638
9685
9687
9730
9730
9746
9754
9754
9772
9848
9848
9887
9887
9892
9902
9905
9921
9921
9925
9947
9947
9947
9990
10034
10051
10051
10064
10074
10112
10130
10154
10221
10295
10295
10295
10296
10333
10372
10387
10426
10426
10426
10426
10442
10502
10502
10502
10513
10513
10568
10568
10568
10568
10572
