0
0
34
72
146
216
216
247
287
303
341
361
400
400
452
506
506
529
550
591
591
640
652
652
672
672
727
766
841
849
942
976
988
988
988
1037
1040
1040
1072
1087
1114
1155
1155
1212
1213
1240
1247
1301
1371
1377
1404
1480
1480
1510
1535
1563
1618
1638
1672
1679
1723
1755
1808
1808
1822
1860
1860
1914
1927
1927
1927
1941
2109
2117
2149
2214
2295
2379
2384
2388
2427
2440
2472
2485
2496
2501
2532
2532
2555
2603
2613
2613
2681
2702
2740
2802
2820
2820
2824
2824
2824
2824
2824
2824
2824
2841
2849
2851
2851
2866
2866
2873
2919
3005
3007
3007
3035
3038
3056
3107
3107
3132
3134
3134
3139
3158
3269
3291
3291
3298
3298
3333
3344
3352
3397
3397
3397
3417
3417
3439
3439
3439
3443
3443
3443
3470
3491
3491
3491
3491
3491
3509
3509
3509
3509
3509
3547
3580
3605
3617
3617
3643
3643
3643
3649
3699
3765
3768
3768
3790
3794
3848
3871
3882
3882
3961
3995
3995
4033
4041
4041
4041
4041
4119
4119
4119
4119
4119
4130
4175
4202
4248
4318
4385
4385
4396
4400
4400
4445
4493
4493
4495
4538
4586
4592
4650
4741
4773
4821
4869
4869
4869
4913
4921
4925
4940
5034
5034
5092
5103
5103
5103
5103
5161
5183
5185
5227
5249
5251
5285
5285
5310
5310
5329
5329
5375
5453
5453
5517
5562
5562
5602
5619
5662
5682
5711
5719
5817
5821
5904
5925
5925
5925
5984
5994
6008
6034
6049
6049
6098
6186
6186
6218
6231
6254
6259
6301
6301
6322
6334
6334
6348
6348
6376
6446
6446
6488
6492
6511
6528
6584
6604
6619
6640
6640
6640
6641
6681
6681
6681
6707
6707
6707
6727
6727
6727
6745
6781
6790
6794
6794
6802
6834
6869
6883
6883
6930
6930
6930
6930
6930
6944
6953
6987
7023
7023
7023
7054
7114
7139
7139
7150
7182
7196
7196
7196
7235
7253
7253
7253
7264
7264
7302
7314
7368
7368
7384
7386
7386
7431
7469
7469
7494
7496
7543
7543
7543
7543
7584
7615
7619
7619
7620
7623
7680
7680
7680
7725
7744
7773
7797
7836
7836
7841
7865
7865
7865
7915
7915
7930
7964
8029
8029
8029
8029
8066
8169
8210
8219
8268
8336
8361
8361
8361
8365
8398
8398
8433
8433
8433
8435
8435
8487
8487
8585
8627
8680
8680
8680
8704
8756
8756
8756
8762
8817
8820
8820
8832
8849
8849
8853
8892
8892
8921
9024
9027
9040
9041
9055
9100
9132
9250
9250
9285
9347
9418
9440
9440
9440
9449
9472
9472
9479
9479
9520
9548
9548
9626
9712
9714
9714
9759
9759
9783
9806
9806
9806
9835
9898
9898
9898
9898
9911
9911
9911
9911
9911
9938
9960
9964
9970
9998
10022
10022
10035
10144
10152
10164
10189
10189
10213
10213
10213
10213
10213
10219
10219
10219
10219
10264
10316
10339
10339
10340
10340
10349
10349
10349
10367
10383
10383
10433
10433
10456
10482
10482
10482
10482
10482
10482
10494
