0
0
0
85
85
85
92
150
171
219
224
270
277
347
356
377
421
425
477
477
481
494
528
530
561
561
562
562
562
562
562
562
581
581
591
591
591
591
591
602
602
626
626
636
669
735
735
735
735
759
759
792
877
904
904
904
904
921
943
956
956
956
956
1004
1004
1024
1024
1024
1025
1025
1031
1091
1161
1163
1163
1163
1173
1188
1188
1241
1246
1246
1269
1296
1307
1307
1358
1358
1358
1377
1379
1379
1379
1414
1422
1471
1471
1471
1471
1534
1534
1534
1545
1579
1595
1595
1605
1653
1665
1680
1712
1741
1792
1810
1818
1847
1881
1893
1900
1912
1912
1939
2016
2103
2121
2146
2217
2252
2252
2273
2327
2350
2393
2393
2459
2464
2464
2495
2544
2562
2573
2573
2573
2573
2618
2703
2720
2786
2786
2786
2798
2813
2833
2895
2910
2923
2923
2924
2926
3002
3029
3029
3041
3041
3041
3041
3085
3097
3114
3131
3209
3212
3212
3266
3267
3267
3267
3277
3277
3371
3422
3422
3480
3480
3548
3549
3558
3558
3558
3573
3574
3633
3641
3642
3655
3694
3722
3722
3742
3747
3747
3747
3764
3793
3832
3832
3843
3845
3845
3845
3934
3934
3974
3974
3976
3983
3983
3997
3997
3997
4017
4017
4017
4048
4083
4118
4118
4128
4128
4166
4184
4208
4277
4346
4346
4346
4346
4361
4419
4419
4467
4467
4467
4467
4467
4490
4539
4539
4545
4545
4545
4598
4598
4598
4598
4598
4625
4663
4669
4705
4802
4802
4802
4802
4837
4856
4856
4870
4912
4937
4983
5005
5005
5024
5051
5135
5136
5136
5136
5143
5143
5157
5157
5157
5157
5189
5189
5234
5234
5234
5234
5245
5264
5264
5299
5342
5350
5350
5351
5365
5393
5393
5449
5466
5525
5548
5633
5694
5782
5790
5866
5873
5909
5915
5966
6000
6024
6040
6074
6074
6093
6097
6150
6155
6172
6209
6226
6226
6226
6231
6231
6258
6258
6323
6327
6397
6399
6426
6469
6483
6521
6547
6547
6573
6573
6588
6602
6646
6646
6651
6651
6711
6719
6719
6719
6719
6752
6800
6859
6859
6902
6967
6967
6967
6970
6990
6992
7041
7041
7056
7092
7137
7153
7199
7208
7230
7230
7230
7230
7235
7235
7248
7248
7248
7288
7299
7299
7299
7344
7346
7380
7447
7449
7453
7476
7476
7476
7492
7550
7550
7576
7605
7614
7614
7614
7614
7638
7645
7645
7656
7656
7658
7710
7768
7796
7804
7804
7823
7835
7862
7904
7969
7979
7979
7979
8007
8007
8016
8077
8083
8083
8083
8083
8098
8098
8122
8122
8122
8122
8160
8160
8160
8195
8202
8226
8262
8268
8287
8328
8328
8328
8328
8348
8378
8394
8442
8550
8580
8613
8667
8667
8721
8739
8787
8787
8794
8805
8823
8834
8864
8864
8887
8950
8966
8984
9035
9035
9035
9042
9066
9133
9170
9201
9326
9334
9339
9339
9362
9398
9398
9427
9440
9487
9504
9600
9600
9632
9632
9638
9638
9666
