0
0
0
50
50
71
71
71
72
72
74
116
142
206
206
206
206
230
230
235
287
287
300
312
349
349
377
400
400
400
418
418
418
435
451
506
506
506
506
506
569
569
569
614
630
630
640
652
700
714
719
746
802
842
842
877
877
924
931
944
944
944
1012
1088
1134
1175
1230
1283
1283
1297
1310
1372
1408
1423
1451
1494
1494
1494
1524
1570
1599
1599
1599
1599
1618
1650
1744
1790
1812
1812
1812
1841
1841
1864
1930
1945
1950
1950
1950
1982
2054
2054
2054
2065
2065
2065
2083
2120
2138
2152
2189
2235
2235
2258
2288
2289
2289
2297
2297
2358
2426
2442
2458
2499
2552
2568
2578
2578
2578
2594
2594
2626
2661
2661
2661
2712
2712
2740
2740
2765
2765
2765
2765
2808
2810
2848
2848
2859
2859
2859
2874
2948
2948
2985
2985
2985
2992
2992
3007
3007
3024
3028
3028
3028
3070
3130
3130
3130
3138
3164
3183
3197
3255
3295
3359
3359
3359
3366
3409
3432
3447
3479
3479
3479
3479
3495
3553
3553
3553
3560
3560
3611
3611
3611
3611
3611
3620
3648
3677
3691
3764
3814
3814
3814
3848
3867
3867
3867
3892
3938
3995
3995
4016
4016
4058
4099
4147
4147
4147
4147
4153
4169
4170
4170
4170
4183
4202
4238
4248
4248
4248
4256
4277
4281
4293
4316
4366
4366
4366
4375
4383
4407
4437
4481
4511
4554
4626
4710
4751
4798
4853
4882
4907
4934
4956
5018
5031
5051
5058
5094
5111
5116
5122
5171
5171
5186
5225
5237
5237
5243
5243
5243
5272
5316
5336
5413
5413
5425
5442
5494
5498
5560
5560
5567
5589
5589
5604
5618
5661
5661
5667
5712
5727
5734
5734
5734
5745
5784
5868
5871
5903
5938
5978
5978
5979
5981
6002
6039
6051
6051
6065
6119
6164
6164
6218
6241
6241
6241
6241
6241
6247
6249
6258
6258
6278
6299
6316
6317
6337
6363
6372
6464
6466
6468
6480
6493
6493
6493
6524
6567
6567
6611
6632
6632
6632
6632
6634
6657
6663
6663
6676
6676
6715
6768
6814
6814
6822
6825
6854
6854
6881
6958
6995
6999
6999
6999
7028
7036
7060
7101
7101
7101
7101
7116
7116
7130
7140
7140
7140
7178
7178
7178
7198
7219
7243
7251
7280
7285
7313
7344
7344
7344
7355
7395
7395
7412
7502
7566
7626
7644
7682
7710
7754
7754
7801
7801
7820
7834
7847
7867
7876
7897
7925
7978
7997
8042
8046
8046
8046
8056
8117
8183
8201
8265
8347
8351
8351
8351
8374
8410
8436
8446
8472
8511
8582
8611
8632
8644
8651
8651
8656
8677
8721
8754
8754
8754
8772
8802
8829
8891
8892
8892
8895
8911
8959
8959
8982
8982
8982
8993
9025
9049
9097
9198
9198
9198
9203
9271
9319
9392
9392
9415
9439
9471
9502
9536
9552
9552
9552
9552
9609
9637
9637
9637
9695
9713
9751
9776
9823
9823
9885
9900
9930
9937
9971
10025
10029
10029
10035
10080
10082
