0
34
44
65
132
221
221
221
221
236
293
294
343
343
343
343
343
361
416
416
417
422
422
474
474
474
474
474
497
521
541
575
680
680
680
680
714
733
733
736
761
804
862
883
884
901
924
1013
1014
1014
1014
1020
1020
1035
1035
1035
1035
1066
1066
1112
1112
1112
1112
1117
1141
1141
1175
1200
1227
1227
1227
1242
1269
1269
1319
1343
1403
1426
1508
1571
1652
1667
1741
1750
1786
1793
1812
1877
1900
1916
1946
1951
1970
1974
2028
2032
2048
2073
2101
2101
2101
2106
2106
2129
2134
2191
2199
2273
2274
2300
2300
2357
2363
2421
2421
2446
2446
2462
2470
2521
2521
2525
2525
2584
2588
2593
2593
2593
2605
2674
2732
2732
2772
2840
2840
2840
2842
2863
2865
2914
2914
2914
2940
2981
3026
3048
3081
3104
3104
3104
3104
3109
3109
3121
3121
3121
3161
3172
3172
3173
3215
3218
3242
3321
3324
3328
3351
3351
3351
3351
3425
3425
3451
3478
3490
3490
3490
3490
3514
3514
3520
3520
3530
3530
3583
3641
3670
3670
3678
3679
3710
3731
3779
3840
3854
3854
3854
3882
3882
3891
3939
3956
3956
3956
3956
3972
3972
3995
3995
3995
3995
4033
4033
4033
4066
4077
4100
4136
4142
4148
4201
4201
4201
4201
4216
4251
4251
4307
4389
4423
4486
4539
4539
4581
4610
4636
4659
4662
4677
4695
4706
4736
4736
4760
4815
4838
4856
4908
4908
4908
4908
4917
4992
5043
5071
5188
5207
5213
5213
5237
5272
5272
5301
5309
5358
5378
5454
5475
5507
5507
5514
5514
5541
5541
5588
5622
5622
5622
5669
5669
5721
5760
5760
5760
5765
5778
5826
5840
5845
5845
5845
5883
5896
5951
5979
6059
6059
6064
6115
6131
6199
6249
6249
6280
6295
6359
6359
6412
6412
6412
6412
6412
6497
6497
6497
6499
6563
6583
6631
6636
6683
6690
6759
6768
6789
6832
6837
6888
6888
6892
6902
6940
6942
6967
6973
6974
6974
6974
6974
6974
6974
6993
6993
7001
7001
7001
7001
7001
7013
7013
7037
7037
7048
7076
7148
7148
7148
7148
7174
7174
7208
7294
7322
7322
7322
7322
7338
7354
7368
7373
7373
7373
7421
7421
7441
7441
7441
7442
7442
7447
7508
7579
7580
7580
7580
7590
7605
7605
7648
7662
7662
7674
7711
7721
7721
7772
7772
7772
7773
7792
7792
7792
7827
7827
7885
7885
7885
7885
7948
7948
7948
7951
7994
8009
8009
8018
8060
8079
8093
8126
8154
8205
8223
8228
8261
8295
8307
8314
8327
8327
8355
8426
8519
8537
8561
8633
8669
8669
8688
8734
8767
8809
8809
8874
8879
8879
8910
8956
8963
8988
8988
8988
8988
9033
9105
9135
9202
9202
9202
9211
9230
9238
9309
9327
9339
9339
9340
9342
9412
9445
9445
9456
9456
9456
9456
9500
9512
9530
9544
9615
9628
9628
9683
9684
9684
9684
9692
9693
9786
9838
9838
9879
9896
9965
9967
9977
9977
9977
9991
9992
10051
