0
62
133
146
162
202
270
270
284
284
284
300
300
335
367
370
370
420
441
448
448
473
473
473
473
519
552
558
567
573
573
573
614
662
682
700
700
710
710
716
723
723
742
746
746
746
790
848
848
852
856
892
904
920
982
1047
1082
1082
1082
1088
1151
1157
1187
1207
1207
1207
1207
1226
1280
1280
1280
1287
1287
1338
1338
1338
1338
1338
1361
1377
1406
1433
1537
1544
1544
1544
1578
1598
1598
1598
1623
1668
1727
1732
1747
1764
1790
1853
1877
1877
1877
1884
1884
1900
1900
1900
1900
1934
1934
1979
1979
1979
1979
1986
2011
2014
2033
2051
2101
2101
2101
2110
2126
2143
2173
2217
2256
2294
2385
2445
2506
2535
2593
2630
2665
2671
2688
2755
2776
2790
2797
2833
2853
2858
2899
2915
2934
2934
2985
2985
2985
2989
2989
2997
3018
3064
3083
3158
3159
3170
3185
3237
3242
3307
3307
3334
3334
3334
3351
3404
3407
3407
3412
3455
3474
3481
3481
3481
3495
3544
3621
3621
3655
3702
3729
3729
3731
3745
3757
3793
3806
3806
3823
3876
3919
3925
3973
3996
3996
3996
3996
3996
4002
4013
4013
4013
4051
4054
4066
4068
4107
4113
4137
4216
4221
4226
4248
4248
4248
4248
4300
4324
4351
4373
4391
4391
4391
4391
4417
4417
4425
4425
4437
4437
4489
4542
4578
4578
4586
4588
4621
4622
4671
4725
4770
4770
4770
4800
4800
4808
4844
4877
4877
4877
4877
4895
4895
4920
4920
4920
4920
4959
4959
4959
4987
5001
5026
5059
5063
5068
5116
5130
5130
5130
5142
5180
5180
5218
5291
5353
5415
5466
5471
5514
5543
5554
5592
5593
5612
5630
5642
5671
5671
5695
5746
5774
5791
5840
5840
5840
5840
5849
5925
5976
6004
6079
6140
6146
6146
6158
6189
6208
6234
6246
6279
6311
6381
6411
6443
6443
6451
6451
6456
6477
6522
6554
6554
6554
6587
6601
6652
6692
6692
6692
6697
6710
6756
6766
6779
6779
6779
6803
6831
6859
6901
6996
6996
6997
7019
7073
7122
7193
7193
7226
7242
7304
7304
7352
7357
7357
7357
7357
7420
7443
7443
7443
7499
7521
7555
7580
7626
7636
7694
7713
7736
7767
7778
7836
7836
7842
7842
7888
7889
7910
7923
7923
7923
7923
7923
7923
7923
7942
7942
7949
7949
7949
7950
7950
7950
7961
7986
7986
7995
8013
8069
8097
8097
8097
8114
8122
8156
8238
8270
8270
8270
8270
8288
8294
8312
8324
8324
8324
8373
8373
8394
8394
8394
8395
8395
8399
8462
8521
8534
8534
8534
8546
8561
8561
8596
8620
8620
8632
8654
8680
8680
8731
8731
8731
8731
8752
8752
8752
8789
8789
8845
8845
8845
8845
8909
8909
8909
8910
8955
8972
8972
8983
9002
9044
9058
9091
9108
9153
9189
9196
9226
9240
9274
9281
9293
9293
9309
9381
9488
9507
9531
9602
9638
9638
9660
9670
9739
9780
9780
9843
9849
9849
9861
9915
9931
9958
9958
