0
0
0
0
14
50
50
106
208
239
282
335
335
390
407
435
455
460
477
495
505
534
534
558
617
637
655
704
704
704
704
734
791
844
870
989
1009
1012
1012
1037
1073
1073
1101
1111
1163
1180
1259
1276
1309
1309
1315
1315
1340
1342
1385
1417
1417
1417
1464
1464
1522
1556
1556
1557
1575
1575
1621
1640
1641
1642
1642
1682
1703
1754
1780
1859
1859
1866
1922
1934
2011
2053
2053
2084
2099
2162
2162
2212
2212
2212
2212
2212
2299
2299
2299
2312
2364
2385
2436
2436
2482
2490
2560
2568
2589
2631
2637
2688
2688
2692
2708
2741
2741
2774
2774
2775
2775
2775
2775
2775
2775
2795
2795
2802
2802
2802
2802
2802
2812
2812
2836
2836
2848
2888
2948
2948
2948
2948
2971
2971
3007
3097
3119
3119
3119
3119
3137
3162
3172
3172
3172
3172
3218
3218
3240
3240
3240
3241
3241
3247
3306
3375
3376
3376
3376
3387
3404
3404
3460
3460
3460
3483
3511
3520
3522
3573
3573
3573
3592
3592
3592
3592
3627
3648
3686
3686
3686
3686
3751
3751
3751
3767
3803
3811
3811
3823
3871
3881
3897
3930
3957
4009
4027
4038
4061
4095
4108
4115
4127
4127
4151
4234
4318
4336
4375
4432
4468
4468
4489
4555
4567
4610
4610
4674
4682
4682
4713
4760
4786
4788
4788
4788
4788
4834
4923
4939
5003
5003
5003
5016
5033
5056
5118
5131
5142
5142
5142
5144
5224
5246
5246
5256
5256
5256
5256
5300
5315
5332
5350
5430
5431
5431
5485
5487
5487
5487
5495
5496
5590
5641
5641
5698
5698
5768
5770
5780
5780
5780
5795
5795
5854
5862
5863
5883
5914
5943
5943
5964
5968
5968
5968
5985
6012
6051
6051
6063
6063
6063
6063
6154
6154
6191
6191
6191
6199
6199
6216
6216
6216
6236
6236
6236
6267
6303
6340
6340
6351
6351
6390
6409
6433
6503
6571
6571
6571
6571
6585
6642
6644
6693
6693
6693
6693
6693
6715
6765
6765
6771
6771
6771
6824
6824
6824
6824
6824
6854
6892
6897
6934
7030
7030
7030
7030
7063
7084
7084
7098
7143
7166
7211
7234
7234
7252
7279
7363
7364
7364
7364
7371
7371
7386
7386
7386
7387
7418
7418
7465
7465
7465
7468
7482
7501
7501
7535
7582
7588
7588
7589
7602
7632
7632
7689
7706
7767
7791
7881
7935
8023
8030
8107
8113
8149
8157
8207
8240
8266
8280
8313
8313
8333
8342
8396
8399
8416
8452
8470
8470
8470
8478
8478
8506
8506
8571
8575
8646
8646
8673
8717
8729
8768
8792
8792
8819
8819
8835
8848
8893
8893
8897
8897
8957
8965
8965
8965
8965
9000
9044
9102
9102
9144
9212
9212
9212
9213
9232
9235
9286
9286
9301
9335
9383
9399
9446
9455
9479
9479
9479
9479
9484
9484
9496
9496
9496
9537
9549
9549
9551
9596
9598
9632
9699
9701
9704
9728
9728
9728
9745
9805
9805
9831
9860
9869
9869
9869
9869
9893
9899
9899
9911
9911
9912
