0
63
135
148
166
208
276
278
290
290
290
305
305
341
375
376
376
429
451
458
462
485
485
485
485
531
566
570
580
586
586
586
628
678
697
717
717
725
725
731
741
741
761
767
767
767
813
871
871
876
880
918
931
947
1006
1075
1111
1111
1111
1123
1185
1187
1218
1236
1236
1236
1236
1256
1310
1310
1310
1318
1318
1369
1369
1369
1369
1372
1396
1411
1441
1471
1574
1584
1584
1584
1619
1641
1641
1641
1669
1712
1771
1778
1796
1815
1839
1904
1928
1928
1928
1936
1936
1953
1953
1953
1953
1989
1989
2039
2039
2039
2039
2046
2072
2075
2096
2112
2164
2164
2164
2176
2190
2209
2240
2285
2325
2362
2452
2514
2573
2602
2664
2700
2737
2746
2763
2833
2856
2869
2876
2911
2932
2941
2985
3001
3020
3020
3077
3077
3077
3085
3085
3094
3116
3163
3181
3256
3258
3271
3287
3338
3343
3408
3408
3436
3436
3436
3453
3507
3512
3512
3517
3562
3580
3591
3591
3591
3603
3653
3732
3732
3766
3814
3841
3841
3843
3856
3869
3908
3922
3922
3940
3991
4036
4046
4095
4121
4121
4121
4121
4121
4127
4142
4142
4142
4181
4184
4198
4204
4248
4254
4279
4359
4365
4368
4393
4393
4393
4393
4445
4469
4497
4520
4538
4538
4538
4538
4565
4565
4572
4572
4586
4586
4639
4692
4727
4727
4737
4741
4773
4774
4824
4877
4922
4922
4922
4950
4952
4962
4998
5030
5030
5030
5030
5047
5047
5073
5073
5073
5073
5111
5111
5111
5139
5155
5181
5215
5218
5227
5277
5289
5289
5289
5303
5342
5342
5381
5454
5518
5581
5634
5637
5682
5712
5725
5762
5764
5784
5802
5813
5844
5844
5871
5921
5950
5966
6018
6018
6018
6018
6028
6106
6157
6185
6261
6324
6327
6327
6339
6370
6388
6416
6427
6464
6495
6563
6594
6630
6630
6638
6638
6643
6665
6710
6745
6745
6745
6782
6796
6847
6888
6888
6888
6900
6915
6963
6973
6988
6988
6988
7013
7041
7067
7109
7205
7205
7207
7230
7281
7330
7400
7400
7434
7450
7511
7511
7561
7564
7564
7564
7564
7631
7654
7654
7654
7713
7737
7771
7795
7842
7849
7910
7929
7957
7990
8002
8059
8059
8065
8065
8113
8113
8135
8147
8149
8149
8149
8149
8149
8149
8172
8172
8183
8183
8183
8185
8185
8185
8198
8223
8223
8234
8254
8312
8339
8339
8339
8359
8366
8401
8483
8516
8516
8516
8516
8534
8540
8560
8571
8571
8571
8622
8622
8646
8646
8646
8648
8648
8655
8719
8778
8795
8795
8795
8806
8821
8821
8856
8882
8882
8896
8921
8947
8947
9001
9001
9001
9001
9021
9021
9021
9057
9057
9116
9116
9116
9116
9182
9182
9182
9184
9230
9245
9245
9257
9277
9318
9333
9368
9383
9431
9468
9474
9506
9519
9553
9562
9573
9573
9586
9660
9767
9787
9814
9885
9920
9920
9944
9952
10023
10065
10065
10131
10137
10137
10153
10209
10217
10247
10247
