0
35
46
65
133
220
220
220
220
235
291
293
343
343
343
343
343
361
415
415
416
421
421
474
474
474
474
474
498
521
543
574
680
680
680
680
713
734
734
737
762
804
861
883
883
900
925
1012
1013
1013
1013
1020
1020
1035
1035
1035
1035
1068
1068
1115
1115
1115
1115
1124
1150
1150
1184
1210
1237
1237
1237
1251
1281
1281
1331
1354
1415
1438
1520
1583
1664
1678
1751
1760
1796
1804
1821
1888
1911
1928
1958
1961
1981
1990
2044
2047
2064
2088
2117
2117
2117
2125
2125
2147
2153
2211
2220
2294
2294
2320
2320
2376
2381
2439
2439
2466
2466
2479
2489
2539
2539
2543
2543
2604
2609
2611
2611
2611
2622
2690
2748
2748
2787
2858
2858
2858
2859
2878
2880
2932
2932
2932
2959
2999
3045
3069
3102
3125
3125
3125
3125
3131
3131
3144
3144
3144
3185
3197
3197
3198
3241
3243
3268
3346
3348
3352
3375
3375
3375
3375
3453
3453
3479
3506
3517
3517
3517
3517
3541
3541
3548
3548
3561
3561
3613
3672
3702
3702
3709
3712
3743
3764
3815
3875
3887
3887
3887
3915
3915
3923
3972
3990
3990
3990
3990
4009
4009
4033
4033
4033
4033
4072
4072
4072
4105
4113
4138
4174
4182
4189
4242
4242
4242
4242
4256
4293
4293
4349
4431
4465
4525
4578
4578
4623
4651
4678
4699
4704
4720
4738
4748
4777
4777
4801
4857
4880
4899
4948
4948
4948
4948
4959
5036
5088
5115
5231
5253
5257
5257
5281
5317
5317
5345
5356
5403
5425
5500
5521
5554
5554
5561
5561
5586
5586
5631
5663
5663
5663
5709
5709
5760
5801
5801
5801
5808
5820
5867
5882
5887
5888
5888
5928
5940
5999
6025
6104
6104
6111
6161
6180
6251
6299
6299
6330
6345
6409
6409
6458
6458
6458
6458
6458
6544
6544
6544
6544
6608
6629
6678
6681
6726
6735
6804
6810
6833
6875
6881
6932
6932
6936
6945
6983
6984
7008
7016
7017
7017
7017
7017
7017
7017
7037
7037
7043
7043
7043
7043
7043
7052
7052
7077
7077
7089
7117
7189
7189
7189
7189
7212
7212
7248
7334
7361
7361
7361
7361
7379
7396
7409
7414
7414
7414
7461
7461
7483
7483
7483
7483
7483
7488
7547
7616
7617
7617
7617
7628
7645
7645
7689
7700
7700
7712
7751
7760
7762
7813
7813
7813
7814
7832
7832
7832
7867
7867
7927
7927
7927
7927
7992
7992
7992
7995
8037
8052
8052
8064
8106
8123
8138
8171
8198
8250
8269
8273
8303
8337
8350
8357
8369
8369
8393
8468
8560
8579
8603
8675
8711
8711
8732
8778
8810
8853
8853
8918
8925
8925
8955
9002
9008
9032
9032
9032
9032
9078
9150
9183
9247
9247
9247
9257
9277
9285
9354
9375
9386
9386
9386
9387
9457
9489
9489
9498
9498
9498
9498
9541
9556
9574
9589
9660
9673
9673
9727
9729
9729
9729
9737
9737
9829
9881
9881
9923
9938
10008
10010
10020
10020
10020
10035
10035
10094
