0
0
15
53
82
91
136
189
276
288
299
299
360
371
381
410
425
425
450
552
563
593
606
632
638
681
681
681
703
714
714
729
744
830
830
875
875
898
919
957
981
1009
1026
1029
1029
1031
1073
1074
1074
1104
1104
1104
1126
1126
1126
1137
1154
1181
1194
1194
1194
1236
1270
1274
1286
1313
1333
1333
1333
1333
1350
1359
1380
1425
1427
1427
1453
1520
1544
1544
1544
1577
1594
1603
1603
1645
1661
1661
1661
1673
1673
1673
1713
1766
1778
1785
1795
1795
1843
1878
1878
1890
1905
1953
1953
1953
1953
1956
2026
2031
2031
2031
2031
2095
2095
2095
2140
2160
2160
2214
2251
2251
2260
2285
2285
2287
2340
2340
2356
2375
2454
2456
2456
2456
2487
2588
2624
2643
2671
2738
2792
2792
2792
2792
2827
2827
2862
2862
2862
2867
2867
2867
2922
2985
3068
3107
3118
3122
3148
3199
3199
3199
3203
3249
3268
3268
3268
3282
3300
3303
3333
3342
3342
3443
3477
3491
3492
3506
3545
3562
3660
3703
3738
3800
3859
3892
3892
3892
3900
3907
3925
3932
3932
3937
3990
4003
4057
4158
4171
4171
4216
4217
4233
4262
4262
4262
4291
4351
4357
4357
4357
4371
4371
4371
4371
4371
4387
4411
4421
4431
4458
4481
4489
4497
4595
4618
4633
4659
4659
4686
4686
4686
4686
4686
4692
4693
4693
4696
4728
4791
4816
4816
4821
4821
4830
4830
4830
4850
4866
4866
4918
4918
4918
4953
4966
4966
4966
4966
4966
4974
5043
5043
5043
5043
5046
5095
5104
5104
5112
5157
5186
5186
5186
5186
5232
5232
5232
5232
5232
5235
5364
5407
5407
5423
5441
5441
5470
5514
5514
5544
5547
5580
5581
5581
5582
5582
5582
5596
5625
5681
5749
5821
5821
5850
5891
5907
5920
5967
6008
6008
6054
6115
6115
6141
6161
6203
6203
6250
6263
6263
6282
6282
6335
6377
6414
6461
6555
6583
6600
6600
6600
6653
6660
6660
6694
6709
6731
6776
6776
6810
6836
6854
6872
6925
6999
7004
7035
7114
7114
7141
7168
7183
7239
7271
7307
7317
7354
7389
7437
7445
7459
7499
7499
7529
7567
7567
7567
7583
7743
7755
7795
7856
7942
8025
8031
8038
8061
8081
8125
8135
8145
8149
8183
8183
8207
8244
8267
8267
8325
8346
8398
8445
8477
8477
8483
8483
8483
8483
8483
8483
8483
8498
8498
8508
8508
8524
8526
8534
8571
8661
8668
8668
8695
8698
8716
8766
8766
8794
8795
8795
8800
8807
8932
8949
8956
8963
8963
8998
9010
9015
9062
9062
9062
9083
9083
9106
9106
9106
9111
9111
9111
9140
9160
9160
9160
9160
9160
9181
9181
9181
9181
9184
9223
9255
9282
9294
9294
9324
9324
9324
9333
9379
9441
9450
9450
9472
9476
9526
9545
9563
9563
9644
9678
9678
9702
9723
9723
9723
9723
9801
9801
9801
9801
9801
9813
9837
9879
9934
9996
10072
10072
10073
10086
10086
10130
10180
10180
10180
10223
10274
10277
