0
19
62
117
117
173
192
227
240
245
266
283
295
327
327
352
415
431
448
498
498
498
498
529
590
637
663
783
801
805
805
833
869
869
898
905
958
975
1057
1073
1105
1105
1115
1115
1142
1148
1188
1221
1221
1221
1269
1269
1329
1363
1363
1368
1385
1385
1435
1458
1458
1458
1458
1497
1517
1569
1592
1673
1673
1678
1736
1747
1827
1868
1868
1903
1919
1981
1981
2034
2034
2034
2034
2034
2121
2121
2121
2139
2190
2211
2261
2261
2308
2315
2385
2395
2415
2458
2464
2515
2515
2522
2536
2570
2570
2603
2603
2603
2603
2603
2603
2603
2603
2627
2627
2636
2636
2638
2638
2638
2648
2648
2673
2673
2690
2731
2792
2792
2792
2792
2818
2818
2855
2946
2970
2970
2970
2970
2987
3013
3023
3023
3023
3023
3073
3073
3095
3095
3095
3099
3099
3105
3167
3238
3242
3242
3242
3255
3268
3268
3327
3327
3329
3361
3385
3395
3413
3446
3446
3446
3467
3467
3467
3467
3503
3520
3559
3559
3559
3559
3622
3622
3622
3637
3681
3683
3683
3693
3745
3753
3769
3804
3833
3886
3904
3919
3944
3978
3993
4002
4014
4014
4039
4121
4206
4226
4263
4320
4358
4358
4380
4445
4460
4500
4500
4566
4574
4574
4607
4653
4681
4683
4683
4683
4683
4728
4818
4832
4897
4897
4897
4911
4929
4956
5019
5028
5040
5040
5041
5045
5127
5147
5147
5159
5159
5159
5159
5203
5214
5234
5251
5331
5332
5332
5388
5390
5390
5390
5397
5398
5495
5545
5545
5602
5602
5670
5674
5681
5681
5681
5698
5700
5761
5767
5768
5792
5821
5849
5849
5874
5878
5878
5878
5895
5924
5964
5964
5977
5980
5980
5980
6071
6071
6111
6111
6112
6119
6119
6134
6134
6134
6155
6155
6155
6186
6221
6258
6258
6269
6270
6311
6331
6357
6425
6494
6494
6494
6494
6511
6566
6568
6618
6618
6618
6618
6618
6641
6692
6692
6699
6699
6699
6752
6752
6752
6753
6753
6782
6820
6828
6865
6964
6964
6964
6964
6999
7019
7019
7034
7082
7108
7150
7173
7173
7192
7219
7303
7304
7304
7304
7313
7313
7332
7332
7332
7333
7366
7366
7414
7414
7414
7421
7431
7449
7449
7483
7534
7538
7538
7539
7553
7581
7581
7641
7658
7719
7742
7837
7887
7975
7984
8061
8069
8105
8113
8171
8196
8224
8242
8279
8279
8301
8311
8367
8369
8384
8420
8438
8438
8438
8444
8444
8474
8474
8539
8544
8616
8617
8645
8695
8701
8745
8767
8767
8794
8794
8812
8825
8867
8867
8873
8873
8934
8944
8944
8944
8944
8984
9030
9087
9089
9130
9197
9197
9197
9201
9225
9230
9280
9280
9296
9331
9377
9394
9444
9451
9473
9473
9473
9473
9478
9478
9492
9492
9492
9534
9548
9548
9550
9597
9604
9639
9703
9705
9712
9733
9733
9733
9756
9808
9808
9837
9866
9876
9876
9876
9876
9900
9906
9906
9920
9920
9921
9976
10031
10062
10070
10070
10096
10105
10134
