0
0
0
35
83
83
83
91
96
124
131
183
227
257
285
406
458
514
540
596
605
639
655
723
729
762
768
801
801
818
823
878
878
894
927
944
944
944
948
948
976
997
1040
1079
1116
1123
1141
1193
1198
1261
1261
1261
1287
1287
1303
1317
1360
1360
1366
1367
1426
1435
1435
1435
1448
1479
1544
1572
1580
1632
1678
1678
1678
1679
1700
1721
1747
1747
1762
1810
1854
1859
1912
1935
1935
1935
1935
1935
1940
1940
1951
1951
1951
1991
2002
2002
2004
2048
2050
2114
2150
2152
2163
2178
2178
2178
2210
2253
2253
2278
2305
2314
2314
2314
2314
2338
2343
2343
2355
2355
2384
2440
2495
2497
2504
2504
2536
2536
2563
2610
2671
2681
2681
2681
2707
2707
2729
2775
2780
2780
2780
2780
2795
2795
2820
2820
2820
2830
2857
2857
2858
2899
2919
2923
2959
2965
2981
3024
3024
3024
3033
3062
3073
3090
3179
3244
3303
3307
3362
3362
3415
3434
3481
3481
3498
3498
3512
3542
3552
3555
3575
3638
3670
3680
3722
3722
3722
3729
3789
3827
3863
3920
4022
4026
4026
4026
4048
4083
4086
4119
4143
4170
4218
4285
4285
4316
4321
4322
4322
4347
4390
4423
4423
4423
4423
4468
4475
4551
4558
4558
4559
4573
4606
4619
4638
4638
4638
4638
4679
4704
4749
4838
4851
4851
4858
4924
4942
5043
5043
5043
5087
5094
5152
5164
5202
5202
5202
5202
5220
5289
5289
5289
5345
5361
5383
5425
5455
5471
5522
5549
5569
5579
5619
5644
5676
5676
5680
5727
5729
5729
5761
5762
5762
5762
5762
5762
5762
5766
5780
5786
5786
5786
5786
5786
5786
5794
5794
5818
5818
5829
5876
5928
5928
5928
5932
5954
5954
6009
6095
6100
6100
6100
6100
6118
6139
6149
6149
6149
6195
6195
6216
6216
6216
6216
6216
6220
6221
6279
6347
6348
6348
6348
6373
6373
6373
6429
6429
6429
6452
6487
6487
6515
6537
6537
6537
6554
6554
6554
6559
6587
6637
6641
6641
6641
6641
6703
6703
6703
6747
6762
6762
6762
6783
6832
6846
6846
6878
6920
6971
6975
6991
7010
7050
7055
7070
7072
7072
7131
7203
7261
7304
7349
7399
7412
7412
7432
7500
7518
7552
7552
7621
7621
7621
7653
7700
7730
7730
7730
7730
7735
7782
7863
7919
7944
7944
7944
7972
7972
7996
8062
8072
8081
8081
8081
8106
8185
8185
8185
8196
8196
8196
8216
8253
8271
8284
8318
8366
8366
8384
8420
8422
8422
8429
8430
8472
8558
8574
8587
8629
8667
8695
8705
8705
8705
8720
8720
8739
8786
8786
8786
8836
8836
8863
8863
8886
8887
8887
8887
8930
8931
8969
8969
8980
8980
8980
8992
9068
9068
9105
9105
9105
9112
9112
9126
9126
9128
9148
9148
9148
9189
9226
9249
9249
9257
9262
9299
9314
9337
9406
9476
9476
9476
9476
9510
9547
9557
9596
9596
9596
9596
9610
9668
9668
9668
9673
9673
9724
9724
9724
9724
9724
