0
39
46
53
85
126
164
181
200
216
256
263
272
283
283
306
392
473
491
539
594
622
622
642
708
727
762
762
827
833
833
863
909
937
937
937
937
937
980
1069
1084
1150
1150
1150
1179
1179
1202
1268
1276
1288
1288
1288
1288
1387
1391
1391
1402
1402
1402
1406
1445
1456
1488
1498
1571
1571
1571
1624
1625
1625
1633
1633
1650
1762
1778
1778
1835
1848
1904
1905
1914
1914
1914
1929
1930
1997
1997
1997
2049
2049
2077
2077
2096
2101
2101
2101
2144
2146
2184
2184
2195
2196
2196
2196
2285
2285
2323
2323
2323
2330
2330
2344
2344
2344
2365
2365
2365
2404
2431
2467
2467
2475
2475
2513
2534
2558
2626
2696
2696
2696
2696
2720
2769
2769
2816
2816
2816
2816
2816
2850
2890
2890
2897
2897
2929
2948
2948
2948
2948
2953
2976
3014
3018
3078
3151
3151
3151
3169
3193
3204
3204
3221
3274
3305
3331
3352
3352
3370
3418
3483
3483
3483
3483
3488
3488
3505
3505
3505
3506
3537
3537
3583
3583
3583
3591
3608
3615
3615
3650
3700
3700
3700
3706
3712
3740
3740
3799
3837
3874
3898
4010
4074
4129
4146
4213
4222
4256
4275
4344
4349
4382
4389
4425
4425
4442
4447
4502
4502
4517
4551
4568
4568
4568
4574
4575
4604
4625
4667
4702
4745
4756
4774
4826
4830
4892
4892
4892
4921
4921
4936
4950
4992
4992
4999
4999
5060
5068
5068
5068
5073
5111
5166
5204
5204
5257
5311
5311
5311
5314
5335
5352
5384
5384
5398
5446
5489
5497
5544
5574
5574
5574
5574
5574
5581
5581
5592
5592
5592
5633
5650
5650
5651
5697
5699
5752
5801
5803
5811
5829
5829
5829
5861
5904
5904
5930
5959
5969
5969
5969
5969
5994
6000
6000
6013
6013
6040
6082
6147
6151
6160
6160
6192
6192
6218
6262
6326
6336
6336
6336
6365
6365
6386
6433
6439
6439
6439
6439
6453
6453
6477
6477
6477
6484
6515
6515
6516
6556
6576
6580
6617
6622
6640
6681
6681
6681
6692
6718
6732
6749
6817
6903
6946
6963
7019
7019
7071
7091
7138
7138
7157
7157
7173
7202
7213
7214
7237
7300
7323
7334
7383
7383
7383
7393
7437
7486
7524
7584
7684
7688
7688
7688
7711
7747
7752
7777
7809
7835
7870
7948
7948
7981
7988
7988
7988
8014
8042
8091
8091
8091
8091
8139
8139
8217
8229
8229
8232
8247
8275
8295
8318
8318
8318
8318
8361
8385
8431
8519
8534
8534
8539
8607
8616
8716
8728
8728
8773
8775
8838
8851
8888
8888
8888
8888
8897
8974
8974
8974
9031
9049
9071
9112
9139
9159
9191
9236
9257
9266
9307
9322
9365
9365
9370
9413
9418
9418
9451
9451
9451
9451
9451
9451
9451
9456
9470
9478
9478
9478
9478
9478
9478
9488
9488
9512
9512
9524
9570
9624
9624
9624
9628
9647
9647
9685
9773
9794
9794
9794
9794
9811
9836
9847
9847
9847
9896
9897
9918
9918
9918
9918
9919
9919
