0
0
0
50
50
73
73
73
75
75
82
124
154
220
220
220
220
246
246
253
306
306
319
333
369
369
398
422
422
422
442
442
442
460
479
537
537
537
537
537
603
603
604
654
669
669
680
694
741
757
762
792
849
891
891
929
930
976
982
995
995
995
1065
1140
1189
1234
1290
1341
1341
1359
1371
1435
1470
1485
1519
1557
1557
1557
1592
1637
1668
1668
1668
1668
1690
1723
1815
1861
1884
1884
1884
1917
1917
1941
2007
2021
2028
2028
2032
2064
2138
2138
2138
2150
2150
2150
2169
2207
2228
2242
2281
2326
2326
2351
2382
2383
2383
2392
2395
2458
2526
2544
2561
2604
2660
2674
2685
2685
2685
2701
2701
2734
2770
2771
2771
2825
2825
2855
2855
2881
2881
2881
2881
2927
2928
2966
2968
2980
2980
2980
2997
3071
3071
3110
3111
3111
3120
3121
3136
3136
3156
3162
3162
3162
3208
3266
3266
3266
3276
3303
3325
3341
3400
3439
3504
3504
3504
3512
3557
3581
3601
3632
3632
3632
3632
3649
3707
3707
3707
3715
3715
3766
3766
3766
3766
3767
3781
3805
3835
3854
3926
3978
3978
3978
4015
4037
4037
4037
4066
4109
4167
4167
4191
4191
4234
4277
4323
4323
4323
4323
4331
4349
4349
4349
4349
4365
4386
4426
4436
4436
4436
4443
4468
4472
4489
4509
4560
4560
4560
4572
4578
4605
4636
4681
4714
4754
4824
4910
4953
4999
5058
5089
5113
5144
5159
5229
5242
5263
5272
5306
5327
5335
5343
5395
5395
5414
5456
5470
5470
5478
5478
5479
5509
5556
5573
5648
5649
5662
5679
5730
5735
5801
5801
5808
5830
5830
5848
5863
5907
5907
5911
5954
5973
5984
5984
5984
5998
6039
6122
6128
6162
6197
6237
6237
6238
6239
6266
6304
6318
6318
6335
6386
6431
6431
6490
6516
6516
6516
6516
6516
6523
6527
6538
6538
6562
6580
6595
6600
6627
6650
6664
6755
6755
6759
6776
6789
6789
6789
6822
6865
6866
6914
6935
6935
6935
6935
6935
6962
6970
6970
6985
6985
7025
7080
7126
7126
7136
7139
7172
7173
7202
7276
7320
7323
7323
7323
7351
7364
7387
7432
7432
7432
7432
7450
7450
7464
7476
7476
7476
7513
7513
7513
7538
7556
7583
7594
7620
7628
7658
7689
7689
7689
7701
7741
7741
7765
7855
7918
7982
8003
8039
8070
8112
8112
8163
8164
8183
8199
8211
8235
8241
8263
8291
8346
8363
8410
8413
8413
8413
8422
8485
8551
8569
8633
8718
8721
8721
8721
8748
8784
8812
8824
8852
8890
8960
8990
9015
9027
9036
9036
9042
9063
9108
9142
9142
9142
9163
9193
9222
9284
9285
9285
9292
9310
9357
9358
9382
9382
9382
9395
9427
9450
9499
9600
9600
9601
9607
9675
9724
9794
9794
9818
9843
9875
9906
9941
9958
9958
9958
9958
10023
10048
10048
10048
10107
10127
10165
10190
10237
10237
10299
10314
10349
10356
10393
10446
10451
10451
10457
10505
10505
