0
0
0
21
31
48
97
97
120
122
122
128
131
246
265
281
287
287
323
332
332
384
384
384
388
402
426
426
426
429
429
429
456
476
476
476
476
476
476
495
495
495
495
532
563
585
603
603
630
630
630
631
673
741
754
754
776
777
790
842
866
866
946
980
980
1003
1026
1026
1026
1026
1093
1104
1104
1104
1104
1110
1129
1179
1226
1287
1370
1370
1370
1385
1385
1399
1471
1476
1476
1517
1569
1570
1624
1687
1756
1768
1847
1850
1850
1890
1903
1904
1904
2006
2015
2065
2077
2084
2084
2084
2140
2164
2164
2210
2230
2230
2265
2265
2265
2291
2291
2311
2327
2434
2434
2485
2542
2542
2569
2598
2614
2658
2686
2696
2721
2792
2880
2880
2899
2899
2957
2967
2976
3005
3020
3020
3043
3130
3157
3186
3199
3224
3228
3274
3274
3274
3294
3307
3307
3319
3319
3406
3419
3464
3464
3486
3501
3542
3558
3594
3612
3614
3614
3614
3652
3653
3653
3679
3679
3679
3699
3699
3699
3708
3720
3754
3768
3768
3768
3810
3844
3844
3858
3883
3904
3904
3904
3904
3919
3926
3946
3987
3994
3994
4019
4074
4109
4112
4112
4141
4161
4169
4169
4208
4225
4225
4225
4237
4237
4237
4275
4329
4340
4344
4353
4353
4397
4435
4435
4435
4460
4506
4506
4506
4506
4506
4557
4581
4581
4583
4583
4645
4645
4645
4688
4707
4707
4757
4794
4794
4797
4823
4823
4823
4872
4872
4884
4888
4973
4986
4986
4986
5017
5116
5153
5166
5186
5259
5316
5316
5316
5316
5353
5353
5388
5388
5388
5391
5391
5391
5444
5503
5584
5612
5636
5637
5658
5709
5710
5710
5710
5751
5772
5772
5772
5783
5799
5803
5833
5840
5840
5940
5974
5985
5985
5999
6037
6053
6153
6193
6227
6289
6348
6382
6382
6382
6388
6393
6411
6417
6417
6421
6471
6487
6538
6640
6652
6652
6684
6696
6708
6741
6741
6741
6770
6826
6834
6834
6834
6846
6846
6846
6846
6846
6860
6883
6894
6902
6927
6951
6954
6965
7061
7086
7097
7124
7124
7150
7150
7150
7150
7150
7155
7155
7155
7155
7189
7252
7275
7275
7275
7275
7283
7283
7283
7301
7313
7316
7367
7367
7367
7395
7414
7414
7414
7414
7414
7420
7489
7489
7489
7489
7489
7534
7547
7547
7553
7600
7626
7626
7626
7626
7669
7669
7669
7669
7669
7669
7797
7839
7839
7851
7873
7873
7900
7943
7943
7962
7970
8001
8003
8003
8003
8003
8003
8010
8044
8096
8160
8240
8240
8265
8304
8320
8326
8376
8416
8416
8461
8519
8519
8543
8563
8603
8603
8648
8664
8664
8678
8680
8700
8767
8811
8853
8948
8975
8992
8992
8992
9040
9043
9043
9074
9089
9113
9157
9157
9172
9216
9232
9249
9295
9371
9372
9404
9483
9483
9509
9538
9547
9601
9638
9673
9673
9720
9753
9784
9810
9810
9861
9861
9888
9927
9927
9927
9935
10090
10114
10147
10207
10291
