0
35
47
67
134
222
223
223
223
237
294
295
342
342
342
342
342
360
415
415
416
421
421
471
471
471
471
471
494
518
538
571
677
677
677
677
712
731
731
735
759
801
859
880
880
897
921
1009
1009
1009
1009
1014
1014
1030
1030
1030
1030
1063
1063
1109
1109
1109
1109
1117
1142
1142
1176
1202
1229
1229
1229
1241
1270
1270
1321
1343
1402
1425
1507
1570
1652
1667
1740
1754
1788
1796
1818
1881
1904
1921
1952
1957
1974
1979
2034
2036
2052
2074
2104
2104
2104
2109
2109
2132
2138
2194
2202
2278
2278
2307
2307
2363
2366
2425
2425
2454
2454
2468
2476
2526
2526
2531
2531
2591
2595
2598
2598
2598
2610
2678
2735
2735
2774
2842
2842
2842
2845
2865
2867
2916
2916
2916
2941
2983
3028
3049
3082
3105
3105
3105
3105
3111
3111
3123
3123
3123
3164
3179
3179
3181
3224
3227
3251
3330
3331
3334
3357
3357
3357
3357
3431
3431
3457
3485
3496
3496
3496
3496
3521
3521
3528
3528
3540
3540
3591
3649
3679
3679
3687
3690
3719
3740
3789
3852
3863
3863
3863
3890
3890
3898
3947
3964
3964
3964
3964
3978
3978
4002
4002
4002
4002
4041
4041
4041
4071
4082
4106
4143
4148
4154
4207
4207
4207
4207
4219
4257
4257
4312
4394
4429
4490
4545
4545
4588
4617
4642
4664
4667
4684
4699
4711
4741
4741
4765
4820
4843
4862
4911
4911
4911
4911
4920
4995
5046
5075
5192
5211
5215
5215
5240
5275
5275
5304
5312
5361
5383
5457
5478
5510
5510
5519
5519
5545
5545
5591
5624
5624
5624
5672
5672
5722
5763
5763
5763
5770
5781
5828
5844
5850
5850
5850
5889
5900
5956
5984
6065
6065
6070
6119
6137
6206
6258
6258
6291
6305
6368
6368
6418
6418
6418
6418
6418
6504
6504
6504
6504
6570
6589
6639
6642
6688
6696
6766
6774
6796
6838
6843
6895
6895
6901
6910
6948
6949
6974
6982
6982
6982
6982
6982
6982
6982
7000
7000
7008
7008
7008
7008
7008
7019
7019
7042
7042
7053
7081
7153
7153
7153
7153
7176
7176
7211
7295
7323
7323
7323
7323
7340
7356
7370
7375
7375
7375
7425
7425
7446
7446
7446
7446
7446
7452
7511
7581
7582
7582
7582
7592
7606
7606
7648
7663
7663
7676
7715
7725
7725
7775
7775
7775
7775
7794
7794
7794
7828
7828
7882
7882
7882
7882
7945
7945
7945
7947
7990
8007
8007
8017
8060
8078
8092
8124
8150
8203
8220
8224
8255
8291
8302
8311
8322
8322
8345
8420
8512
8530
8554
8626
8661
8661
8681
8727
8762
8801
8801
8866
8872
8872
8902
8948
8954
8978
8978
8978
8978
9022
9094
9125
9192
9192
9192
9201
9221
9229
9299
9318
9330
9330
9331
9331
9403
9434
9434
9445
9445
9445
9445
9488
9501
9520
9534
9604
9618
9618
9672
9673
9673
9673
9681
9682
9776
9828
9828
9868
9885
9954
9955
9964
9964
9964
9980
9980
10040
