0
0
0
11
78
137
137
178
247
247
247
249
269
272
323
324
324
352
391
437
461
494
518
518
518
518
522
522
534
534
534
575
587
587
589
635
635
661
739
742
745
768
768
768
768
845
845
871
897
909
909
909
909
934
934
940
940
952
952
1004
1062
1091
1091
1099
1104
1131
1152
1204
1264
1276
1276
1276
1303
1303
1312
1361
1378
1378
1378
1378
1396
1396
1421
1421
1421
1421
1461
1461
1461
1494
1503
1527
1562
1570
1578
1630
1630
1630
1630
1644
1680
1680
1736
1827
1851
1912
1965
1965
2010
2038
2066
2087
2091
2108
2125
2136
2164
2164
2188
2245
2267
2285
2335
2335
2335
2335
2349
2421
2474
2500
2618
2638
2642
2642
2666
2702
2702
2730
2740
2786
2809
2888
2904
2937
2937
2943
2943
2968
2968
3013
3045
3045
3045
3092
3092
3147
3183
3183
3183
3197
3203
3248
3267
3269
3269
3269
3310
3324
3382
3407
3486
3486
3493
3542
3561
3638
3679
3679
3711
3726
3789
3789
3839
3839
3839
3839
3839
3927
3927
3927
3932
3994
4014
4063
4066
4112
4119
4189
4196
4219
4262
4268
4318
4318
4322
4332
4369
4371
4396
4403
4404
4404
4404
4404
4404
4404
4424
4424
4430
4430
4430
4430
4430
4440
4440
4464
4464
4475
4507
4575
4575
4575
4575
4599
4599
4635
4721
4747
4747
4747
4747
4765
4787
4794
4799
4799
4799
4846
4846
4869
4869
4869
4869
4869
4876
4936
5004
5006
5006
5006
5016
5033
5033
5080
5089
5089
5100
5139
5148
5149
5201
5201
5201
5210
5221
5221
5221
5255
5259
5314
5314
5314
5314
5379
5379
5379
5382
5424
5440
5440
5451
5500
5510
5526
5558
5584
5636
5655
5662
5690
5723
5736
5743
5756
5756
5781
5858
5947
5966
5991
6062
6099
6099
6119
6169
6198
6240
6240
6305
6312
6312
6342
6388
6396
6419
6419
6419
6419
6465
6541
6570
6634
6634
6634
6646
6664
6673
6741
6761
6773
6773
6773
6775
6844
6877
6877
6887
6887
6887
6887
6930
6945
6963
6981
7052
7061
7061
7116
7118
7118
7118
7126
7127
7220
7272
7272
7326
7329
7399
7400
7410
7410
7410
7424
7424
7484
7491
7491
7501
7542
7571
7571
7592
7597
7597
7597
7612
7641
7679
7679
7690
7690
7690
7690
7780
7780
7817
7817
7817
7826
7826
7843
7843
7843
7863
7863
7863
7885
7930
7966
7966
7976
7976
8014
8033
8052
8127
8196
8196
8196
8196
8210
8267
8269
8319
8319
8319
8319
8319
8337
8391
8391
8397
8397
8397
8450
8450
8450
8450
8450
8480
8509
8523
8560
8657
8657
8657
8657
8690
8710
8710
8724
8764
8783
8836
8858
8858
8876
8903
8987
8988
8988
8988
8996
8996
9012
9012
9012
9012
9044
9044
9092
9092
9092
9092
9109
9128
9128
9162
9191
9215
9215
9216
9230
9259
9259
9316
9333
9394
9418
9503
9563
9651
9659
9735
9742
9778
9786
9824
9869
9892
