0
62
132
145
161
202
272
272
284
284
284
299
299
332
366
367
367
418
438
447
447
472
472
472
472
516
549
555
563
567
567
567
609
658
677
695
695
703
703
708
720
720
739
740
740
740
786
844
844
849
855
889
900
915
973
1043
1075
1075
1075
1082
1145
1148
1178
1197
1197
1197
1197
1215
1269
1269
1269
1275
1275
1328
1328
1328
1328
1328
1353
1367
1397
1424
1526
1534
1534
1534
1567
1588
1588
1588
1613
1658
1715
1722
1738
1754
1780
1844
1868
1868
1868
1875
1875
1890
1890
1890
1890
1922
1922
1969
1969
1969
1969
1978
2003
2005
2024
2041
2092
2092
2092
2103
2118
2136
2165
2210
2249
2288
2376
2439
2501
2527
2584
2617
2653
2661
2677
2744
2764
2777
2784
2817
2837
2846
2886
2903
2920
2920
2974
2974
2974
2982
2982
2989
3010
3055
3075
3150
3150
3161
3177
3228
3233
3296
3296
3323
3323
3323
3339
3394
3397
3397
3401
3444
3461
3469
3469
3469
3480
3529
3606
3606
3638
3687
3716
3716
3717
3726
3739
3779
3790
3790
3805
3857
3903
3912
3959
3983
3983
3983
3983
3983
3988
4000
4000
4000
4038
4041
4053
4055
4094
4100
4123
4203
4205
4208
4232
4232
4232
4232
4284
4309
4335
4357
4373
4373
4373
4373
4397
4397
4403
4403
4415
4415
4467
4521
4555
4555
4562
4565
4595
4595
4645
4699
4740
4740
4740
4767
4767
4776
4814
4843
4843
4843
4843
4862
4862
4886
4886
4886
4886
4926
4926
4926
4954
4968
4993
5025
5029
5037
5085
5096
5096
5096
5110
5146
5146
5182
5255
5318
5379
5429
5432
5477
5504
5517
5552
5554
5574
5592
5602
5630
5631
5655
5708
5734
5752
5801
5801
5801
5801
5812
5888
5941
5967
6044
6106
6109
6109
6120
6149
6170
6196
6208
6245
6275
6342
6372
6405
6405
6411
6411
6415
6436
6481
6514
6514
6514
6546
6561
6612
6653
6653
6653
6661
6673
6719
6728
6739
6740
6740
6765
6792
6820
6859
6956
6956
6957
6980
7031
7080
7150
7150
7181
7196
7259
7259
7306
7309
7309
7309
7309
7374
7396
7396
7396
7452
7477
7511
7533
7579
7587
7648
7663
7686
7717
7728
7785
7785
7789
7789
7836
7838
7860
7871
7872
7872
7872
7872
7872
7872
7892
7892
7899
7899
7899
7899
7899
7899
7909
7933
7933
7941
7962
8018
8045
8045
8045
8060
8068
8105
8184
8217
8217
8217
8217
8236
8241
8261
8271
8271
8271
8317
8317
8339
8339
8339
8340
8340
8344
8406
8464
8476
8476
8476
8487
8504
8504
8536
8560
8560
8572
8594
8619
8619
8672
8672
8672
8672
8691
8691
8691
8726
8726
8785
8785
8785
8785
8850
8850
8850
8850
8895
8910
8910
8922
8938
8980
8996
9028
9041
9088
9125
9129
9160
9171
9206
9214
9226
9226
9238
9310
9416
9435
9460
9532
9568
9568
9589
9598
9667
9710
9710
9774
9782
9782
9794
9847
9860
9888
9888
