0
40
46
56
91
135
172
191
212
229
268
278
287
299
299
325
410
491
513
560
615
645
645
668
732
751
787
787
854
861
861
893
938
969
969
969
969
969
1014
1104
1117
1183
1183
1183
1216
1216
1244
1307
1316
1328
1328
1329
1331
1429
1434
1434
1445
1445
1445
1451
1489
1500
1534
1545
1619
1619
1619
1676
1678
1678
1686
1686
1706
1820
1833
1833
1891
1906
1960
1964
1972
1972
1973
1990
1992
2059
2059
2059
2112
2112
2140
2140
2165
2168
2168
2168
2214
2215
2256
2256
2268
2271
2271
2271
2361
2361
2402
2402
2402
2410
2410
2424
2424
2424
2447
2447
2447
2488
2514
2550
2550
2561
2561
2602
2622
2648
2716
2785
2785
2785
2785
2812
2857
2860
2910
2910
2910
2910
2910
2943
2985
2985
2993
2993
3027
3046
3046
3046
3048
3053
3078
3116
3122
3185
3257
3257
3257
3275
3302
3313
3313
3333
3384
3415
3444
3467
3467
3487
3534
3598
3599
3599
3599
3607
3607
3625
3625
3625
3628
3659
3659
3708
3708
3708
3714
3731
3741
3741
3777
3829
3829
3829
3837
3844
3871
3871
3931
3973
4010
4034
4146
4208
4265
4286
4351
4359
4394
4412
4479
4486
4522
4531
4569
4569
4589
4598
4656
4656
4672
4708
4726
4726
4726
4732
4733
4761
4783
4827
4863
4904
4916
4933
4983
4989
5054
5054
5054
5081
5081
5098
5112
5154
5154
5160
5160
5221
5231
5231
5231
5241
5283
5336
5374
5375
5431
5483
5483
5483
5487
5517
5535
5568
5568
5585
5632
5675
5683
5733
5763
5763
5763
5763
5763
5768
5768
5780
5780
5780
5822
5835
5835
5837
5885
5892
5943
5992
5995
6007
6025
6025
6025
6058
6100
6100
6129
6159
6168
6168
6168
6168
6194
6201
6201
6215
6215
6242
6285
6349
6356
6366
6369
6402
6402
6431
6473
6539
6550
6550
6550
6579
6580
6602
6652
6662
6662
6662
6662
6678
6678
6704
6704
6704
6712
6744
6744
6747
6790
6809
6815
6853
6861
6880
6923
6923
6923
6934
6965
6976
6996
7061
7148
7192
7209
7264
7264
7321
7340
7389
7389
7415
7415
7432
7465
7478
7479
7503
7566
7589
7598
7649
7649
7649
7660
7704
7753
7792
7849
7951
7955
7955
7955
7984
8020
8024
8049
8084
8109
8144
8223
8223
8255
8264
8264
8264
8291
8320
8369
8369
8369
8369
8417
8417
8499
8511
8511
8517
8534
8564
8585
8607
8607
8607
8607
8648
8674
8720
8809
8823
8823
8829
8897
8909
9009
9018
9018
9064
9068
9131
9146
9184
9184
9184
9184
9196
9272
9272
9272
9331
9350
9373
9413
9443
9460
9491
9537
9558
9567
9611
9625
9668
9668
9674
9718
9722
9722
9755
9755
9755
9755
9755
9755
9755
9761
9778
9787
9787
9787
9789
9789
9789
9799
9799
9824
9824
9840
9889
9942
9942
9942
9946
9968
9968
10010
10097
10120
10120
10120
10120
10137
10162
10173
10173
10173
10222
10223
10246
10246
10246
10246
10249
10250
