0
4
5
10
39
52
52
68
103
103
103
122
122
145
145
145
149
149
176
186
198
198
198
198
198
216
216
216
216
216
254
287
324
324
346
351
351
351
359
424
474
477
487
497
498
563
580
587
587
667
700
700
743
745
745
745
759
821
821
821
821
821
832
895
925
989
1054
1086
1086
1093
1099
1101
1165
1189
1189
1220
1257
1280
1307
1373
1447
1467
1513
1561
1561
1561
1603
1613
1613
1651
1722
1745
1782
1789
1789
1789
1811
1847
1867
1877
1912
1933
1946
1969
1969
1992
1992
2010
2010
2075
2134
2157
2223
2242
2244
2294
2314
2341
2378
2385
2396
2491
2533
2579
2600
2600
2607
2659
2668
2693
2709
2723
2723
2792
2859
2861
2895
2903
2923
2933
2970
2970
2988
3002
3002
3015
3015
3046
3112
3112
3154
3162
3178
3193
3250
3267
3284
3304
3304
3304
3306
3344
3344
3344
3371
3371
3383
3390
3390
3390
3409
3443
3456
3456
3456
3476
3498
3530
3543
3543
3587
3587
3587
3587
3601
3609
3609
3646
3676
3676
3680
3717
3783
3793
3793
3813
3840
3849
3849
3849
3889
3905
3905
3905
3915
3915
3953
3990
4018
4018
4031
4031
4039
4075
4114
4114
4138
4147
4184
4184
4184
4184
4229
4253
4259
4259
4259
4276
4319
4319
4319
4368
4382
4426
4434
4470
4470
4485
4498
4498
4498
4548
4548
4562
4624
4660
4660
4660
4660
4722
4826
4837
4846
4919
4962
4989
4989
4989
5002
5026
5033
5060
5060
5060
5060
5060
5110
5113
5235
5249
5302
5302
5318
5321
5374
5374
5374
5409
5436
5439
5439
5449
5465
5465
5482
5505
5505
5530
5634
5646
5649
5649
5663
5708
5754
5858
5862
5936
5954
6040
6046
6046
6047
6058
6076
6076
6082
6082
6121
6151
6151
6238
6316
6316
6316
6359
6359
6385
6404
6404
6404
6438
6495
6495
6495
6498
6506
6506
6506
6506
6506
6530
6549
6550
6554
6589
6606
6606
6667
6726
6742
6754
6773
6786
6797
6797
6797
6797
6797
6801
6801
6801
6802
6885
6904
6918
6918
6918
6918
6927
6927
6927
6945
6961
6966
7011
7011
7038
7059
7059
7059
7059
7059
7059
7070
7134
7134
7134
7134
7143
7192
7192
7192
7222
7241
7267
7267
7267
7288
7310
7310
7310
7310
7310
7380
7463
7480
7480
7507
7512
7512
7551
7582
7582
7609
7609
7641
7641
7641
7641
7641
7648
7683
7716
7751
7832
7878
7878
7906
7956
7956
8009
8031
8052
8069
8153
8155
8155
8190
8210
8240
8242
8289
8297
8297
8312
8312
8366
8420
8478
8556
8582
8620
8620
8620
8661
8667
8669
8671
8699
8715
8772
8783
8794
8840
8849
8872
8872
8960
8994
9027
9038
9104
9104
9148
9160
9186
9260
9260
9293
9313
9342
9387
9429
9429
9455
9478
9484
9543
9543
9543
9543
9607
9725
9740
9812
9882
9943
9994
10001
10015
10045
10052
10085
10105
10106
10119
10141
10141
10161
10219
