0
19
63
119
119
174
192
228
241
244
260
278
289
318
318
342
403
420
437
487
487
487
487
516
576
624
652
768
788
794
794
820
856
856
885
894
945
963
1043
1059
1092
1092
1100
1100
1126
1130
1171
1205
1205
1205
1253
1253
1311
1345
1345
1346
1363
1363
1410
1430
1433
1433
1433
1470
1491
1546
1570
1650
1650
1657
1715
1726
1805
1846
1846
1879
1894
1956
1956
2007
2007
2007
2007
2007
2093
2093
2093
2113
2159
2176
2229
2229
2275
2286
2354
2368
2386
2427
2434
2486
2486
2491
2505
2539
2539
2574
2574
2574
2574
2574
2574
2574
2574
2594
2594
2601
2601
2603
2603
2603
2614
2614
2638
2638
2650
2691
2749
2749
2749
2749
2774
2774
2809
2900
2923
2923
2923
2923
2942
2966
2977
2977
2977
2977
3025
3025
3047
3047
3047
3049
3049
3057
3116
3187
3189
3189
3189
3200
3215
3215
3272
3272
3272
3296
3323
3333
3351
3384
3384
3384
3404
3404
3404
3404
3441
3459
3498
3498
3498
3498
3561
3561
3561
3579
3622
3625
3625
3637
3685
3697
3712
3744
3774
3824
3842
3854
3878
3913
3926
3934
3945
3945
3973
4055
4139
4159
4197
4255
4291
4291
4314
4379
4393
4433
4433
4497
4503
4503
4536
4583
4610
4612
4612
4612
4612
4659
4746
4760
4827
4827
4827
4840
4856
4879
4946
4953
4966
4966
4968
4968
5050
5072
5072
5086
5086
5086
5086
5131
5142
5161
5179
5259
5260
5260
5319
5319
5319
5319
5327
5329
5425
5475
5475
5532
5532
5600
5602
5613
5613
5613
5630
5630
5689
5696
5699
5723
5750
5779
5779
5800
5804
5804
5804
5821
5849
5888
5888
5901
5904
5904
5904
5993
5993
6030
6030
6030
6039
6039
6053
6053
6053
6075
6075
6075
6104
6141
6176
6176
6185
6185
6226
6247
6273
6342
6410
6410
6410
6410
6428
6483
6485
6536
6536
6536
6536
6536
6559
6608
6608
6615
6615
6615
6666
6666
6666
6666
6666
6695
6734
6739
6776
6874
6874
6874
6874
6907
6927
6927
6942
6989
7016
7056
7076
7076
7095
7123
7206
7206
7206
7206
7212
7212
7228
7228
7228
7231
7263
7263
7308
7308
7308
7315
7322
7342
7342
7376
7426
7428
7428
7430
7442
7470
7470
7529
7544
7604
7628
7722
7772
7862
7870
7947
7957
7992
7998
8057
8083
8110
8124
8160
8160
8179
8185
8239
8241
8260
8295
8311
8311
8311
8316
8316
8344
8345
8410
8414
8484
8486
8514
8564
8569
8611
8634
8634
8661
8661
8679
8692
8735
8735
8740
8740
8802
8810
8810
8810
8810
8848
8892
8951
8953
8995
9059
9059
9059
9062
9084
9088
9137
9137
9154
9188
9236
9249
9296
9304
9327
9327
9327
9327
9332
9332
9344
9344
9344
9385
9396
9396
9398
9443
9446
9481
9547
9551
9556
9578
9578
9578
9597
9654
9654
9680
9710
9719
9719
9719
9719
9744
9752
9752
9765
9765
9766
9819
9876
9906
9913
9913
9939
9948
9976
