0
0
0
0
0
0
0
0
0
0
0
0
8
8
8
8
8
17
17
17
17
17
17
17
31
41
45
47
47
66
66
66
79
79
79
80
101
101
101
114
116
120
127
127
127
127
127
132
132
132
132
161
165
165
165
170
170
170
170
170
170
170
170
170
174
178
206
221
234
253
271
271
271
271
271
271
282
282
282
282
285
324
333
349
352
375
383
387
387
387
387
387
387
387
387
404
404
404
404
404
409
409
409
409
409
409
410
410
410
410
410
415
415
415
415
415
415
415
415
415
415
415
415
417
417
417
420
424
424
424
424
424
444
475
475
480
480
480
480
480
480
498
498
498
498
498
499
499
499
499
499
501
504
516
516
516
516
516
516
516
526
536
568
582
601
601
601
601
601
601
619
619
619
625
625
643
674
677
677
677
692
694
694
694
694
694
694
694
700
731
731
731
731
731
731
731
731
731
731
731
731
731
731
739
739
739
739
739
739
739
739
739
739
739
739
739
739
739
739
739
739
739
739
751
766
780
788
815
819
824
824
824
824
824
824
834
836
836
836
846
861
861
866
869
874
875
875
875
875
875
875
875
875
875
875
875
884
894
904
906
906
906
906
906
920
937
937
937
937
937
941
951
961
961
961
961
961
961
961
961
961
961
961
976
980
988
988
988
988
988
988
988
988
988
1003
1005
1011
1021
1021
1021
1021
1021
1025
1030
1030
1030
1030
1030
1030
1030
1030
1030
1030
1030
1030
1030
1030
1030
1040
1042
1067
1096
1099
1099
1099
1099
1099
1099
1099
1123
1123
1129
1133
1149
1149
1149
1162
1162
1162
1162
1162
1162
1162
1162
1162
1162
1162
1162
1162
1162
1162
1162
1162
1162
1162
1162
1162
1162
1182
1190
1190
1191
1191
1195
1195
1195
1195
1195
1195
1195
1195
1206
1206
1206
1207
1213
1213
1215
1215
1215
1215
1215
1215
1215
1215
1215
1216
1216
1220
1224
1234
1253
1253
1253
1253
1253
1273
1273
1273
1273
1273
1273
1273
1273
1273
1273
1273
1273
1273
1273
1273
1273
1297
1305
1331
1362
1379
1379
1414
1414
1414
1414
1414
1414
1418
1444
1444
1444
1445
1445
1457
1460
1460
1460
1460
1460
1460
1460
1460
1460
1460
1460
1460
1460
1460
1460
1467
1474
1474
1474
1474
1474
1474
1474
1474
1481
1485
1485
1485
1485
1485
1485
1485
1485
1485
1499
1499
1499
1505
1509
1509
1513
1521
1521
1521
1521
1521
1521
1521
1539
1540
1540
1554
1556
1565
1569
1569
1569
1569
1571
1597
1597
1597
1597
1598
1602
1602
1602
1602
1602
1602
