0
0
0
0
0
0
0
0
0
0
0
0
0
0
0
0
0
0
0
0
0
0
0
0
0
0
0
0
0
0
0
0
0
0
0
0
0
0
0
0
0
0
2
2
2
2
2
3
3
3
3
35
37
37
37
41
41
41
41
41
41
41
41
41
41
43
68
82
97
116
134
134
134
134
134
134
144
148
148
148
148
188
197
211
215
236
246
252
252
252
252
252
252
252
252
252
252
252
252
252
252
252
252
252
252
252
252
252
252
252
252
254
254
254
254
254
254
254
254
254
254
254
254
254
254
254
254
254
254
254
254
254
272
303
303
307
307
307
307
307
307
316
316
316
316
316
318
318
318
318
318
318
321
332
332
332
332
332
332
332
342
355
385
402
419
419
419
419
419
419
435
437
437
440
440
459
492
495
495
495
508
512
512
512
512
512
512
512
512
523
523
523
523
523
523
523
523
523
523
523
523
523
523
523
523
523
523
523
523
523
523
523
523
523
523
523
523
523
523
523
523
523
523
523
524
538
547
575
578
584
584
584
584
584
584
585
592
592
592
600
614
614
618
622
628
628
628
628
628
628
628
628
628
628
628
628
635
649
656
659
659
659
659
659
669
686
686
686
686
686
690
703
710
710
710
710
710
710
710
710
710
710
710
710
710
717
717
717
717
717
717
717
717
717
717
717
718
729
729
729
729
729
734
737
737
737
737
737
737
737
737
737
737
737
737
737
737
737
737
737
752
778
783
783
783
783
783
783
783
783
783
783
783
787
787
787
800
801
801
801
801
801
801
801
801
801
801
801
801
801
801
801
801
801
801
801
801
801
801
801
801
801
801
801
801
801
801
801
801
801
801
801
801
801
801
801
801
801
801
801
801
801
801
801
801
801
801
801
801
801
801
801
801
801
801
801
812
812
812
812
812
812
812
812
812
812
812
812
812
812
812
812
816
825
853
882
899
899
932
932
932
932
932
932
932
934
934
934
937
937
947
948
948
948
948
951
951
951
951
951
951
951
951
951
951
951
957
963
963
963
963
963
963
963
963
963
963
963
963
963
963
963
963
963
963
973
973
974
979
984
984
989
996
996
996
996
996
996
996
1016
1016
1016
1027
1032
1040
1044
1044
1044
1044
1044
1068
1068
1068
1068
1070
1070
1070
1070
1070
1070
1070
