0
0
0
0
0
0
0
0
0
0
0
0
0
0
0
0
0
0
0
0
0
0
0
0
0
0
0
0
0
0
0
0
0
0
0
0
0
0
0
0
0
0
0
0
0
0
0
0
0
0
0
0
0
0
0
0
0
0
0
0
0
0
0
0
10
10
13
18
22
22
22
22
22
22
22
22
22
22
22
22
31
43
52
55
55
55
55
55
65
82
82
82
82
82
87
96
106
106
106
106
106
106
106
106
106
106
106
106
106
111
111
111
111
111
111
111
111
111
111
111
115
125
125
125
125
125
131
135
135
135
135
135
135
135
135
135
135
135
135
135
135
135
135
135
147
176
178
178
178
178
178
178
178
178
178
178
178
184
184
184
197
197
197
197
197
197
197
197
197
197
197
197
197
197
197
197
197
197
197
197
197
197
197
197
197
197
197
197
197
197
197
197
197
197
197
197
197
197
197
197
197
197
197
197
197
197
197
197
197
197
197
197
197
197
197
197
197
197
197
197
209
209
209
209
209
209
209
209
209
209
209
209
209
209
209
209
211
220
248
276
296
296
327
327
327
327
327
327
327
331
331
331
332
332
344
349
349
349
349
349
349
349
349
349
349
349
349
349
349
349
354
360
360
360
360
360
360
360
360
360
360
360
360
360
360
360
360
360
360
371
371
371
375
381
381
384
392
392
392
392
392
392
392
411
411
411
425
428
435
440
440
440
440
440
462
462
462
462
465
467
467
467
467
467
467
467
467
467
467
467
467
477
481
512
513
544
562
562
562
562
562
562
562
585
585
585
591
591
627
628
628
628
639
650
657
657
657
657
657
657
657
660
681
681
681
681
681
681
681
681
681
681
681
681
681
681
681
681
681
681
681
681
681
681
681
692
704
708
708
708
728
728
728
742
742
742
742
763
763
763
778
780
783
790
790
790
790
790
793
793
793
793
824
825
825
825
830
830
830
830
830
830
830
830
830
830
833
856
877
887
904
922
922
922
922
922
922
934
934
934
936
940
979
988
1002
1004
1028
1038
1038
1038
1038
1038
1038
1038
1038
1038
1038
1038
1038
1038
1038
1044
1044
1044
1044
1044
1044
1044
1044
1044
1044
1044
1044
1044
1044
1044
1044
1044
1044
1044
1044
1044
1044
1044
1044
1044
1044
1044
1044
1044
1044
1044
1044
1074
1091
1091
1097
1097
1097
1097
1097
