0
0
0
0
0
0
0
0
0
0
0
0
0
0
0
0
0
0
0
0
0
0
0
0
0
0
1
1
1
1
1
1
4
7
29
45
45
51
51
51
51
51
51
51
66
67
67
67
67
67
67
67
67
76
76
76
76
76
76
76
81
82
90
90
98
98
98
98
98
98
98
101
101
101
101
107
107
107
107
107
107
107
107
107
107
114
114
130
130
130
130
130
130
130
130
130
130
130
130
130
130
130
130
130
130
130
130
130
130
130
130
130
130
130
130
130
130
130
130
132
150
150
150
150
150
150
159
172
182
190
200
210
210
210
210
210
210
210
237
237
237
237
237
237
237
239
264
273
273
273
273
273
273
273
273
273
273
277
287
296
296
296
296
296
296
296
296
296
296
296
296
296
296
296
296
296
296
296
296
296
296
296
296
296
296
296
296
296
296
296
296
296
296
296
296
296
296
296
296
296
296
296
296
296
296
296
296
296
296
296
296
296
296
308
324
324
325
327
327
327
327
333
333
333
333
342
342
354
359
359
359
359
392
394
394
394
398
401
408
411
428
431
431
431
431
431
431
431
431
431
431
431
431
431
431
431
431
431
431
431
431
431
431
431
431
431
431
431
431
431
431
431
431
431
431
431
431
431
431
431
431
431
431
431
431
432
433
444
446
446
446
446
446
446
446
446
446
446
446
446
446
446
446
446
446
446
446
450
456
456
456
464
464
464
464
464
464
465
466
477
477
489
491
493
493
493
506
509
509
509
509
509
509
513
513
513
513
513
513
513
513
513
516
516
516
516
516
516
516
516
516
516
516
516
516
516
516
516
516
516
516
516
516
516
516
516
516
516
516
516
516
516
516
516
516
516
516
516
516
516
517
537
537
537
537
538
550
550
550
550
550
550
550
550
550
550
550
550
550
550
550
554
564
570
570
570
570
570
570
574
576
589
598
622
639
644
644
644
644
644
649
650
650
650
650
650
655
663
671
671
671
671
671
671
671
671
680
680
680
680
680
680
680
680
680
680
680
680
680
680
680
680
680
680
680
680
680
680
680
680
680
680
680
680
680
680
680
680
680
680
680
680
680
680
680
680
680
680
680
694
699
699
699
699
699
699
699
699
699
699
699
699
699
699
699
699
708
708
708
708
708
