0
0
0
0
0
0
0
0
0
0
0
1
25
38
38
44
44
44
44
44
44
52
52
52
52
52
52
52
52
52
55
55
65
70
70
70
70
70
70
72
85
102
136
147
155
155
155
155
155
155
172
172
172
178
178
210
229
230
230
235
248
248
248
248
248
248
248
248
248
266
266
266
266
266
266
266
266
266
266
266
266
266
266
266
266
266
266
266
266
266
266
266
266
266
266
266
266
266
266
266
266
266
266
266
282
296
310
325
332
333
333
333
333
333
333
339
339
339
347
355
363
363
372
372
378
378
378
378
378
378
378
378
378
378
378
378
387
396
408
409
409
409
409
409
431
437
437
437
437
437
442
451
460
460
460
460
460
460
460
460
460
460
460
460
468
468
468
468
468
468
468
468
468
468
468
472
476
482
482
482
482
482
491
491
491
491
491
491
491
491
491
491
491
491
491
491
491
491
491
498
519
539
543
543
543
543
543
543
543
546
546
555
574
574
574
574
586
586
586
586
586
586
586
586
586
586
586
586
586
586
586
586
586
586
586
586
586
586
592
594
594
596
596
600
600
600
600
600
600
600
600
600
600
600
600
600
600
601
601
601
601
601
601
601
601
601
601
601
601
601
609
619
619
619
619
619
640
640
640
640
640
640
640
640
640
640
640
640
640
640
640
640
654
660
684
720
730
749
762
762
762
762
762
762
762
773
773
773
775
775
789
789
789
789
789
789
789
789
789
789
789
789
789
789
789
789
802
803
803
803
803
803
803
803
803
803
803
803
803
803
803
803
803
803
807
813
813
817
824
824
828
828
835
835
835
835
835
835
835
854
855
855
867
879
879
882
882
882
882
886
906
906
906
906
911
911
911
911
911
911
911
911
911
911
911
911
925
932
950
966
968
1009
1015
1015
1015
1015
1015
1015
1015
1037
1037
1042
1045
1050
1081
1081
1081
1081
1101
1113
1113
1113
1113
1113
1113
1113
1113
1119
1133
1133
1133
1133
1133
1133
1133
1133
1133
1133
1133
1133
1133
1133
1133
1133
1133
1133
1133
1133
1133
1133
1133
1157
1160
1162
1162
1164
1181
1181
1194
1195
1195
1195
1209
1217
1217
1217
1233
1233
1236
1243
1243
1243
1243
1243
1245
1245
1245
1266
1278
1279
1279
1284
1284
1284
1284
1284
1284
1284
1284
1284
1284
1284
1303
1314
1332
1350
1373
1376
1376
1376
1376
1376
1376
1387
1387
1387
1389
1410
1435
1442
1453
