0
0
0
0
0
0
0
0
0
0
0
3
14
14
14
14
14
14
14
14
14
14
14
14
14
14
14
14
14
14
14
14
14
14
14
14
14
14
14
14
14
14
14
14
14
14
14
14
14
14
14
14
14
14
14
14
14
14
14
14
14
14
14
14
14
14
14
14
14
14
14
22
25
25
25
25
25
25
25
25
25
25
25
25
25
25
25
25
37
49
94
112
112
145
145
145
145
145
145
145
145
150
150
150
150
155
162
162
162
162
163
163
163
163
163
163
163
163
163
163
163
168
177
177
177
177
177
177
177
177
177
177
177
177
177
177
177
177
177
177
185
189
189
192
198
198
201
210
210
210
210
210
210
210
225
227
228
234
243
253
257
257
257
257
257
278
281
281
281
283
285
285
285
285
285
285
285
285
285
285
285
285
289
295
329
329
356
379
379
379
379
379
379
379
397
400
400
409
409
438
446
446
446
449
468
475
475
475
475
475
475
475
475
496
497
497
497
497
497
497
497
497
497
497
497
497
497
497
497
497
497
497
497
497
497
497
507
521
524
526
526
545
545
545
559
559
559
559
579
580
580
591
597
600
607
607
607
607
607
610
610
610
610
640
642
642
642
648
648
648
648
648
648
648
648
648
648
648
673
682
702
721
741
741
741
741
741
741
748
751
751
751
754
793
799
817
820
839
852
856
856
856
856
856
856
856
856
856
856
856
856
856
856
857
857
857
857
857
857
857
857
857
857
859
859
859
859
859
859
859
859
859
859
859
859
859
859
859
859
859
859
859
859
859
874
907
907
912
913
913
913
913
913
921
921
921
921
921
921
921
921
921
921
924
927
938
938
938
938
938
938
938
948
958
987
1006
1025
1025
1025
1025
1025
1025
1037
1041
1041
1046
1046
1063
1089
1099
1099
1099
1114
1119
1119
1119
1119
1119
1119
1119
1119
1129
1129
1129
1129
1129
1129
1129
1129
1129
1129
1129
1129
1129
1129
1129
1129
1129
1129
1129
1129
1129
1129
1129
1129
1129
1129
1129
1129
1129
1129
1129
1129
1129
1129
1129
1130
1145
1156
1181
1181
1191
1191
1191
1191
1191
1191
1191
1194
1194
1194
1207
1219
1219
1219
1229
1229
1234
1234
1234
1234
1234
1234
1234
1234
1234
1234
1234
1241
1251
1261
1266
1266
1266
1266
1266
1274
1292
1292
1292
1292
1292
1296
1306
1315
1315
1315
1315
1315
1315
1315
1315
1315
1315
1315
1315
1315
1321
1321
1321
1321
