0
0
0
6
6
6
9
14
14
14
14
27
53
65
65
70
70
70
70
70
82
99
99
99
99
101
103
103
103
103
105
105
116
120
120
120
120
120
120
123
137
152
186
198
208
208
208
208
208
208
236
236
236
241
241
274
294
294
294
300
311
313
313
313
313
318
318
319
342
359
359
359
359
359
359
359
359
359
365
366
370
370
370
377
377
377
377
377
377
377
377
377
377
377
377
377
377
384
385
385
385
385
392
399
421
435
450
464
469
472
472
472
472
472
472
497
497
497
507
514
522
522
530
530
535
535
535
535
535
535
535
535
535
535
535
543
553
562
573
575
575
575
575
575
609
614
614
614
614
614
620
628
639
639
639
639
639
639
639
639
641
646
653
666
678
678
678
678
678
678
678
678
678
679
706
711
715
720
720
720
720
720
733
733
733
733
733
733
733
733
733
734
734
734
734
734
734
734
754
768
789
809
812
812
812
812
812
812
816
843
843
853
871
871
871
871
884
884
884
884
887
887
887
887
887
887
887
889
889
889
889
889
890
890
890
890
890
890
926
927
927
930
930
932
932
932
932
932
938
938
940
951
951
954
961
961
961
963
963
963
963
963
963
963
963
963
971
973
976
989
998
1009
1009
1009
1009
1010
1035
1035
1035
1035
1043
1043
1043
1043
1043
1043
1043
1043
1043
1043
1043
1045
1086
1091
1116
1152
1161
1180
1194
1194
1194
1194
1194
1199
1214
1235
1235
1235
1235
1235
1249
1249
1249
1249
1249
1249
1249
1249
1249
1249
1249
1249
1249
1249
1249
1249
1265
1265
1265
1265
1265
1265
1265
1265
1271
1285
1285
1285
1285
1285
1285
1285
1285
1285
1300
1308
1308
1311
1318
1318
1322
1322
1329
1329
1329
1329
1335
1335
1339
1358
1359
1359
1371
1382
1382
1385
1385
1385
1385
1401
1423
1423
1423
1423
1428
1428
1428
1428
1428
1428
1428
1428
1428
1428
1428
1444
1470
1477
1495
1512
1513
1555
1559
1559
1559
1559
1559
1559
1563
1595
1595
1598
1603
1608
1638
1638
1638
1638
1658
1668
1668
1668
1668
1668
1668
1668
1673
1685
1699
1699
1699
1699
1699
1699
1699
1699
1699
1699
1711
1716
1716
1716
1716
1726
1726
1726
1726
1726
1726
1726
1726
1752
1755
1758
1758
1760
1776
1776
1789
1791
1791
1791
1806
1811
1811
1813
1827
1828
1831
1838
1838
1838
1838
1848
1854
1854
1854
1876
1887
1887
1887
1894
1894
1894
1894
1894
1894
1894
1894
1894
1903
1912
1932
1943
1962
1979
2001
2005
2005
2005
2005
2005
2005
2017
2017
2017
2019
2040
2065
2071
2083
