0
0
0
0
0
0
0
0
0
0
0
0
0
0
0
0
0
0
0
0
0
0
0
0
0
0
0
0
0
0
0
0
0
0
0
0
0
0
0
0
0
0
0
0
0
0
0
0
0
0
0
0
0
0
0
0
0
0
0
0
0
0
0
0
0
0
3
7
14
14
14
14
14
14
14
14
14
14
14
14
20
34
42
44
44
44
44
44
55
72
72
72
72
72
75
88
97
97
97
97
97
97
97
97
97
97
97
97
97
102
102
102
102
102
102
102
102
102
102
102
103
115
115
115
115
115
119
123
123
123
123
123
123
123
123
123
123
123
123
123
123
123
123
123
137
164
169
169
169
169
169
169
169
169
169
169
169
172
172
172
185
187
187
187
187
187
187
187
187
187
187
187
187
187
187
187
187
187
187
187
187
187
187
187
187
187
187
187
187
187
187
187
187
187
187
187
187
187
187
187
187
187
187
187
187
187
187
187
187
187
187
187
187
187
187
187
187
187
187
187
198
198
198
198
198
198
198
198
198
198
198
198
198
198
198
198
201
210
238
267
285
285
318
318
318
318
318
318
318
319
319
319
322
322
333
334
334
334
334
335
335
335
335
335
335
335
335
335
335
335
343
349
349
349
349
349
349
349
349
349
349
349
349
349
349
349
349
349
349
359
359
360
364
369
369
374
382
382
382
382
382
382
382
402
402
402
413
417
425
429
429
429
429
429
453
453
453
453
455
456
456
456
456
456
456
456
456
456
456
456
456
466
471
501
502
534
552
552
552
552
552
552
552
573
573
573
581
581
621
621
621
621
630
640
648
648
648
648
648
648
648
648
670
670
670
670
670
670
670
670
670
670
670
670
670
670
670
670
670
670
670
670
670
670
670
683
693
698
698
698
718
718
718
732
732
732
732
753
753
753
767
768
771
780
780
780
780
780
781
781
781
781
812
814
814
814
820
820
820
820
820
820
820
820
820
820
821
847
865
877
893
912
912
912
912
912
912
926
926
926
926
930
968
977
989
993
1018
1029
1029
1029
1029
1029
1029
1029
1029
1029
1029
1029
1029
1029
1029
1029
1029
1029
1029
1029
1029
1029
1029
1029
1029
1029
1032
1032
1032
1032
1032
1032
1032
1032
1032
1032
1032
1032
1032
1032
1032
1032
1032
1032
1032
1032
1032
1063
1080
1080
1084
1085
1085
1085
1085
