0
0
0
0
0
0
21
21
34
46
48
48
48
48
48
48
75
76
76
76
76
76
76
76
92
111
111
111
111
111
111
111
111
111
111
115
125
129
135
135
135
135
135
135
135
135
135
135
135
135
135
135
135
135
135
135
135
135
135
135
135
135
135
135
135
135
135
135
135
135
135
135
135
135
135
135
135
135
135
135
135
135
135
135
135
135
135
135
135
135
135
139
159
165
165
168
168
168
168
168
175
175
175
183
183
187
200
200
200
200
230
235
235
235
239
241
249
252
258
273
273
273
273
273
273
273
273
273
273
273
273
273
273
273
273
273
273
273
273
273
273
273
273
273
273
273
273
273
273
273
273
273
273
273
273
273
273
273
273
273
273
273
273
274
274
276
288
288
288
288
288
288
288
288
288
288
288
288
288
288
288
288
288
288
288
288
292
296
296
306
306
306
306
306
306
306
308
319
319
325
333
333
334
334
347
350
350
350
350
350
350
354
354
354
354
354
354
354
354
354
354
357
357
357
357
357
357
357
357
357
357
357
357
357
357
357
357
357
357
357
357
357
357
357
357
357
357
357
357
357
357
357
357
357
357
357
357
357
357
365
377
377
377
377
389
389
389
389
389
389
389
389
389
389
389
389
389
389
389
389
400
408
408
408
408
408
408
408
413
413
427
459
459
481
481
481
481
481
481
488
488
488
488
488
488
501
507
509
509
509
509
509
509
509
516
518
518
518
518
518
518
518
518
518
518
518
518
518
518
518
518
518
518
518
518
518
518
518
518
518
518
518
518
518
518
518
518
518
518
518
518
518
518
518
518
518
518
531
538
538
538
538
538
538
538
538
538
538
538
538
538
538
538
538
547
547
547
547
547
547
547
547
558
558
565
578
584
587
587
587
587
587
587
589
589
589
589
589
589
589
589
589
589
589
589
589
589
589
591
595
595
595
595
595
595
595
595
595
595
595
595
595
595
595
595
595
595
595
595
595
595
595
595
595
595
595
595
595
595
595
595
596
596
596
596
596
596
596
599
625
625
640
646
646
646
646
646
646
646
661
663
663
663
663
663
663
663
663
671
671
671
671
671
671
671
671
676
676
685
692
692
692
692
692
692
692
694
694
694
694
701
701
701
701
701
701
701
701
701
701
707
