0
0
0
0
0
0
0
0
0
0
0
0
0
0
0
0
0
0
0
0
0
0
0
0
0
0
0
0
0
0
0
0
0
0
0
0
0
0
0
0
0
0
0
0
0
0
0
0
0
0
0
0
0
0
0
0
0
0
0
0
0
0
0
3
17
17
22
25
30
30
30
30
30
30
30
30
30
30
30
30
38
50
59
62
62
62
62
62
74
93
93
93
93
93
94
107
114
114
114
114
114
114
114
114
114
114
114
114
114
120
120
120
120
120
120
120
120
120
120
120
123
135
135
135
135
135
136
143
143
143
143
143
143
143
143
143
143
143
143
143
143
143
143
143
155
181
185
185
185
185
185
185
185
185
185
185
185
191
191
191
203
208
208
208
208
208
208
208
208
208
208
208
208
208
208
208
208
208
208
208
208
208
208
208
208
208
208
208
208
208
208
208
208
208
208
208
208
208
208
208
208
208
208
208
208
208
208
208
208
208
208
208
208
208
208
208
208
208
208
208
217
217
217
217
217
217
217
217
217
217
217
217
217
217
217
217
222
229
257
285
303
303
335
335
335
335
335
335
335
337
337
337
338
338
351
353
353
353
353
353
353
353
353
353
353
353
353
353
353
353
361
367
367
367
367
367
367
367
367
367
367
367
367
367
367
367
367
367
367
378
378
378
383
388
388
392
400
400
400
400
400
400
400
419
420
420
432
435
442
448
448
448
448
448
471
471
471
471
474
475
475
475
475
475
475
475
475
475
475
475
475
484
488
519
521
552
571
571
571
571
571
571
571
592
592
592
599
599
636
637
637
637
652
658
665
665
665
665
665
665
665
665
688
688
688
688
688
688
688
688
688
688
688
688
688
688
688
688
688
688
688
688
688
688
688
702
710
715
715
717
737
737
737
749
749
749
750
770
770
770
786
787
790
798
798
798
798
798
799
799
799
799
831
834
834
834
839
839
839
839
839
839
839
839
839
839
839
865
884
895
912
930
930
930
930
930
930
941
941
941
944
950
987
995
1007
1013
1035
1046
1046
1046
1046
1046
1046
1046
1046
1046
1046
1046
1046
1046
1046
1047
1047
1047
1047
1047
1047
1047
1047
1047
1047
1047
1050
1050
1050
1050
1050
1050
1050
1050
1050
1050
1050
1050
1050
1050
1050
1050
1050
1050
1050
1050
1050
1081
1098
1098
1105
1105
1105
1105
1105
