0
0
0
0
0
4
4
13
31
31
31
35
44
44
44
44
44
44
44
44
44
44
44
44
44
44
44
44
44
44
44
44
44
44
54
54
56
56
59
59
59
59
59
59
59
59
59
59
59
59
59
59
60
60
60
60
60
60
60
60
60
60
60
60
60
60
79
79
79
79
79
95
100
100
100
100
100
100
100
100
100
100
100
100
100
100
100
100
114
125
172
190
190
221
221
221
221
221
221
221
225
233
233
233
233
241
247
247
247
247
247
247
247
247
247
247
247
247
247
247
247
252
261
261
261
261
261
261
261
261
261
261
261
261
261
261
261
261
261
261
270
273
273
276
283
283
287
295
295
295
295
295
295
295
309
313
314
320
329
338
341
341
341
341
341
364
365
365
365
366
370
370
370
370
370
370
370
370
370
370
370
378
384
392
425
425
451
475
475
475
475
475
475
475
492
497
497
504
504
533
541
541
541
545
566
572
572
572
572
572
572
572
572
592
593
593
593
593
593
593
593
593
593
593
593
593
593
593
593
593
593
593
593
593
593
593
602
616
620
621
621
641
641
641
655
655
655
655
674
676
676
688
693
696
703
703
703
703
703
705
705
705
705
735
738
738
738
744
744
744
744
744
744
744
744
744
744
744
770
778
799
818
835
836
836
836
836
836
844
846
846
846
849
888
895
913
917
936
948
951
951
951
951
951
951
951
951
951
951
951
951
951
951
953
953
953
953
953
953
953
953
953
953
956
956
956
956
956
956
956
956
956
956
956
956
956
956
956
956
956
956
956
956
956
969
1003
1004
1009
1009
1009
1009
1009
1009
1018
1018
1018
1018
1018
1018
1018
1018
1018
1018
1020
1024
1034
1034
1034
1034
1034
1034
1034
1044
1052
1083
1102
1121
1121
1121
1121
1121
1121
1133
1137
1137
1142
1142
1159
1187
1194
1194
1194
1210
1214
1214
1214
1214
1214
1214
1214
1214
1232
1232
1232
1232
1232
1232
1232
1232
1232
1232
1232
1232
1232
1232
1232
1232
1232
1232
1232
1232
1232
1232
1232
1232
1232
1232
1232
1232
1232
1232
1232
1232
1232
1232
1232
1241
1256
1264
1292
1292
1300
1300
1300
1300
1300
1300
1300
1305
1305
1305
1315
1330
1330
1330
1338
1338
1344
1344
1344
1344
1344
1344
1344
1344
1344
1344
1344
1352
1363
1373
1376
1376
1376
1376
1376
1386
1403
1403
1403
1403
1403
1408
1417
1427
1427
1427
1427
1427
1427
1427
1427
1427
1427
1427
1427
1427
1437
1437
1437
1437
