0
0
0
0
5
5
5
5
5
5
5
7
7
7
7
20
20
20
20
20
20
20
20
20
20
20
20
23
23
23
23
23
23
23
23
23
23
51
73
73
73
74
74
74
81
86
93
93
95
116
116
125
135
135
135
138
179
181
181
182
201
202
209
213
228
233
233
233
233
233
233
233
243
243
243
243
243
243
243
243
243
243
243
243
243
243
243
243
243
243
243
243
243
243
247
247
247
247
255
258
260
260
260
260
260
260
260
260
270
282
284
287
298
298
298
298
298
298
298
298
298
305
305
305
305
305
305
306
306
306
306
327
334
334
334
343
343
345
347
356
357
365
366
377
377
386
390
393
393
393
414
419
419
419
419
420
428
442
442
442
442
442
442
442
444
448
465
465
465
465
465
465
465
465
465
465
465
465
465
465
465
465
465
465
465
465
465
465
465
465
465
465
469
470
470
470
470
470
470
470
470
470
483
484
490
503
510
510
510
528
541
541
541
541
541
545
545
555
555
555
555
564
564
564
564
579
589
593
593
593
593
596
598
615
617
630
640
663
677
685
685
685
685
686
710
712
712
712
712
712
732
742
749
749
749
749
749
751
764
764
777
777
777
777
777
781
781
781
781
781
781
781
781
781
781
781
788
788
788
788
788
788
795
795
795
795
795
795
795
795
795
795
795
795
795
795
799
799
799
810
813
813
813
833
839
839
839
839
839
839
839
852
852
852
852
852
852
852
852
858
881
881
881
881
881
882
883
909
910
917
920
930
939
939
939
939
939
939
945
945
945
945
952
952
959
959
959
959
959
959
959
972
976
976
984
984
984
984
984
984
984
984
984
986
986
986
986
986
986
986
986
986
986
986
986
986
993
993
993
993
993
993
993
993
993
993
1004
1013
1013
1013
1019
1019
1019
1032
1040
1057
1071
1071
1080
1080
1080
1080
1080
1086
1097
1117
1117
1117
1117
1117
1117
1117
1117
1131
1143
1143
1143
1143
1143
1143
1143
1168
1169
1177
1179
1186
1186
1186
1186
1186
1186
1194
1210
1210
1210
1210
1221
1221
1223
1224
1224
1224
1224
1231
1231
1235
1243
1243
1261
1261
1261
1261
1261
1261
1261
1261
1261
1261
1264
1264
1264
1264
1264
1264
1264
1264
1264
1264
1264
1264
1264
1264
1264
1264
1264
1264
1264
1264
1264
1264
1284
1304
1304
1306
1306
1306
1306
1322
1335
1345
1353
1363
1372
1372
1372
1372
1372
1372
1379
1406
1406
