0
0
0
0
0
0
0
0
0
0
0
0
0
7
11
12
12
12
12
12
12
21
21
21
21
21
21
21
21
21
23
23
34
38
38
38
38
38
38
41
55
71
104
116
125
125
125
125
125
125
140
140
140
146
146
180
198
199
199
205
217
218
218
218
218
218
218
218
218
229
229
229
229
229
229
229
229
229
229
229
229
229
229
229
229
229
229
229
229
229
229
229
229
229
229
229
229
229
229
229
229
229
229
229
237
251
265
281
287
290
290
290
290
290
290
294
294
294
306
312
319
319
329
329
334
334
334
334
334
334
334
334
334
334
334
334
342
351
363
366
366
366
366
366
387
392
392
392
392
392
397
406
415
415
415
415
415
415
415
415
415
415
415
415
420
420
420
420
420
420
420
420
420
420
420
424
428
435
435
435
435
435
443
443
443
443
443
443
443
443
443
443
443
443
443
443
443
443
443
444
466
484
488
488
488
488
488
488
488
488
488
488
493
493
493
493
506
506
506
506
506
506
506
506
506
506
506
506
506
506
506
506
506
506
506
506
506
506
506
506
506
506
506
506
506
506
506
506
506
506
506
506
506
506
506
506
506
506
506
506
506
506
506
506
506
506
506
506
506
506
506
506
506
506
506
506
518
518
518
518
518
518
518
518
518
518
518
518
518
518
518
518
529
535
560
596
605
625
637
637
637
637
637
637
637
641
641
641
641
641
654
654
654
654
655
655
655
655
655
655
655
655
655
655
655
655
669
669
669
669
669
669
669
669
669
669
669
669
669
669
669
669
669
669
672
681
681
682
691
691
693
693
702
702
702
702
702
702
703
719
720
720
734
745
745
750
750
750
750
752
773
773
773
773
777
777
777
777
777
777
777
777
777
777
777
777
781
787
806
822
824
865
872
872
872
872
872
872
872
893
893
896
901
908
938
938
938
938
957
967
967
967
967
967
967
967
967
977
989
989
989
989
989
989
989
989
989
989
989
989
989
989
989
989
989
989
989
989
989
989
989
1013
1016
1019
1019
1020
1038
1038
1051
1051
1051
1051
1066
1073
1073
1077
1089
1090
1092
1099
1099
1099
1099
1099
1103
1103
1103
1122
1134
1135
1135
1140
1140
1140
1140
1140
1140
1140
1140
1140
1140
1140
1157
1170
1188
1206
1229
1233
1233
1233
1233
1233
1233
1243
1243
1243
1246
1267
1292
1298
1309
