0
0
0
0
0
0
0
0
0
0
0
0
0
0
0
0
0
0
0
0
0
4
5
5
5
5
5
5
6
6
6
20
21
24
34
47
47
47
65
78
78
78
78
78
82
82
92
92
92
92
101
101
101
101
114
125
129
129
129
129
133
134
147
153
159
171
199
212
221
221
221
221
221
246
249
249
249
249
250
254
280
287
287
287
287
287
287
302
302
313
315
315
315
315
320
320
320
320
320
320
320
320
320
320
321
328
328
328
328
328
328
337
337
337
337
337
337
337
337
337
337
337
337
337
337
341
341
341
344
356
356
356
375
381
381
381
381
381
381
381
395
395
395
395
395
395
395
395
399
424
424
424
424
424
425
427
445
453
457
462
473
482
482
482
482
482
482
488
488
488
488
493
495
495
501
501
502
502
502
502
504
518
518
525
526
526
526
526
526
526
526
526
528
528
528
528
529
529
529
529
529
529
529
529
529
537
537
537
537
537
537
537
537
537
537
548
557
557
557
564
564
564
568
577
602
607
616
624
624
624
624
624
630
630
659
660
660
660
660
660
660
660
675
687
687
687
687
687
687
687
705
713
715
722
730
730
730
730
730
730
737
754
754
754
754
765
765
765
767
767
767
767
774
774
774
785
785
804
804
804
804
804
804
804
804
804
804
807
807
807
807
807
807
807
807
807
807
807
807
807
807
807
807
807
807
807
807
807
807
827
847
847
848
848
848
848
862
864
887
888
904
915
915
915
915
915
915
919
950
950
950
950
959
959
959
972
997
1005
1005
1005
1005
1005
1005
1005
1014
1016
1024
1028
1038
1048
1048
1048
1048
1048
1048
1048
1048
1048
1048
1057
1057
1057
1057
1057
1057
1057
1057
1057
1057
1060
1066
1066
1066
1066
1066
1066
1066
1068
1068
1068
1069
1081
1081
1081
1081
1081
1081
1081
1081
1081
1081
1081
1081
1086
1086
1086
1086
1086
1086
1086
1086
1086
1086
1113
1135
1135
1135
1137
1137
1137
1144
1144
1155
1155
1158
1179
1179
1187
1197
1197
1197
1199
1240
1242
1242
1242
1262
1264
1271
1274
1289
1294
1294
1294
1294
1294
1294
1294
1304
1304
1304
1304
1304
1304
1304
1304
1304
1304
1304
1304
1304
1304
1304
1304
1304
1304
1304
1304
1304
1304
1310
1310
1310
1310
1318
1322
1323
1323
1323
1323
1323
1323
1323
1323
1332
1345
1345
1350
1360
1360
1360
1360
1360
1360
1360
1360
1360
1366
1366
1366
1366
1366
1366
1366
1366
1366
1366
1385
1394
1394
1394
