0
0
0
0
0
0
0
0
0
0
0
0
0
0
0
0
0
0
0
0
0
0
0
0
0
0
0
0
0
0
0
0
0
0
0
0
0
0
0
0
0
0
0
0
0
0
0
0
0
0
0
0
3
9
9
9
9
9
9
11
14
14
14
25
39
39
43
48
54
54
54
54
54
54
54
54
54
54
54
54
60
72
81
84
84
84
84
84
96
111
111
111
111
111
117
127
136
136
136
136
136
136
136
136
136
136
136
136
136
141
141
141
141
141
141
141
141
141
141
141
146
156
156
156
156
156
159
163
163
163
163
163
163
163
163
163
163
163
163
163
163
163
163
163
176
204
208
208
208
208
208
208
208
208
208
208
208
214
214
214
226
226
226
226
226
226
226
226
226
226
226
226
226
226
226
226
226
226
226
226
226
226
226
226
226
226
226
226
226
226
226
226
226
226
226
226
226
226
226
226
226
226
226
226
226
226
226
226
226
226
226
226
226
226
226
226
226
226
226
226
237
237
237
237
237
237
237
237
237
237
237
237
237
237
237
237
241
250
277
306
325
325
357
357
357
357
357
357
357
361
361
361
363
363
374
375
375
375
375
375
375
375
375
375
375
375
375
375
375
375
383
390
390
390
390
390
390
390
390
390
390
390
390
390
390
390
390
390
390
400
400
400
405
410
410
414
425
425
425
425
425
425
425
443
443
443
454
456
465
470
470
470
470
470
495
495
495
495
495
497
497
497
497
497
497
497
497
497
497
497
497
507
509
542
543
575
591
591
591
591
591
591
591
613
613
613
621
621
657
658
658
658
672
680
688
688
688
688
688
688
688
688
710
710
710
710
710
710
710
710
710
710
710
710
710
710
710
710
710
710
710
710
710
710
710
723
732
739
739
739
758
758
758
771
771
771
772
792
792
792
808
810
815
819
819
819
819
819
823
823
823
823
852
854
854
854
861
861
861
861
861
861
861
861
861
861
861
888
905
918
934
951
951
951
951
951
951
963
963
963
965
970
1011
1017
1030
1035
1057
1067
1067
1067
1067
1067
1067
1067
1067
1067
1067
1067
1067
1067
1067
1071
1071
1071
1071
1071
1071
1071
1071
1071
1071
1071
1073
1073
1073
1073
1073
1073
1073
1073
1073
1073
1073
1073
1073
1073
1073
1073
1073
1073
1073
1073
1073
1103
1120
1120
1125
1126
1126
1126
1126
