0
0
0
0
0
0
0
0
0
0
0
0
0
0
0
0
0
0
0
0
0
0
0
0
0
0
0
0
0
8
8
8
21
21
21
22
44
44
44
59
60
63
70
70
70
70
70
72
72
72
72
102
106
106
106
112
112
112
112
112
112
112
112
112
112
112
137
153
167
185
202
202
202
202
202
202
213
214
214
214
216
255
265
280
284
306
315
319
319
319
319
319
319
319
319
319
319
319
319
319
322
322
322
322
322
322
322
322
322
322
322
322
322
322
322
322
322
322
322
322
322
322
322
322
322
322
322
322
322
322
322
322
340
371
371
376
376
376
376
376
376
384
384
384
384
384
385
385
385
385
385
387
390
402
402
402
402
402
402
402
412
422
453
468
488
488
488
488
488
488
504
505
505
509
509
528
560
563
563
563
578
581
581
581
581
581
581
581
581
594
594
594
594
594
594
594
594
594
594
594
594
594
594
594
594
594
594
594
594
594
594
594
594
594
594
594
594
594
594
594
594
594
594
594
594
608
616
643
647
653
653
653
653
653
653
654
657
657
657
668
682
682
687
691
695
696
696
696
696
696
696
696
696
696
696
696
704
717
726
727
727
727
727
727
738
755
755
755
755
755
758
768
780
780
780
780
780
780
780
780
780
780
780
780
780
784
784
784
784
784
784
784
784
784
784
784
788
797
797
797
797
797
802
806
806
806
806
806
806
806
806
806
806
806
806
806
806
806
806
806
819
849
851
851
851
851
851
851
851
851
851
851
851
856
856
856
870
871
871
871
871
871
871
871
871
871
871
871
871
871
871
871
871
871
871
871
871
871
871
871
871
871
871
871
871
871
871
871
871
871
871
871
871
871
871
871
871
871
871
871
871
871
871
871
871
871
871
871
871
871
871
871
871
871
871
871
881
881
881
881
881
881
881
881
881
881
881
881
881
881
881
881
885
894
920
951
968
968
1001
1001
1001
1001
1001
1001
1001
1003
1003
1003
1004
1004
1016
1018
1018
1018
1018
1019
1019
1019
1019
1019
1019
1019
1019
1019
1019
1019
1026
1034
1034
1034
1034
1034
1034
1034
1034
1034
1034
1034
1034
1034
1034
1034
1034
1034
1034
1043
1043
1043
1047
1053
1053
1057
1065
1065
1065
1065
1065
1065
1065
1083
1085
1085
1097
1100
1108
1112
1112
1112
1112
1112
1136
1136
1136
1136
1138
1141
1141
1141
1141
1141
1141
