0
0
0
19
38
51
67
85
85
85
85
85
85
101
101
101
107
109
148
156
169
173
197
208
208
208
208
208
208
216
221
226
245
245
245
245
247
269
269
269
269
269
269
288
288
288
288
290
302
302
302
302
302
302
302
302
302
302
307
307
323
323
323
326
331
331
331
337
342
376
392
392
399
399
399
399
399
420
437
437
437
437
447
451
451
451
451
452
452
461
468
468
468
468
468
468
468
481
502
522
536
556
556
556
556
556
556
593
593
593
599
599
624
650
650
650
650
665
667
667
667
667
667
679
680
694
724
724
724
724
724
724
724
724
731
731
739
746
746
746
753
753
753
753
753
753
753
753
753
753
757
757
757
757
774
775
775
776
776
783
790
805
819
833
854
857
864
864
864
864
864
866
895
896
897
903
918
930
930
937
938
944
944
944
944
944
944
944
944
944
946
948
964
971
982
991
995
995
995
995
995
1029
1045
1045
1051
1051
1052
1066
1074
1083
1083
1083
1083
1083
1083
1083
1085
1092
1099
1099
1120
1124
1131
1131
1131
1131
1131
1131
1135
1137
1141
1169
1169
1174
1183
1183
1183
1183
1187
1203
1207
1207
1207
1207
1207
1207
1207
1207
1215
1217
1217
1217
1217
1217
1217
1241
1248
1275
1296
1300
1300
1300
1300
1300
1300
1308
1342
1342
1351
1359
1370
1370
1370
1384
1384
1384
1384
1392
1394
1394
1394
1394
1394
1394
1403
1403
1403
1403
1403
1404
1404
1404
1404
1404
1404
1445
1450
1450
1452
1452
1456
1456
1456
1456
1456
1469
1472
1472
1485
1485
1488
1503
1504
1504
1507
1507
1507
1507
1507
1510
1510
1510
1519
1528
1528
1532
1538
1549
1567
1567
1567
1567
1577
1603
1603
1603
1603
1621
1621
1621
1621
1621
1621
1621
1621
1621
1621
1621
1626
1666
1674
1701
1732
1748
1752
1780
1780
1780
1780
1780
1794
1810
1830
1830
1830
1832
1832
1850
1850
1850
1850
1860
1860
1860
1860
1860
1860
1860
1860
1860
1860
1867
1867
1880
1882
1882
1882
1882
1882
1888
1888
1888
1912
1912
1912
1912
1912
1912
1912
1912
1915
1918
1944
1944
1952
1958
1963
1963
1967
1974
1974
1974
1980
1990
1990
1993
2017
2018
2018
2035
2040
2047
2051
2051
2051
2051
2076
2096
2096
2096
2096
2107
2110
2110
2110
2110
2110
2110
2110
2110
2110
2116
2130
2157
2168
2172
2203
2204
2235
2253
2253
2253
2253
2253
2253
2267
2298
2298
2298
2311
2311
2346
2346
2346
2346
2364
2369
2377
2377
2377
2379
2379
2384
2391
2404
2417
2417
2417
2417
2417
2417
2417
2417
2417
2417
2430
2444
2444
2444
2444
2457
2459
2459
2459
2459
2459
2466
2466
2489
2493
2498
