0
0
0
0
0
9
9
25
37
37
37
37
37
37
37
65
65
65
65
65
65
65
65
80
91
91
91
91
91
91
91
91
91
91
91
95
107
107
107
107
107
107
107
107
107
107
107
107
107
107
107
107
107
107
107
107
107
107
107
107
107
107
107
107
107
107
107
107
107
107
107
107
107
107
107
107
107
107
107
107
107
107
107
107
107
107
107
107
107
107
107
127
127
127
131
131
131
131
131
136
136
136
144
144
150
162
162
162
162
195
199
199
199
202
204
211
215
229
235
235
235
235
235
235
235
235
235
235
235
235
235
235
235
235
235
235
235
235
235
235
235
235
235
235
235
235
235
235
235
235
235
235
235
235
235
235
235
235
235
235
235
235
235
235
235
241
241
241
241
241
241
241
241
241
241
241
241
241
241
241
241
241
241
241
241
241
241
241
250
250
250
250
250
250
250
250
257
257
263
272
274
274
274
286
289
289
289
289
289
289
289
289
289
289
289
289
289
289
289
289
289
289
289
289
289
289
289
289
289
289
289
289
289
289
289
289
289
289
289
289
289
289
289
289
289
289
289
289
289
289
289
289
289
289
289
289
289
289
289
300
300
300
300
311
311
311
311
311
311
311
311
311
311
311
311
311
311
311
311
315
320
320
320
320
320
320
320
320
327
334
361
375
384
384
384
384
384
384
384
384
384
384
384
384
397
405
405
405
405
405
405
405
405
406
407
407
407
407
407
407
407
407
407
407
407
407
407
407
407
407
407
407
407
407
407
407
407
407
407
407
407
407
407
407
407
407
407
407
407
407
407
407
407
407
407
407
411
417
417
417
417
417
417
417
417
417
417
417
417
417
417
417
417
417
417
417
417
417
417
417
417
417
424
425
437
446
446
446
446
446
446
449
449
449
449
449
449
449
449
449
449
449
449
449
449
449
449
449
449
449
449
449
449
449
449
449
449
449
449
449
449
449
449
449
449
449
449
449
449
449
449
449
449
449
449
449
449
449
449
449
449
449
449
449
449
449
449
449
470
479
485
491
492
492
492
492
492
492
507
508
508
508
508
508
508
508
508
508
508
508
508
508
508
508
508
508
508
513
522
522
522
522
522
522
522
522
522
522
522
523
523
523
523
523
523
523
523
523
523
527
527
