0
0
0
0
0
0
0
0
0
0
0
0
0
0
0
0
0
0
0
4
15
19
43
56
56
56
56
56
56
56
56
56
56
56
56
56
56
56
56
56
56
56
56
56
56
56
56
56
58
58
58
58
58
58
58
58
58
58
58
58
58
58
58
58
58
58
58
58
58
89
107
107
111
111
111
111
111
111
120
120
120
120
120
122
122
122
122
122
122
130
136
136
136
136
136
136
136
148
169
190
206
224
224
224
224
224
224
241
241
241
244
244
270
299
299
299
299
313
316
316
316
316
316
316
316
316
328
328
328
328
328
328
328
328
328
328
328
328
328
328
328
328
328
328
328
328
328
328
328
328
328
328
328
328
328
328
328
328
328
328
328
329
343
356
380
382
388
388
388
388
388
388
392
397
397
397
404
419
419
424
426
432
432
432
432
432
432
432
432
432
432
432
432
439
453
461
463
463
463
463
463
475
490
490
490
490
490
495
507
514
514
514
514
514
514
514
514
514
514
514
514
514
521
521
521
521
521
521
521
521
521
521
521
524
533
533
533
533
533
538
541
541
541
541
541
541
541
541
541
541
541
541
541
541
541
541
541
560
583
587
587
587
587
587
587
587
587
587
587
587
591
591
591
605
605
605
605
605
605
605
605
605
605
605
605
605
605
605
605
605
605
605
605
605
605
605
605
605
605
605
605
605
605
605
605
605
605
605
605
605
605
605
605
605
605
605
605
605
605
605
605
605
605
605
605
605
605
605
605
605
605
605
605
616
616
616
616
616
616
616
616
616
616
616
616
616
616
616
616
620
630
657
687
704
707
736
736
736
736
736
736
736
738
738
738
742
742
753
753
753
753
755
755
755
755
755
755
755
755
755
755
755
755
767
767
767
767
767
767
767
767
767
767
767
767
767
767
767
767
767
767
767
777
777
779
783
788
788
793
800
800
800
800
800
800
800
820
820
820
832
838
844
847
847
847
847
852
873
873
873
873
875
875
875
875
875
875
875
875
875
875
875
875
875
885
890
920
921
952
971
971
971
971
971
971
971
991
991
991
1000
1000
1040
1040
1040
1040
1055
1059
1066
1066
1066
1066
1066
1066
1066
1077
1088
1088
1088
1088
1088
1088
1088
1088
1088
1088
1088
1088
1088
1088
1088
1088
1088
1088
1088
1088
1088
1088
1088
1107
1112
1117
