0
0
0
0
0
0
0
0
0
0
0
0
0
0
0
0
0
0
0
0
0
0
0
0
0
0
0
0
0
0
0
0
0
0
0
0
0
0
0
0
0
0
0
0
0
0
0
0
0
0
0
0
0
0
0
0
0
0
0
0
0
0
0
0
0
0
0
0
0
0
0
3
6
6
6
6
6
6
6
6
6
6
6
6
6
6
6
6
18
29
76
93
93
126
126
126
126
126
126
126
126
129
129
130
130
136
145
145
145
145
145
145
145
145
145
145
145
145
145
145
145
149
158
158
158
158
158
158
158
158
158
158
158
158
158
158
158
158
158
158
166
168
168
174
178
178
183
190
190
190
190
190
190
190
207
209
211
215
224
234
238
238
238
238
238
260
262
262
262
265
267
267
267
267
267
267
267
267
267
267
267
267
270
276
310
312
336
360
360
360
360
360
360
360
377
382
382
391
391
420
427
427
427
430
449
457
457
457
457
457
457
457
457
478
479
479
479
479
479
479
479
479
479
479
479
479
479
479
479
479
479
479
479
479
479
479
487
502
505
507
507
526
527
527
540
540
540
540
559
561
561
573
578
582
588
588
588
588
588
591
591
591
591
620
623
623
623
629
629
629
629
629
629
629
629
629
629
629
655
663
684
702
720
720
720
720
720
720
728
731
731
731
734
774
781
799
801
821
834
836
836
836
836
836
836
836
836
836
836
836
836
836
838
838
838
838
838
838
838
838
838
838
838
842
842
842
842
842
842
842
842
842
842
842
842
842
842
842
842
842
842
842
842
842
856
889
889
894
894
894
894
894
894
904
904
904
904
904
904
904
904
904
904
904
909
919
919
919
919
919
919
919
930
939
970
988
1006
1006
1006
1006
1006
1006
1018
1023
1023
1028
1028
1044
1071
1081
1081
1081
1095
1099
1099
1099
1099
1099
1099
1099
1099
1112
1112
1112
1112
1112
1112
1112
1112
1112
1112
1112
1112
1112
1112
1112
1112
1112
1112
1112
1112
1112
1112
1112
1112
1112
1112
1112
1112
1112
1112
1112
1112
1112
1112
1112
1112
1125
1134
1162
1163
1170
1170
1170
1170
1170
1170
1170
1175
1175
1175
1187
1200
1200
1200
1208
1209
1214
1214
1214
1214
1214
1214
1214
1214
1214
1214
1214
1221
1233
1242
1248
1248
1248
1248
1248
1257
1274
1274
1274
1274
1274
1276
1288
1297
1297
1297
1297
1297
1297
1297
1297
1297
1297
1297
1297
1297
1303
1303
1303
1303
