0
0
0
0
0
0
0
0
0
0
0
0
5
36
36
36
36
36
36
36
36
36
36
36
36
36
36
45
45
45
45
45
45
45
45
45
45
45
45
45
45
45
45
45
45
45
46
58
72
86
95
122
125
131
131
131
131
131
131
141
143
143
143
153
168
168
173
176
181
182
182
182
182
182
182
182
182
182
182
182
190
200
210
213
213
213
213
213
228
246
246
246
246
246
248
259
268
268
268
268
268
268
268
268
268
268
268
283
286
294
294
294
294
294
294
294
294
294
308
311
316
326
326
326
326
326
331
335
335
335
335
335
335
335
335
335
335
335
335
335
335
335
345
347
373
402
404
404
404
404
404
404
404
427
427
434
437
453
453
453
467
467
467
467
467
467
467
467
467
467
467
467
467
467
467
467
467
467
467
467
467
467
487
495
495
496
496
500
500
500
500
500
500
500
500
510
510
510
511
518
518
519
519
519
519
519
519
519
519
519
519
519
523
527
538
557
557
557
557
557
576
576
576
576
576
576
576
576
576
576
576
576
576
576
576
576
601
608
635
666
683
683
717
717
717
717
717
717
721
748
748
748
749
749
761
763
763
763
763
763
763
763
763
763
763
763
763
763
763
763
770
778
778
778
778
778
778
778
778
785
788
788
788
788
788
788
788
788
788
801
801
801
808
811
811
816
823
823
823
823
823
823
823
842
842
842
856
859
867
870
870
870
870
872
897
897
897
897
898
902
902
902
902
902
902
902
902
902
902
902
929
939
943
974
976
1006
1026
1026
1026
1026
1026
1026
1026
1050
1050
1050
1058
1058
1094
1094
1094
1094
1106
1118
1125
1125
1125
1125
1125
1125
1125
1125
1147
1147
1147
1147
1147
1147
1147
1147
1147
1147
1147
1155
1155
1155
1155
1155
1165
1165
1165
1165
1165
1165
1165
1178
1189
1195
1195
1195
1213
1213
1213
1226
1226
1226
1227
1249
1249
1249
1264
1264
1268
1275
1275
1275
1275
1275
1280
1280
1280
1280
1309
1312
1312
1312
1318
1318
1318
1318
1318
1318
1318
1318
1318
1326
1328
1354
1374
1385
1401
1418
1418
1418
1418
1418
1418
1430
1430
1430
1432
1436
1475
1483
1496
1500
1523
1533
1533
1533
1533
1533
1533
1533
1533
1533
1549
1549
1549
1549
1549
1553
1553
1553
1553
1553
1553
1554
1554
1554
1554
1554
1560
1560
1560
1560
1560
1560
1560
1560
1560
1560
1560
1560
1561
1561
1561
1564
1568
1568
1568
1568
1568
1602
1620
1620
1625
1625
1625
1625
1625
