0
35
51
79
95
112
139
146
156
184
200
233
271
290
312
340
369
393
409
437
466
479
506
517
557
577
598
616
630
681
697
721
756
781
797
835
872
897
916
960
969
988
1011
1022
1038
1050
1096
1121
1128
1154
1175
1221
1233
1251
1276
1297
1316
1333
1360
1370
1404
1429
1462
1494
1528
1563
1597
1630
1660
1689
1716
1726
1733
1762
1780
1798
1847
1855
1875
1916
1941
1992
2020
2044
2075
2112
2132
2149
2164
2195
2202
2226
2248
2271
2291
2327
2340
2356
2374
2407
2438
2445
2458
2487
2496
2529
2577
2604
2623
2638
2662
2687
2701
2719
2744
2759
2782
2793
2816
2833
2852
2878
2889
2935
2957
2982
3007
3027
3037
3068
3095
3125
3164
3206
3218
3239
3257
3272
3292
3307
3345
3385
3391
3421
3437
3459
3476
3495
3520
3538
3554
3577
3605
3621
3644
3671
3682
3707
3732
3765
3793
3818
3863
3885
3917
3938
3952
3984
4006
4037
4083
4096
4113
4162
4182
4229
4270
4291
4314
4341
4381
4398
4413
4438
4446
4474
4497
4524
4548
4587
4607
4622
4634
4659
4684
4693
4709
4744
4759
4786
4828
4847
4865
4897
4920
4938
4949
4965
4988
4996
5012
5019
5049
5066
5080
5099
5108
5155
5171
5184
5206
5220
5249
5286
5322
5353
5379
5416
5438
5459
5482
5496
5504
5521
5553
5590
5596
5631
5649
5678
5699
5717
5739
5747
5777
5795
5813
5833
5852
5871
5884
5895
5923
5955
5980
6010
6041
6062
6093
6115
6139
6160
6175
6195
6245
6265
6286
6326
6339
6377
6406
6434
6453
6461
6487
6499
6524
6551
6565
6602
6619
6647
6668
6711
6736
6758
6774
6798
6822
6829
6846
6879
6906
6928
6988
7008
7029
7052
7079
7090
7106
7143
7173
7189
7210
7227
7250
7264
7281
7295
7302
7346
7362
7373
7389
7412
7437
7464
7518
7550
7585
7623
7643
7655
7681
7687
7693
7704
7746
7787
7796
7839
7862
7889
7915
7936
7972
7985
7991
8007
8032
8066
8087
8108
8133
8149
8168
8199
8224
8245
8271
8287
8311
8326
8347
8369
8382
8414
8460
8479
8503
8532
8542
8570
8584
8599
8612
8628
8674
8696
8712
8739
8749
8787
8811
8836
8852
8880
8891
8901
8915
8934
8961
8975
8993
9032
9056
9072
9108
9134
9154
9185
9200
9212
9228
9272
9305
9314
9330
9353
9386
9397
9414
9433
9452
9474
9489
9508
9519
9545
9573
9595
9642
9672
9714
9760
9792
9824
9861
9869
9878
9891
9928
9954
9983
10029
10038
10068
10095
10108
10152
10160
10171
10188
10216
10235
10258
10276
10298
10319
10340
10370
10389
10411
10440
10454
10489
10498
10523
10549
10555
10572
10608
10631
10655
10700
10721
10735
10761
10783
10807
10830
10854
10885
10902
10941
10954
10991
11014
11041
11067
11086
11120
11129
11141
11180
11209
11223
11260
11302
11322
11344
11381
11397
11423
11442
11456
11470
11478
11528
11566
11573
11595
11609
11649
11664
11681
11704
11721
11735
11740
