0
0
3
9
10
28
28
28
28
31
35
35
35
35
35
46
46
54
54
54
54
63
63
63
63
63
66
70
70
70
70
70
70
70
70
70
91
100
120
120
130
130
130
130
155
174
177
195
201
208
208
208
208
209
209
232
251
251
251
269
269
270
275
289
313
322
322
322
322
322
322
332
345
352
364
364
377
382
382
384
384
384
390
392
392
394
407
412
412
414
414
414
414
414
421
421
423
435
437
437
437
437
437
437
447
447
447
449
455
468
468
474
474
474
474
478
478
478
478
478
489
491
491
491
491
495
495
495
501
501
515
542
559
559
564
571
571
571
588
599
599
610
627
633
633
653
653
653
653
684
709
709
709
738
738
747
747
752
769
772
772
772
772
772
777
789
790
790
790
790
794
794
794
794
794
794
794
794
794
798
802
806
806
814
816
816
816
826
831
831
831
843
853
855
855
855
855
855
859
859
859
859
877
889
894
905
905
905
905
905
905
905
905
905
920
923
923
923
923
925
933
933
937
937
953
971
976
976
976
991
991
1002
1010
1013
1013
1024
1030
1038
1038
1051
1052
1054
1054
1069
1086
1089
1089
1098
1098
1106
1111
1122
1122
1122
1122
1125
1125
1135
1135
1150
1156
1156
1156
1156
1156
1157
1157
1160
1160
1160
1160
1160
1164
1164
1169
1169
1169
1169
1169
1172
1174
1174
1174
1174
1174
1181
1189
1189
1189
1189
1189
1189
1200
1200
1200
1209
1222
1225
1234
1254
1254
1254
1275
1295
1295
1295
1302
1302
1316
1316
1320
1334
1334
1336
1353
1353
1353
1353
1364
1378
1396
1396
1396
1397
1397
1410
1424
1434
1434
1457
1483
1491
1513
1513
1513
1522
1522
1534
1558
1559
1559
1566
1568
1571
1592
1598
1606
1606
1606
1611
1611
1637
1637
1647
1649
1649
1649
1650
1657
1664
1664
1664
1664
1664
1672
1672
1673
1673
1681
1690
1690
1690
1690
1691
1694
1709
1709
1709
1709
1709
1709
1709
1709
1709
1709
1709
1715
1715
1715
1716
1727
1727
1727
1748
1750
1750
1765
1782
1782
1782
1782
1782
1785
1790
1798
1806
1806
1815
1820
1820
1820
1820
1820
1841
1860
1860
1860
1860
1866
1874
1881
1898
1901
1907
1920
1920
1930
1930
1930
1930
1930
1938
1948
1948
1948
1956
1964
1964
1977
1977
1978
1978
1979
1986
1986
2012
2012
2014
2027
2027
2027
2027
2028
2028
2028
2028
2039
2039
2048
2048
2057
2057
2064
2064
2064
2064
2064
2064
2064
2076
2080
2080
2080
2080
2090
2090
2090
2090
2090
2108
2113
2121
2122
2129
2140
2140
2140
2162
2184
2189
2202
2209
2210
2210
2210
2210
2225
2226
2244
2261
2261
