0
0
0
0
0
0
0
0
0
0
0
0
0
0
0
0
0
0
15
22
34
39
63
74
74
74
74
74
74
74
74
74
74
74
74
74
74
75
75
75
75
75
75
75
75
75
75
75
78
78
78
78
78
78
78
78
78
78
78
78
78
78
78
78
78
78
78
78
78
108
125
125
131
131
131
131
131
131
141
141
141
141
141
141
141
141
141
141
141
152
157
157
157
157
157
157
157
169
188
210
224
243
243
243
243
243
243
260
260
260
263
263
289
317
317
317
317
332
335
335
335
335
335
335
335
335
348
348
348
348
348
348
348
348
348
348
348
348
348
348
348
348
348
348
348
348
348
348
348
348
348
348
348
348
348
348
348
348
348
348
348
348
361
379
398
403
410
410
410
410
410
410
411
412
412
412
424
436
436
446
446
450
450
450
450
450
450
450
450
450
450
450
450
457
469
479
482
482
482
482
482
494
513
513
513
513
513
517
527
534
534
534
534
534
534
534
534
534
534
534
534
534
539
539
539
539
539
539
539
539
539
539
539
543
554
554
554
554
554
557
562
562
562
562
562
562
562
562
562
562
562
562
562
562
562
562
562
582
602
606
606
606
606
606
606
606
606
606
606
606
611
611
611
627
627
627
627
627
627
627
627
627
627
627
627
627
627
627
627
627
627
627
627
627
627
627
627
627
627
627
627
627
627
627
627
627
627
627
627
627
627
627
627
627
627
627
627
627
627
627
627
627
627
627
627
627
627
627
627
627
627
627
627
635
635
635
635
635
635
635
635
635
635
635
635
635
635
635
635
641
649
676
707
723
726
755
755
755
755
755
755
755
757
757
757
758
758
773
773
773
773
773
773
773
773
773
773
773
773
773
773
773
773
785
787
787
787
787
787
787
787
787
787
787
787
787
787
787
787
787
787
787
798
798
798
803
808
808
812
820
820
820
820
820
820
820
838
839
839
852
856
863
868
868
868
868
870
891
891
891
891
895
895
895
895
895
895
895
895
895
895
895
895
895
904
908
939
941
971
991
991
991
991
991
991
991
1011
1012
1012
1019
1019
1056
1056
1056
1056
1072
1078
1085
1085
1085
1085
1085
1085
1085
1094
1108
1108
1108
1108
1108
1108
1108
1108
1108
1108
1108
1108
1108
1108
1108
1108
1108
1108
1108
1108
1108
1108
1108
1126
1131
1135
