0
0
0
0
0
0
0
0
4
9
9
9
18
18
18
18
18
18
20
20
31
31
45
45
47
47
47
60
63
63
63
63
63
63
67
67
67
67
67
67
67
67
67
69
69
69
69
69
69
69
69
69
69
69
69
69
69
69
69
69
69
69
69
69
69
69
69
69
69
69
69
69
69
69
69
69
69
69
69
69
69
70
89
89
89
89
101
101
101
101
101
101
101
101
101
101
101
101
101
101
101
101
105
120
120
120
120
120
120
120
124
124
138
162
170
190
193
193
193
193
193
199
200
200
200
200
200
206
213
221
221
221
221
221
221
221
226
230
230
230
230
230
230
230
230
230
230
230
230
230
230
230
230
230
230
230
230
230
230
230
230
230
230
230
230
230
230
230
230
230
230
230
230
230
230
230
230
230
230
230
249
249
249
249
249
249
249
249
249
249
249
249
249
249
249
249
249
259
259
259
259
259
259
259
268
270
277
290
290
300
300
300
300
300
300
302
302
302
302
302
302
302
302
302
302
302
302
302
302
302
302
307
307
307
307
307
307
307
307
307
307
307
307
307
307
307
307
307
307
307
307
307
307
307
307
307
307
307
307
307
307
307
307
307
308
308
308
308
308
308
310
331
337
352
357
358
358
358
358
358
358
358
375
375
375
375
375
375
375
375
375
384
384
384
384
384
384
384
390
390
399
405
406
406
406
406
406
406
406
410
410
411
415
416
416
417
417
417
417
417
417
417
417
423
423
438
438
438
438
438
438
438
438
438
438
438
438
438
438
438
438
438
438
438
438
438
438
438
438
438
438
438
438
438
438
438
438
440
458
458
458
458
458
458
467
486
489
504
511
518
518
518
518
518
518
525
545
545
545
545
545
545
545
550
572
581
581
581
581
581
581
581
581
581
586
586
599
605
605
605
605
605
605
605
605
605
605
605
605
605
605
605
605
605
605
605
605
605
605
605
605
605
605
605
605
605
605
605
605
605
605
605
605
605
605
605
605
605
605
605
605
605
605
605
605
605
605
605
605
605
605
619
634
634
634
637
637
637
637
644
644
644
644
653
653
670
670
670
670
680
704
705
705
709
709
718
718
722
741
742
742
742
742
742
742
742
742
742
742
742
742
742
742
742
742
742
742
742
742
742
742
