0
0
0
0
0
0
0
0
0
0
0
0
0
26
26
26
26
26
26
26
26
26
26
26
26
26
26
26
26
26
26
26
26
26
26
26
26
26
26
26
26
26
26
26
26
26
26
28
44
58
67
93
97
102
102
102
102
102
102
105
108
108
108
119
133
133
137
142
146
146
146
146
146
146
146
146
146
146
146
146
155
165
175
178
178
178
178
178
189
205
205
205
205
205
210
220
229
229
229
229
229
229
229
229
229
229
229
235
239
246
246
246
246
246
246
246
246
246
252
254
260
269
269
269
269
269
274
278
278
278
278
278
278
278
278
278
278
278
278
278
278
278
279
282
306
334
339
339
339
339
339
339
339
352
352
360
363
379
379
379
392
392
392
392
392
392
392
392
392
392
392
392
392
392
392
392
392
392
392
392
392
392
403
411
411
413
413
417
417
417
417
417
417
417
417
418
418
418
421
425
425
428
428
428
428
428
428
428
428
428
428
428
428
428
437
457
457
457
457
457
477
477
477
477
477
477
477
477
477
477
477
477
477
477
477
477
494
503
529
559
578
578
609
609
609
609
609
609
609
629
629
629
630
630
643
645
645
645
645
645
645
645
645
645
645
645
645
645
645
645
652
659
659
659
659
659
659
659
659
659
660
660
660
660
660
660
660
660
660
674
674
674
678
683
683
688
695
695
695
695
695
695
695
713
714
714
728
730
739
742
742
742
742
742
767
767
767
767
767
772
772
772
772
772
772
772
772
772
772
772
789
801
804
836
836
869
886
886
886
886
886
886
886
907
907
907
916
916
953
953
953
953
964
976
982
982
982
982
982
982
982
983
1004
1004
1005
1005
1005
1005
1005
1005
1005
1005
1005
1005
1005
1005
1005
1005
1013
1013
1013
1013
1013
1013
1013
1027
1039
1044
1044
1044
1062
1062
1062
1077
1077
1077
1077
1097
1097
1097
1112
1113
1117
1124
1124
1124
1124
1124
1126
1126
1126
1126
1155
1158
1158
1158
1165
1165
1165
1165
1165
1165
1165
1165
1165
1165
1167
1192
1212
1223
1240
1259
1259
1259
1259
1259
1259
1270
1270
1270
1272
1275
1314
1322
1335
1339
1363
1374
1374
1374
1374
1374
1374
1374
1374
1374
1381
1381
1381
1381
1381
1386
1386
1386
1386
1386
1386
1386
1386
1386
1386
1386
1388
1388
1388
1388
1388
1388
1388
1388
1388
1388
1388
1388
1388
1388
1388
1388
1388
1388
1388
1388
1388
1420
1438
1438
1443
1443
1443
1443
1443
