0
0
0
0
0
0
0
0
0
0
0
0
0
0
0
27
27
27
27
27
27
27
27
32
44
44
44
44
44
44
44
44
44
44
44
44
44
44
44
44
44
44
44
44
44
44
44
44
44
44
44
44
44
44
44
44
44
44
44
44
44
44
44
44
44
44
44
44
44
44
44
44
44
44
44
44
44
44
44
44
44
44
44
44
44
44
44
44
44
44
44
44
44
44
44
44
44
44
44
44
44
44
44
44
47
60
60
60
60
93
96
96
96
98
102
109
113
126
132
132
132
132
132
132
132
132
132
132
132
132
132
132
132
132
132
132
132
132
132
132
132
132
132
132
132
132
132
132
132
132
132
132
132
132
132
132
132
132
132
132
132
132
132
132
132
132
132
132
132
132
132
132
132
132
132
132
132
132
132
132
132
132
132
132
132
132
132
132
132
132
132
132
132
132
132
132
132
132
132
132
132
132
132
138
141
141
141
141
141
141
141
141
141
141
141
141
141
141
141
141
141
141
141
141
141
141
141
141
141
141
141
141
141
141
141
141
141
141
141
141
141
141
141
141
141
141
141
141
141
141
141
141
141
141
141
141
141
141
141
141
141
141
141
141
141
141
141
141
141
141
141
141
141
141
141
141
141
141
141
141
141
141
141
141
141
141
141
141
141
141
144
156
166
166
166
166
166
166
166
166
166
166
166
166
181
187
187
187
187
187
187
187
187
187
187
187
187
187
187
187
187
187
187
187
187
187
187
187
187
187
187
187
187
187
187
187
187
187
187
187
187
187
187
187
187
187
187
187
187
187
187
187
187
187
187
187
187
187
187
187
187
187
187
187
187
187
187
187
187
187
187
187
187
187
187
187
187
187
187
187
187
187
187
187
187
187
187
187
187
187
187
187
187
187
187
187
187
187
187
187
187
187
187
187
187
187
187
187
187
187
187
187
187
187
187
187
187
187
187
187
187
187
187
187
187
187
187
187
187
187
187
187
187
187
187
187
187
187
187
187
187
187
187
187
187
187
187
187
187
187
187
192
192
192
192
192
192
192
207
208
208
208
208
208
208
208
208
208
208
208
208
208
208
208
208
208
208
208
208
208
208
208
208
208
208
208
208
208
208
208
208
208
208
208
208
208
208
208
208
208
208
