0
0
0
10
17
17
17
17
17
17
22
27
27
30
37
49
49
49
55
55
55
55
58
58
58
58
60
73
73
73
73
76
77
77
83
83
83
120
142
142
147
154
154
154
172
176
183
187
196
218
218
226
236
236
236
250
291
292
292
303
321
324
330
335
350
355
355
355
355
355
355
359
373
373
373
373
377
377
377
377
377
377
377
377
377
381
381
389
389
391
399
399
399
404
412
412
412
420
429
432
433
433
433
433
433
437
437
437
455
468
470
473
483
483
483
483
483
483
483
483
483
500
500
500
500
503
506
510
513
513
513
545
553
553
553
568
568
580
583
590
592
600
603
617
617
625
630
634
634
638
665
667
667
670
678
679
686
701
701
701
701
701
704
710
713
719
735
735
735
735
735
735
735
739
739
739
739
739
740
743
743
750
750
750
750
750
755
756
756
756
756
761
770
771
771
771
771
771
771
782
782
792
805
805
816
830
835
835
838
864
876
876
877
884
885
898
898
914
914
915
924
933
935
935
935
960
973
978
978
978
978
992
995
1011
1014
1038
1048
1071
1083
1093
1093
1101
1101
1113
1136
1138
1138
1138
1148
1148
1168
1177
1186
1186
1186
1190
1190
1203
1216
1217
1228
1228
1228
1229
1229
1243
1243
1243
1243
1243
1250
1250
1251
1251
1251
1261
1268
1268
1268
1268
1268
1275
1285
1285
1285
1285
1286
1286
1286
1286
1286
1286
1290
1294
1294
1297
1308
1308
1308
1329
1331
1331
1333
1355
1361
1361
1361
1361
1361
1369
1369
1384
1384
1394
1398
1398
1398
1398
1398
1416
1438
1438
1438
1438
1438
1446
1450
1474
1477
1483
1486
1497
1506
1506
1506
1506
1506
1514
1523
1523
1523
1523
1540
1540
1552
1552
1553
1553
1553
1560
1560
1581
1587
1587
1601
1601
1601
1601
1601
1602
1602
1602
1607
1613
1621
1621
1625
1629
1629
1636
1636
1636
1636
1636
1636
1642
1652
1652
1652
1652
1660
1660
1660
1660
1660
1660
1682
1692
1692
1701
1710
1710
1710
1733
1741
1758
1772
1772
1781
1781
1781
1781
1787
1797
1812
1831
1832
1832
1832
1834
1834
1834
1834
1858
1871
1871
1871
1871
1871
1871
1879
1909
1910
1924
1924
1935
1936
1936
1936
1936
1936
1953
1970
1970
1970
1979
1990
1990
2002
2002
2005
2007
2007
2023
2023
2027
2035
2035
2054
2054
2054
2054
2054
2060
2060
2060
2060
2060
2071
2071
2074
2078
2078
2078
2078
2087
2087
2087
2087
2087
2095
2095
2095
2095
2095
2095
2095
2095
2095
2103
2125
2145
2145
2156
2156
2156
2156
2182
2195
2204
2215
2226
2235
2235
2235
2235
2236
2236
2251
2278
2278
