0
0
0
0
0
0
0
0
0
0
0
0
0
0
0
0
0
0
0
0
0
0
0
0
0
0
0
0
0
0
0
0
0
0
0
0
0
0
0
8
9
12
20
20
20
20
20
22
22
22
22
52
57
57
57
61
61
61
61
61
61
61
61
61
61
61
87
101
115
135
152
152
152
152
152
152
163
163
163
164
166
206
214
229
234
255
264
268
268
268
268
268
268
268
268
268
268
268
268
268
270
270
270
270
270
270
270
270
270
270
270
273
273
273
273
273
273
273
273
273
273
273
273
273
273
273
273
273
273
273
273
273
292
320
320
326
326
326
326
326
326
336
336
336
336
336
336
336
336
336
336
336
340
352
352
352
352
352
352
352
362
373
403
419
438
438
438
438
438
438
455
455
455
459
459
478
511
512
512
512
527
530
530
530
530
530
530
530
530
543
543
543
543
543
543
543
543
543
543
543
543
543
543
543
543
543
543
543
543
543
543
543
543
543
543
543
543
543
543
543
543
543
543
543
543
557
565
593
598
605
605
605
605
605
605
605
607
607
607
618
632
632
636
640
645
645
645
645
645
645
645
645
645
645
645
645
652
664
673
676
676
676
676
676
689
707
707
707
707
707
708
721
729
729
729
729
729
729
729
729
729
729
729
729
729
735
735
735
735
735
735
735
735
735
735
735
738
749
749
749
749
749
751
757
757
757
757
757
757
757
757
757
757
757
757
757
757
757
757
757
769
796
800
800
800
800
800
800
800
800
800
800
800
806
806
806
818
822
822
822
822
822
822
822
822
822
822
822
822
822
822
822
822
822
822
822
822
822
822
822
822
822
822
822
822
822
822
822
822
822
822
822
822
822
822
822
822
822
822
822
822
822
822
822
822
822
822
822
822
822
822
822
822
822
822
822
831
831
831
831
831
831
831
831
831
831
831
831
831
831
831
831
836
844
871
899
918
918
950
950
950
950
950
950
950
952
952
952
953
953
966
968
968
968
968
968
968
968
968
968
968
968
968
968
968
968
976
982
982
982
982
982
982
982
982
982
982
982
982
982
982
982
982
982
982
993
993
993
998
1003
1003
1006
1015
1015
1015
1015
1015
1015
1015
1033
1035
1035
1046
1050
1058
1063
1063
1063
1063
1063
1086
1086
1086
1086
1090
1090
1090
1090
1090
1090
1090
