0
4
10
18
18
22
26
26
32
32
32
32
32
32
36
48
48
48
48
56
56
56
56
56
56
80
88
88
98
107
107
107
130
132
155
169
169
178
178
178
179
185
196
205
228
231
231
231
233
233
233
233
257
270
270
270
270
270
270
278
308
310
325
325
336
336
336
336
336
336
353
369
369
369
379
390
390
402
402
403
406
406
423
423
426
435
435
453
453
453
453
453
460
460
460
460
460
471
471
474
479
479
479
479
488
488
488
488
488
496
496
496
496
496
496
496
496
496
503
525
546
546
556
556
556
556
581
594
604
615
625
635
635
635
635
635
636
649
679
679
679
694
697
697
699
717
742
751
751
751
751
751
751
751
773
773
787
791
800
810
810
811
811
811
815
819
819
819
828
836
836
838
838
838
838
838
845
845
848
860
862
862
862
862
862
862
867
872
872
875
882
894
894
900
900
900
900
900
905
905
905
905
913
919
919
919
919
924
924
924
931
931
931
972
989
989
993
999
999
999
1016
1027
1027
1031
1042
1061
1061
1074
1079
1079
1079
1099
1132
1134
1134
1147
1164
1166
1172
1177
1194
1197
1197
1197
1197
1197
1197
1202
1216
1216
1216
1216
1221
1221
1221
1221
1221
1221
1221
1221
1221
1224
1224
1232
1232
1236
1243
1243
1243
1250
1257
1257
1257
1268
1275
1278
1280
1280
1280
1280
1280
1284
1284
1284
1301
1314
1317
1327
1330
1330
1330
1330
1330
1330
1330
1330
1339
1347
1347
1347
1347
1349
1356
1356
1359
1359
1363
1393
1398
1398
1398
1413
1413
1424
1427
1436
1436
1445
1447
1462
1462
1474
1475
1478
1478
1490
1511
1513
1513
1516
1523
1526
1531
1547
1547
1547
1547
1551
1551
1557
1561
1566
1582
1582
1582
1582
1582
1582
1582
1586
1586
1586
1586
1586
1589
1590
1590
1596
1596
1596
1596
1596
1601
1603
1603
1603
1603
1610
1617
1617
1617
1617
1617
1617
1624
1628
1628
1637
1651
1651
1663
1683
1683
1683
1693
1713
1724
1724
1731
1731
1732
1745
1745
1762
1762
1764
1773
1780
1782
1782
1782
1806
1819
1823
1823
1823
1823
1837
1840
1858
1860
1883
1893
1916
1934
1938
1938
1945
1945
1957
1981
1983
1983
1983
1993
1996
2015
2023
2031
2031
2031
2036
2036
2056
2062
2063
2074
2074
2074
2075
2075
2089
2089
2089
2089
2089
2097
2097
2098
2099
2099
2116
2116
2116
2116
2116
2116
2126
2133
2133
2133
2133
2134
2134
2134
2134
2134
2134
2141
2141
2141
2144
2155
2155
2155
2176
2178
2178
2181
2203
2209
2209
2209
2209
2209
2218
2222
2233
2233
2243
2248
2248
2248
2248
2248
2266
2288
2288
2288
2288
2288
