0
0
0
0
0
0
0
0
0
0
0
0
0
0
0
0
0
0
0
0
0
0
0
0
0
0
0
0
0
0
0
0
0
0
0
0
0
0
0
0
0
0
0
0
0
0
0
0
0
0
0
0
0
0
0
0
0
0
0
0
0
0
0
0
0
0
0
0
3
3
3
3
3
3
3
3
3
3
3
3
10
22
31
35
35
35
35
35
45
64
64
64
64
64
67
76
87
87
87
87
87
87
87
87
87
87
87
87
87
90
90
90
90
90
90
90
90
90
90
90
97
104
104
104
104
104
109
113
113
113
113
113
113
113
113
113
113
113
113
113
113
113
113
113
128
155
161
161
161
161
161
161
161
161
161
161
161
163
163
163
176
177
177
177
177
177
177
177
177
177
177
177
177
177
177
177
177
177
177
177
177
177
177
177
177
177
177
177
177
177
177
177
177
177
177
177
177
177
177
177
177
177
177
177
177
177
177
177
177
177
177
177
177
177
177
177
177
177
177
177
189
189
189
189
189
189
189
189
189
189
189
189
189
189
189
189
192
200
227
258
276
276
307
307
307
307
307
307
307
311
311
311
312
312
323
325
325
325
325
327
327
327
327
327
327
327
327
327
327
327
335
340
340
340
340
340
340
340
340
340
340
340
340
340
340
340
340
340
340
350
350
350
355
359
359
363
372
372
372
372
372
372
372
392
392
392
404
409
417
419
419
419
419
419
442
442
442
442
444
450
450
450
450
450
450
450
450
450
450
450
450
456
460
493
493
525
542
542
542
542
542
542
542
562
562
562
571
571
607
607
607
607
621
631
639
639
639
639
639
639
639
639
659
659
660
660
660
660
660
660
660
660
660
660
660
660
660
660
660
660
660
660
660
660
660
675
683
688
688
688
710
710
710
722
722
722
722
742
742
742
758
759
763
770
770
770
770
770
773
773
773
773
801
805
805
805
810
810
810
810
810
810
810
810
810
810
813
835
855
867
886
901
901
901
901
901
901
912
912
912
916
920
962
970
979
984
1009
1019
1019
1019
1019
1019
1019
1019
1019
1019
1019
1019
1019
1019
1019
1022
1022
1022
1022
1022
1022
1022
1022
1022
1022
1022
1022
1022
1022
1022
1022
1022
1022
1022
1022
1022
1022
1022
1022
1022
1022
1022
1022
1022
1022
1022
1022
1053
1072
1072
1075
1075
1075
1075
1075
