0
39
71
104
137
166
194
223
235
248
269
285
310
354
360
385
424
449
497
524
549
576
616
639
652
670
696
708
725
747
770
794
829
851
863
878
918
938
945
959
987
1001
1026
1075
1095
1112
1127
1155
1174
1183
1202
1224
1248
1261
1272
1299
1318
1331
1355
1368
1412
1433
1456
1474
1491
1502
1530
1555
1585
1635
1665
1679
1699
1719
1732
1749
1764
1817
1844
1851
1885
1900
1930
1937
1964
1987
2003
2020
2039
2068
2086
2107
2133
2144
2170
2190
2227
2253
2292
2323
2348
2377
2396
2411
2445
2465
2494
2539
2554
2574
2618
2644
2689
2725
2750
2765
2793
2830
2848
2866
2889
2903
2927
2948
2972
3002
3034
3058
3069
3079
3104
3127
3136
3152
3186
3205
3230
3270
3285
3308
3338
3366
3382
3391
3412
3429
3438
3454
3468
3491
3509
3522
3542
3552
3597
3609
3624
3642
3657
3694
3724
3754
3790
3822
3853
3873
3888
3909
3922
3931
3950
3986
4021
4028
4058
4078
4111
4126
4143
4167
4178
4205
4221
4246
4265
4284
4301
4318
4336
4355
4382
4408
4440
4466
4491
4515
4537
4561
4579
4594
4621
4668
4692
4706
4746
4759
4796
4827
4853
4874
4881
4907
4920
4942
4967
4981
5018
5043
5067
5088
5124
5145
5168
5184
5208
5233
5239
5259
5291
5316
5351
5396
5418
5440
5462
5489
5499
5515
5553
5586
5603
5628
5639
5661
5676
5691
5708
5720
5760
5772
5784
5803
5822
5848
5873
5923
5955
5992
6023
6047
6058
6082
6088
6094
6105
6144
6183
6199
6238
6263
6295
6312
6328
6366
6376
6386
6403
6441
6463
6480
6499
6524
6545
6559
6589
6614
6635
6660
6681
6700
6714
6737
6754
6771
6802
6852
6871
6891
6924
6930
6958
6971
6987
7002
7030
7067
7083
7103
7128
7146
7182
7216
7235
7248
7274
7287
7296
7319
7335
7365
7377
7396
7434
7458
7479
7507
7534
7557
7582
7598
7613
7628
7673
7704
7712
7734
7753
7785
7797
7813
7842
7857
7882
7893
7913
7921
7950
7979
8003
8050
8081
8120
8172
8209
8236
8269
8274
8284
8299
8332
8361
8393
8435
8454
8484
8507
8524
8567
8574
8586
8597
8633
8647
8666
8689
8705
8729
8740
8772
8793
8817
8847
8866
8903
8906
8934
8954
8957
8975
9018
9032
9064
9109
9127
9143
9167
9196
9215
9234
9269
9286
9308
9339
9364
9400
9422
9442
9466
9494
9523
9529
9546
9583
9611
9630
9663
9704
9724
9751
9784
9807
9831
9852
9862
9877
9886
9940
9972
9984
10005
10020
10057
10074
10084
10110
10124
10140
10143
10171
10188
10215
10249
10275
10314
10338
10370
10409
10435
10470
10498
10512
10525
10548
10574
10599
10624
10662
10676
10708
10735
10767
10816
10834
10850
10863
10905
10924
10950
10970
11003
11017
11040
11060
11090
11117
11140
11166
11193
11203
11233
11251
11255
11272
11299
11317
11358
11387
11413
11426
11453
11491
11506
11523
11557
11576
11598
11615
11636
11672
11695
11712
