0
0
0
0
0
0
0
0
0
0
0
0
0
0
0
0
9
9
9
9
9
9
9
18
19
27
40
40
50
50
50
50
50
50
51
51
51
51
51
51
51
51
51
51
51
51
51
51
51
51
55
55
55
55
55
55
55
55
55
55
55
55
55
55
55
55
55
55
55
55
55
55
55
55
55
55
55
55
55
55
55
55
55
56
56
56
56
56
56
59
72
85
100
101
106
106
106
106
106
106
106
123
123
123
123
123
123
123
123
123
131
131
131
131
131
131
131
137
137
147
147
155
155
155
155
155
155
155
159
159
159
164
166
166
166
166
166
166
166
166
166
166
172
172
188
188
188
188
188
188
188
188
188
188
188
188
188
188
188
188
188
188
188
188
188
188
188
188
188
188
188
188
188
188
188
188
190
208
208
208
208
208
208
217
231
240
251
260
267
267
267
267
267
267
274
295
295
295
295
295
295
295
296
321
331
331
331
331
331
331
331
331
331
334
334
348
353
353
353
353
353
353
353
353
353
353
353
353
353
353
353
353
353
353
353
353
353
353
353
353
353
353
353
353
353
353
353
353
353
353
353
353
353
353
353
353
353
353
353
353
353
353
353
353
353
353
353
353
353
353
367
382
382
383
385
385
385
385
392
392
392
392
399
399
417
417
417
417
423
452
453
453
457
457
466
466
469
488
489
489
489
489
489
489
489
489
489
489
489
489
489
489
489
489
489
489
489
489
489
489
489
489
489
489
489
489
489
489
489
489
489
489
489
489
489
489
489
489
489
489
489
489
491
492
505
505
505
505
505
505
505
505
505
505
505
505
505
505
505
505
505
505
505
505
509
514
514
514
522
522
522
522
522
522
524
524
535
535
548
549
550
550
550
563
567
567
567
567
567
567
571
571
571
571
571
571
571
571
571
574
574
574
574
574
574
574
574
574
574
574
574
574
574
574
574
574
574
574
574
574
574
574
574
574
574
574
574
574
574
574
574
574
574
574
574
574
574
576
594
594
594
594
606
606
606
606
606
606
606
606
606
606
606
606
606
606
606
606
610
626
626
626
626
626
626
626
631
631
644
669
677
697
699
699
699
699
699
705
706
706
706
706
706
711
718
727
727
727
727
727
727
727
733
736
736
736
736
736
736
736
736
