0
0
0
0
0
0
0
0
0
0
0
0
0
0
0
0
0
0
0
0
0
0
0
0
0
0
0
0
0
0
0
0
0
0
0
0
0
0
0
1
15
31
63
76
85
85
85
85
85
85
101
101
101
108
108
141
160
160
160
166
176
177
177
177
177
177
177
177
177
189
189
189
189
189
189
189
189
189
189
189
189
189
189
189
189
189
189
189
189
189
189
189
189
189
189
189
189
189
189
189
189
189
189
189
198
212
225
240
246
250
250
250
250
250
250
253
253
253
263
272
279
279
287
289
294
294
294
294
294
294
294
294
294
294
294
294
302
311
324
324
324
324
324
324
347
352
352
352
352
352
357
366
376
376
376
376
376
376
376
376
376
376
376
376
381
381
381
381
381
381
381
381
381
381
381
386
390
395
395
395
395
395
404
404
404
404
404
404
404
404
404
404
404
404
404
404
404
404
404
405
426
444
448
448
448
448
448
448
448
448
448
448
454
454
454
454
467
467
467
467
467
467
467
467
467
467
467
467
467
467
467
467
467
467
467
467
467
467
467
467
467
467
467
467
467
467
467
467
467
467
467
467
467
467
467
467
467
467
467
467
467
467
467
467
467
467
467
467
467
467
467
467
467
467
467
467
478
478
478
478
478
478
478
478
478
478
478
478
478
478
478
478
490
496
521
556
564
585
597
597
597
597
597
597
597
601
601
601
603
603
616
616
616
616
616
616
616
616
616
616
616
616
616
616
616
616
630
630
630
630
630
630
630
630
630
630
630
630
630
630
630
630
630
630
634
640
640
643
650
650
655
655
666
666
666
666
666
666
666
682
682
682
694
705
705
710
710
710
710
712
734
734
734
734
737
737
737
737
737
737
737
737
737
737
737
737
741
749
767
782
783
825
832
832
832
832
832
832
832
854
854
856
862
867
898
898
898
898
918
928
928
928
928
928
928
928
928
936
950
950
950
950
950
950
950
950
950
950
950
950
950
950
950
950
950
950
950
950
950
950
950
972
976
978
978
980
998
998
1011
1011
1011
1011
1026
1032
1032
1033
1050
1050
1056
1059
1059
1059
1059
1059
1062
1062
1062
1084
1093
1095
1095
1102
1102
1102
1102
1102
1102
1102
1102
1102
1102
1102
1117
1131
1148
1166
1189
1191
1191
1191
1191
1191
1191
1203
1203
1203
1206
1228
1251
1258
1271
