0
279
583
823
1076
1381
1773
2221
2589
2881
3252
3513
3832
4100
4540
4981
5326
5648
5903
6204
6422
6905
7243
7530
7867
8262
8550
8982
9229
9620
9942
10221
10543
10826
11114
11433
11675
11918
12227
12559
13030
13305
13800
14125
14499
14852
15153
15549
15915
16179
16507
16764
17123
17538
17855
18146
18530
18873
19240
19598
19958
20309
20496
20800
21154
21559
21890
22232
22538
22967
23242
23575
23872
24166
24531
24843
25220
25592
25797
26159
26489
26893
27187
27528
27892
28248
28604
28911
29224
29449
29774
30190
30502
30859
31334
31621
32086
32524
32983
33394
33710
33899
34155
34548
34893
35138
35443
35842
36277
36601
37105
37446
37852
38187
38516
38801
39190
39610
40015
40310
40679
40939
41232
41566
41820
42259
42579
42871
43229
43451
43841
44138
44408
44727
45007
45317
45681
46019
46392
46681
47074
47392
47658
47936
48177
48564
48822
49181
49512
49877
50232
50670
50981
51387
51652
51954
52398
52747
53020
53273
53484
53757
54113
54469
54775
55159
55455
56038
56568
56896
57177
57500
57881
58256
58651
58995
59388
59748
60110
60389
60627
60853
61280
61560
61805
62115
62554
62902
63308
63493
63697
64105
64450
64822
65022
65347
65661
66008
66372
66762
67180
67600
67942
68330
68736
68953
69325
69596
69995
70372
70610
70927
71179
71437
71748
72025
72313
72716
73027
73396
73720
74142
74579
74893
75228
75662
75977
76239
76524
76955
77261
77561
77912
78306
78693
79010
79237
79622
79981
80277
80633
80972
81357
81627
81935
82352
82695
83005
83324
83695
83955
84284
84784
85144
85525
86041
86511
87032
87441
87771
88115
88553
88791
89048
89381
89661
90014
90324
90707
91046
91399
91821
92172
92530
92851
93116
93535
93823
94181
94515
94912
95259
95580
95911
96353
96672
97060
97419
97693
97969
98266
98677
99107
99340
99677
100011
100369
100642
100939
101316
101723
102040
102475
102827
103098
103539
103865
104197
104542
104909
105309
105770
106183
106579
106924
107205
107458
107822
108084
108504
108785
109073
109429
109757
110229
110494
110914
111254
111658
112073
112549
112976
113283
113479
113874
114140
114471
114861
115208
115524
115758
116020
116382
116726
117009
117287
117667
118032
118357
118633
118952
119229
119521
119736
120090
120458
120840
121141
121534
121816
122175
122469
122790
123067
123434
123799
124042
124284
124528
124792
125187
125551
125908
126259
126523
126902
127153
127483
127879
128090
128365
128815
129240
129617
129896
130357
130722
131037
131387
131795
132276
132601
132955
133325
133607
133865
134140
134576
134897
135149
135431
135758
136056
136384
136767
136993
137393
137769
138239
138508
138812
139048
139289
139602
139870
140135
140616
140922
141258
141695
142063
142310
142601
142971
143274
143739
143969
144270
144616
144969
145194
145617
146042
146383
146830
147188
147533
147890
148132
148509
148785
149120
149369
149616
149828
150218
150655
150931
151400
151767
152028
152272
152547
152926
153209
153596
153951
154273
154640
154882
155204
155486
155706
156027
156411
156718
157021
157372
157648
158015
158320
158549
158901
159362
159746
160031
160303
160491
160744
161038
161441
161705
162049
162439
162920
163269
163670
164029
164316
164661
164980
165300
165652
166102
166444
166803
167170
167507
167836
168192
168430
