0
340
701
997
1310
1710
2152
2652
3097
3445
3870
4188
4561
4881
5366
5859
6265
6649
6960
7312
7588
8132
8534
8860
9261
9712
10058
10538
10834
11270
11636
11967
12332
12680
13013
13380
13681
13994
14349
14750
15286
15622
16161
16548
16980
17404
17781
18222
18660
18980
19382
19692
20113
20582
20948
21331
21778
22174
22613
23017
23447
23863
24118
24473
24893
25360
25747
26158
26526
27004
27326
27732
28094
28453
28890
29269
29714
30155
30395
30823
31217
31677
32039
32450
32903
33337
33734
34089
34466
34752
35122
35609
35982
36399
36937
37283
37809
38301
38818
39274
39658
39913
40219
40672
41087
41365
41731
42180
42675
43064
43629
44032
44511
44904
45289
45628
46069
46542
47036
47388
47835
48148
48495
48882
49196
49699
50071
50421
50836
51133
51589
51944
52270
52647
52990
53339
53751
54161
54593
54939
55390
55777
56093
56446
56733
57179
57501
57914
58300
58721
59144
59647
60000
60472
60782
61151
61676
62083
62403
62728
62998
63330
63743
64168
64543
64990
65355
65993
66595
66991
67321
67713
68159
68611
69070
69477
69922
70328
70730
71073
71364
71658
72142
72492
72775
73171
73666
74070
74548
74798
75061
75533
75917
76360
76614
77003
77389
77796
78192
78652
79134
79605
80022
80460
80929
81210
81640
81957
82422
82871
83162
83522
83828
84163
84532
84863
85209
85654
86025
86442
86826
87300
87796
88169
88559
89059
89437
89742
90099
90595
90962
91327
91714
92162
92595
92949
93216
93654
94074
94436
94866
95276
95720
96049
96404
96887
97295
97663
98043
98448
98756
99155
99709
100122
100557
101135
101663
102234
102690
103097
103482
103973
104271
104588
104953
105281
105698
106075
106509
106882
107301
107780
108202
108618
108992
109335
109791
110133
110533
110915
111368
111757
112125
112508
113000
113384
113835
114238
114549
114874
115224
115694
116180
116479
116904
117289
117719
118044
118392
118826
119285
119670
120159
120574
120890
121371
121754
122153
122551
122983
123432
123938
124401
124877
125257
125595
125898
126299
126631
127103
127427
127770
128210
128586
129111
129429
129906
130301
130761
131237
131776
132254
132601
132849
133310
133642
134031
134486
134885
135267
135551
135870
136294
136693
137048
137375
137820
138249
138623
138963
139340
139666
140032
140293
140721
141137
141605
141977
142441
142777
143204
143545
143911
144233
144646
145060
145338
145640
145953
146270
146686
147125
147551
147984
148289
148725
149023
149440
149900
150165
150488
150987
151467
151909
152266
152791
153212
153572
153983
154447
154971
155356
155780
156201
156556
156861
157182
157674
158061
158374
158708
159099
159442
159831
160269
160557
161002
161433
161949
162296
162646
162940
163253
163626
163956
164278
164818
165183
165568
166059
166476
166780
167120
167552
167906
168422
168678
169029
169419
169829
170111
170597
171065
171455
171962
172370
172789
173193
173505
173931
174260
174653
174939
175251
175528
175979
176467
176810
177326
177763
178081
178377
178739
179210
179523
179967
180362
180729
181172
181459
181859
182183
182471
182851
183287
183620
183972
184383
184703
185139
185493
185774
186204
186711
187158
187509
187847
188095
188396
188735
189201
189516
189912
190347
190885
191294
191761
192161
192543
192954
193339
193701
194106
194598
194990
195418
195855
196255
196631
197048
197345
