0
381
712
1098
1490
1990
2351
2667
3052
3429
3733
4067
4292
4722
5093
5489
5852
6251
6531
6974
7496
7846
8231
8584
9032
9395
9760
10132
10465
10820
11322
11653
12014
12316
12609
12920
13215
13528
13898
14211
14458
14826
15116
15631
15983
16343
16775
17176
17605
18007
18418
18738
19079
19445
19868
20161
20498
20948
21406
21629
22067
22440
22852
23182
23517
23750
24103
24553
24912
25224
25552
25913
26395
26766
27225
27660
28010
28405
28787
29191
29522
29879
30211
30560
30925
31432
31684
32042
32444
32688
33036
33363
33677
34178
34600
34935
35304
35623
35991
36327
36675
37069
37516
37812
38240
38680
39000
39302
39626
40023
40394
40735
41126
41490
41990
42294
42592
42878
43324
43679
44015
44546
44954
45304
45656
45966
46323
46734
47053
47441
47780
48103
48470
48788
49126
49512
49855
50151
50464
51070
51468
51934
52319
52663
53060
53392
53740
54158
54585
54893
55190
55403
55839
56240
56624
57039
57455
57717
58308
58702
58994
59483
59894
60309
60709
60942
61233
61609
61944
62298
62596
62972
63279
63633
64009
64413
64774
65284
65741
66145
66499
66997
67297
67788
68105
68356
68749
69141
69598
69936
70324
70725
71103
71458
71820
72173
72614
72987
73356
73592
73981
74248
74672
75209
75629
75940
76408
76759
77213
77682
78006
78402
78940
79391
79653
80079
80348
80666
80979
81359
81654
82096
82537
82925
83238
83527
83789
84150
84513
84725
85038
85451
85704
86104
86396
86738
87036
87425
87899
88272
88639
89092
89445
89745
90027
90511
90882
91226
91553
91918
92154
92463
92807
93147
93587
93849
94184
94629
94953
95356
95787
96095
96405
96831
97111
97553
97874
98241
98576
98874
99234
99514
99891
100365
100735
101183
101588
101915
102264
102695
102941
103288
103647
104006
104300
104604
105003
105447
105855
106172
106577
107025
107521
107854
108158
108566
108873
109240
109568
109861
110237
110589
110962
111332
111639
112112
112553
112993
113396
113750
114007
114242
114591
114987
115423
115850
116221
116590
116937
117420
117800
118053
118263
118670
119134
119612
119904
120307
120651
120960
121310
121649
121988
122267
122657
122937
123283
123678
124040
124468
124849
125265
125662
126010
126431
126767
127262
127671
128101
128568
128965
129281
129609
129845
130224
130580
131044
131517
131800
132152
132564
132848
133137
133601
134014
134475
134788
135359
135744
136177
136670
137084
137458
137965
138343
138630
139002
139385
139741
140206
140533
140921
141280
141655
142072
142430
142783
143056
143433
143862
144326
144683
145069
145482
145882
146209
146601
146948
147244
147650
148136
148557
148885
149183
149526
149933
150457
150856
151206
151537
151872
152198
152518
152835
153146
153420
153633
153858
154281
154638
155053
155538
155992
156317
156629
156866
157263
157607
158008
158341
158632
158991
159267
159660
160030
160279
160678
161169
161531
161826
162219
162478
162805
163234
163539
163864
164256
164676
165019
165384
165695
166027
166365
166805
167055
167482
167937
168229
168576
168895
169323
169754
170122
170482
170866
171277
171702
172126
172459
172945
173266
173553
173783
174176
174551
174999
175435
175821
176169
176542
176883
177283
177614
177896
178265
178656
179123
179532
179823
180191
180642
180938
181160
181538
181976
182424
182718
183110
183510
183813
184108
