0
374
710
1119
1428
1792
2177
2606
2884
3272
3698
4154
4501
4991
5326
5675
6160
6531
6876
7251
7644
8130
8505
8811
9174
9579
9892
10226
10456
10879
11248
11647
12013
12386
12685
13130
13650
13982
14378
14721
15184
15551
15910
16277
16609
16961
17461
17797
18166
18468
18747
19071
19346
19690
20050
20373
20616
20991
21284
21803
22150
22492
22920
23331
23763
24159
24553
24891
25233
25586
26006
26280
26638
27078
27556
27777
28212
28575
28994
29317
29661
29894
30228
30701
31056
31361
31697
32015
32520
32890
33359
33788
34131
34537
34909
35317
35659
36009
36346
36687
37036
37562
37806
38164
38558
38816
39165
39484
39812
40289
40712
41059
41431
41748
42119
42444
42800
43195
43628
43939
44350
44801
45108
45419
45718
46132
46526
46846
47247
47609
48091
48386
48696
48985
49416
49792
50116
50656
51062
51400
51776
52074
52443
52838
53170
53543
53893
54201
54579
54896
55235
55589
55951
56258
56565
57172
57570
58034
58418
58738
59156
59496
59838
60241
60681
60988
61280
61491
61905
62329
62720
63134
63545
63803
64397
64781
65081
65566
65968
66390
66785
66994
67295
67676
67999
68367
68672
69031
69347
69704
70065
70473
70849
71362
71821
72216
72578
73077
73361
73853
74188
74438
74826
75220
75669
76009
76393
76778
77171
77531
77889
78241
78673
79066
79434
79653
80039
80321
80738
81271
81699
82006
82471
82805
83251
83707
84056
84421
84976
85445
85703
86118
86387
86684
87030
87374
87703
88140
88579
88954
89287
89567
89839
90205
90529
90780
91086
91471
91752
92155
92436
92779
93092
93480
93941
94325
94693
95143
95490
95794
96070
96548
96921
97264
97582
97920
98191
98498
98832
99175
99636
99888
100215
100644
100998
101402
101830
102138
102449
102855
103158
103599
103898
104288
104624
104916
105269
105564
105940
106415
106787
107233
107628
107960
108305
108726
108976
109323
109653
110041
110340
110643
111035
111483
111887
112218
112625
113079
113564
113889
114204
114613
114907
115283
115603
115903
116251
116624
116975
117370
117665
118151
118595
119009
119416
119790
120035
120285
120600
121030
121440
121885
122242
122609
122941
123436
123837
124080
124295
124711
125172
125634
125946
126345
126674
126993
127326
127688
128021
128300
128703
128987
129334
129728
130087
130517
130900
131315
131701
132036
132471
132788
133297
133700
134131
134589
134990
135307
135625
135849
136244
136595
137067
137529
137823
138173
138586
138876
139147
139624
140037
140488
140799
141373
141756
142210
142687
143107
143492
143978
144379
144666
145042
145423
145780
146257
146555
146978
147315
147691
148125
148484
148824
149121
149479
149929
150397
150757
151141
151552
151953
152287
152667
153014
153309
153717
154204
154633
154968
155263
155610
156008
156543
156937
157286
157627
157963
158276
158606
158927
159206
159500
159716
159955
160350
160724
161151
161631
162086
162404
162719
162948
163356
163679
164105
164433
164717
165075
165366
165744
166103
166362
166768
167260
167622
167913
168313
168578
168874
169319
169643
169964
170345
170774
171117
171463
171797
172131
172466
172883
173159
173552
174019
174317
174658
174978
175404
175829
176200
176553
176937
177350
177788
178218
178558
179038
179361
179639
179874
180229
180633
181090
181524
181911
182226
182618
182937
183350
183703
183980
184348
