0
443
796
1021
1540
1945
2274
2561
2860
3101
3359
3709
4000
4260
4718
5078
5387
5640
5837
6123
6421
6708
6939
7271
7571
7859
8124
8358
8654
8953
9337
9715
10029
10423
10753
11043
11258
11654
11898
12257
12578
12816
13122
13344
13677
13920
14319
14595
14845
15188
15604
15877
16284
16580
16824
17146
17478
17804
18140
18430
18714
18993
19196
19520
19786
20208
20540
20879
21232
21608
21923
22187
22487
22733
23042
23312
23666
23946
24242
24573
24921
25279
25609
25979
26436
26815
27061
27367
27690
27978
28250
28556
28880
29173
29350
29797
30023
30454
30866
31236
31577
31934
32123
32383
32565
32954
33248
33684
34008
34388
34661
35020
35436
35695
35874
36125
36505
36953
37249
37564
37841
38176
38480
38782
38987
39303
39501
39832
40147
40524
40728
41109
41429
41762
42181
42482
42891
43229
43584
43961
44381
44692
45008
45386
45656
45908
46144
46511
46835
47260
47601
47865
48198
48482
48721
49102
49435
49818
50203
50619
51004
51344
51854
52228
52578
52964
53334
53655
53926
54280
54659
54922
55251
55639
55900
56273
56530
56938
57180
57472
57786
58230
58655
58942
59308
59667
60001
60342
60695
60936
61219
61557
61997
62312
62718
62932
63228
63633
64005
64412
64727
65017
65291
65563
65957
66225
66406
66684
66820
67060
67337
67746
68085
68536
68911
69221
69487
69707
69964
70326
70730
70957
71177
71457
71711
72041
72392
72647
72905
73317
73644
73899
74277
74522
74750
75139
75429
75711
76016
76355
76744
77056
77316
77630
77905
78264
78517
78853
79202
79525
79812
80097
80368
80841
81157
81468
81769
82173
82505
82905
83222
83604
83943
84217
84420
84689
85072
85432
85794
86135
86488
86787
87059
87402
87673
87937
88254
88607
89023
89358
89649
89948
90294
90555
90823
91052
91446
91776
92110
92442
92834
93054
93322
93565
93911
94350
94685
94884
95229
95527
96033
96324
96638
96932
97270
97514
97716
98119
98457
98731
99215
99579
99820
100119
100353
100706
101031
101328
101639
102003
102273
102636
102910
103292
103748
104048
104409
104797
105118
105410
105872
106107
106415
106795
107217
107554
107899
108124
108554
108787
109061
109313
109639
109991
110293
110619
110953
111172
111589
112007
112355
112700
112986
113390
113747
114018
114321
114582
114991
115381
115744
116041
116299
116536
116803
117070
117302
117646
117948
118156
118385
118702
119130
119471
119751
120023
120461
120854
121217
121468
121881
122208
122550
122896
123165
123407
123850
124224
124458
124736
125129
125504
125824
126105
126264
126559
126989
127307
127553
127790
128144
128568
128923
129295
129693
129995
130367
130662
131015
131310
131594
131915
132205
132514
132985
133228
133517
133843
134121
134396
134754
134928
135364
135706
136080
136369
136664
136999
137295
137564
137917
138270
138560
138927
139329
139632
139853
140148
140481
140825
141120
141510
141794
142156
142442
142718
143002
143353
143650
143980
144333
144743
145095
145410
145676
145972
146361
146590
146927
147221
147495
147833
148090
148445
148768
149059
149358
149600
150006
150435
150795
151190
151507
151834
152198
152445
152793
153183
153428
153697
153833
154164
154544
154919
155271
155610
155899
156275
156790
157022
157384
157851
158147
158564
158762
159039
159270
159644
159891
160207
160498
