0
331
623
1006
1263
1606
1935
2315
2540
2881
3265
3668
3973
4405
4705
5003
5427
5751
6041
6383
6739
7169
7495
7774
8079
8449
8727
9017
9190
9568
9887
10245
10551
10882
11134
11511
11973
12269
12619
12924
13338
13671
13976
14294
14563
14865
15318
15630
15952
16218
16461
16738
16946
17242
17568
17843
18042
18363
18613
19068
19381
19677
20062
20448
20835
21175
21530
21838
22156
22463
22849
23076
23391
23782
24204
24379
24762
25074
25451
25730
26025
26220
26496
26931
27240
27478
27765
28031
28495
28825
29249
29625
29930
30286
30582
30936
31219
31537
31819
32100
32426
32922
33129
33442
33803
34023
34337
34622
34901
35323
35674
35967
36301
36579
36908
37176
37469
37826
38204
38466
38832
39240
39509
39769
40008
40371
40731
41029
41388
41698
42102
42355
42631
42892
43272
43613
43881
44369
44721
45016
45346
45609
45937
46288
46573
46899
47194
47472
47819
48093
48396
48708
49014
49271
49539
50071
50419
50819
51156
51416
51778
52090
52391
52736
53116
53380
53631
53801
54159
54524
54863
55236
55601
55833
56364
56712
56976
57430
57796
58167
58514
58687
58951
59295
59567
59877
60129
60450
60710
61023
61334
61698
62019
62487
62902
63251
63584
64043
64290
64737
65030
65226
65565
65920
66304
66605
66938
67288
67631
67934
68249
68557
68926
69277
69613
69785
70131
70370
70727
71198
71588
71847
72268
72561
72940
73342
73642
73969
74481
74900
75113
75474
75696
75950
76233
76538
76830
77216
77594
77938
78238
78476
78705
79034
79332
79554
79814
80155
80383
80696
80945
81234
81496
81842
82263
82606
82922
83329
83622
83871
84097
84539
84876
85193
85459
85748
85991
86248
86547
86849
87268
87483
87754
88136
88457
88819
89180
89439
89702
90059
90323
90698
90949
91287
91576
91823
92133
92372
92702
93128
93441
93827
94170
94454
94754
95123
95340
95636
95922
96262
96517
96782
97126
97534
97881
98169
98549
98947
99390
99677
99937
100292
100561
100876
101147
101405
101720
102022
102329
102669
102915
103351
103755
104114
104469
104798
105007
105195
105463
105832
106197
106573
106876
107210
107493
107926
108264
108485
108653
109006
109418
109818
110085
110425
110708
110988
111269
111570
111865
112087
112425
112666
112963
113306
113634
114028
114347
114724
115071
115362
115749
116034
116468
116822
117204
117615
117980
118257
118534
118716
119050
119363
119762
120167
120418
120700
121072
121308
121554
121974
122339
122758
123026
123546
123867
124276
124708
125087
125435
125873
126245
126484
126825
127151
127456
127865
128102
128478
128776
129104
129484
129791
130070
130344
130669
131079
131491
131806
132148
132509
132858
133150
133493
133779
134044
134401
134836
135219
135523
135779
136082
136431
136921
137258
137551
137839
138138
138431
138718
139022
139244
139498
139679
139874
140223
140552
140932
141365
141771
142037
142313
142495
142864
143142
143528
143812
144037
144345
144587
144924
145229
145436
145785
146216
146527
146777
147119
147335
147591
147977
148247
148530
148885
149287
149596
149896
150191
150477
150768
151121
151352
151695
152121
152389
152680
152952
153331
153717
154052
154370
154695
155057
155437
155817
156113
156543
156810
157049
157238
157553
157918
158327
158702
159045
159301
159647
159918
160268
160586
160809
161115
