0
415
759
1230
1526
1925
2323
2781
3051
3440
3898
4399
4777
5292
5632
6000
6516
6909
7254
7659
8081
8617
8990
9309
9675
10133
10473
10826
11037
11510
11889
12318
12710
13089
13395
13857
14413
14775
15195
15558
16052
16458
16828
17226
17566
17952
18503
18870
19244
19567
19855
20187
20450
20812
21189
21520
21750
22131
22431
22989
23364
23711
24167
24609
25072
25478
25893
26255
26638
27020
27455
27706
28085
28544
29050
29267
29719
30096
30552
30890
31230
31453
31787
32293
32669
32971
33318
33641
34195
34595
35094
35542
35907
36337
36691
37128
37478
37860
38210
38546
38929
39515
39767
40132
40553
40812
41195
41539
41889
42390
42821
43185
43556
43891
44288
44615
44973
45402
45851
46170
46606
47072
47398
47714
47992
48448
48875
49222
49664
50046
50562
50877
51197
51499
51951
52327
52668
53235
53653
54014
54406
54718
55088
55523
55870
56256
56602
56929
57348
57690
58043
58425
58797
59127
59450
60091
60508
60996
61397
61730
62159
62528
62877
63323
63781
64092
64419
64635
65068
65501
65908
66352
66786
67037
67681
68099
68415
68953
69397
69839
70255
70466
70780
71189
71508
71886
72179
72571
72892
73279
73652
74092
74474
75024
75502
75925
76315
76872
77157
77691
78047
78284
78701
79120
79587
79940
80353
80752
81148
81506
81881
82240
82682
83100
83503
83728
84142
84418
84844
85425
85888
86203
86718
87067
87516
88003
88369
88758
89366
89881
90122
90556
90827
91140
91495
91859
92219
92686
93141
93547
93907
94185
94451
94839
95191
95448
95786
96191
96485
96878
97160
97486
97797
98210
98691
99086
99468
99946
100306
100618
100907
101436
101852
102220
102542
102895
103179
103482
103831
104181
104684
104925
105248
105692
106082
106513
106955
107277
107593
108025
108341
108802
109109
109518
109878
110164
110529
110827
111212
111728
112096
112570
112987
113331
113680
114112
114357
114717
115055
115461
115771
116088
116521
116989
117406
117749
118184
118653
119190
119542
119838
120262
120583
120977
121317
121617
121989
122354
122723
123125
123414
123926
124396
124810
125242
125631
125873
126112
126423
126867
127294
127756
128128
128525
128873
129382
129799
130063
130255
130665
131160
131646
131966
132383
132729
133071
133410
133782
134142
134429
134839
135124
135479
135896
136289
136762
137142
137594
138011
138368
138830
139169
139706
140133
140601
141087
141513
141854
142199
142411
142814
143198
143674
144153
144447
144793
145239
145532
145811
146330
146767
147275
147605
148224
148607
149092
149612
150073
150477
150983
151420
151711
152117
152499
152871
153379
153671
154124
154492
154893
155351
155707
156042
156369
156769
157267
157774
158174
158578
159004
159413
159767
160190
160538
160852
161271
161773
162231
162601
162922
163287
163708
164286
164698
165047
165398
165738
166058
166399
166743
167018
167331
167550
167783
168209
168597
169049
169571
170048
170366
170694
170917
171350
171662
172108
172447
172731
173092
173373
173769
174140
174392
174809
175319
175697
175985
176389
176656
176957
177438
177766
178107
178529
179006
179379
179750
180087
180424
180766
181204
181489
181909
182404
182713
183063
183375
183834
184292
184702
185080
185460
185896
186352
186794
187159
187678
187993
188282
188524
188896
189328
189811
190260
190696
191004
191413
191736
192156
192548
192808
193191
