0
358
621
927
1193
1499
1880
2155
2424
2842
3095
3453
3758
4118
4539
4914
5237
5619
5912
6188
6634
6906
7203
7552
7968
8364
8688
8937
9290
9630
9863
10141
10404
10790
11095
11418
11722
12062
12350
12715
13185
13467
13765
14143
14535
14854
15093
15445
15784
16094
16557
16905
17188
17398
17696
17936
18197
18444
18792
19027
19270
19576
19936
20220
20600
20873
21217
21710
22057
22365
22727
23064
23389
23724
23982
24293
24649
25044
25325
25588
25961
26348
26702
26944
27167
27379
27794
28112
28366
28599
28937
29342
29716
30047
30468
30821
31138
31479
31827
32171
32449
32740
33087
33351
33742
34049
34378
34651
35024
35204
35516
35783
36129
36541
36875
37163
37533
37853
38141
38396
38770
39104
39414
39766
40143
40456
40720
40942
41298
41611
41958
42305
42595
42972
43350
43587
43838
44219
44510
44816
45123
45573
45949
46284
46501
46867
47171
47473
47781
48102
48398
48698
49006
49356
49645
49968
50274
50473
50836
51281
51661
51989
52370
52656
53117
53311
53680
53981
54362
54592
54761
55051
55372
55807
56125
56445
56799
57096
57607
57944
58221
58706
59001
59410
59697
59896
60208
60533
60762
61135
61331
61668
61922
62257
62592
62950
63306
63719
64113
64455
64847
65190
65566
65892
66151
66428
66762
67117
67424
67857
68102
68529
68787
69106
69457
69743
70116
70497
70756
70999
71318
71628
72071
72398
72794
73175
73413
73783
74227
74601
74784
75300
75740
76060
76359
76633
76913
77170
77520
77811
78079
78538
78810
79182
79498
79686
79919
80241
80562
80789
81004
81386
81652
81912
82165
82455
82696
83128
83502
83837
84215
84518
84835
85070
85360
85700
86072
86324
86644
86929
87103
87443
87736
88099
88429
88662
89032
89436
89700
90079
90383
90654
90934
91295
91590
91908
92213
92518
92756
93008
93307
93597
93927
94298
94680
95034
95381
95702
95985
96318
96501
96856
97107
97454
97697
97989
98351
98722
99048
99417
99744
100235
100608
100882
101158
101486
101773
102055
102330
102652
102954
103144
103558
103819
104171
104626
104968
105358
105647
105921
106185
106371
106713
107047
107479
107778
108123
108452
108775
109206
109497
109666
109934
110265
110714
111048
111303
111633
111958
112272
112535
112789
113074
113300
113621
113919
114236
114553
114903
115226
115561
115982
116257
116655
116989
117281
117738
118098
118471
118840
119189
119451
119730
119934
120286
120607
121010
121381
121650
122008
122278
122520
122817
123184
123542
123975
124308
124814
125164
125615
126013
126363
126750
127165
127481
127761
128099
128417
128713
129064
129438
129704
130080
130336
130725
131016
131293
131602
132004
132476
132775
133060
133453
133744
134110
134425
134729
134992
135361
135796
136086
136453
136702
137012
137439
137688
138165
138535
138841
139108
139388
139728
140046
140251
140519
140676
140877
141188
141533
141903
142303
142634
143040
143328
143546
143768
144139
144497
144775
145003
145296
145587
145885
146197
146460
146736
147093
147438
147727
148076
148357
148544
148962
149212
149510
149749
150120
150524
150887
151119
151419
151708
152053
152325
152632
152974
153317
153640
153936
154175
154589
154958
155274
155592
155951
156300
156714
157001
157325
157723
157985
158217
158518
158854
159167
159561
159879
160248
160590
160827
161160
