0
534
894
1340
1692
2149
2738
3126
3458
4127
4487
5036
5505
6050
6723
7290
7787
8352
8786
9191
9882
10288
10719
11247
11886
12518
12999
13344
13873
14391
14745
15143
15539
16145
16597
17096
17545
18067
18492
19043
19799
20216
20659
21248
21851
22372
22687
23221
23703
24181
24903
25415
25808
26059
26476
26827
27196
27549
28058
28396
28726
29164
29720
30139
30708
31101
31653
32419
32953
33423
33963
34493
34942
35436
35775
36213
36772
37363
37778
38158
38707
39315
39859
40200
40485
40786
41435
41897
42264
42585
43082
43706
44282
44782
45450
45995
46446
46958
47461
47984
48393
48803
49302
49664
50251
50710
51210
51614
52147
52394
52916
53298
53802
54455
54962
55390
55925
56405
56806
57142
57740
58231
58688
59228
59777
60243
60630
60908
61456
61939
62463
62962
63384
63981
64570
64875
65241
65829
66281
66720
67171
67870
68429
68926
69241
69799
70201
70675
71110
71596
71959
72419
72902
73441
73860
74379
74838
75093
75662
76339
76915
77422
77986
78403
79117
79365
79939
80411
80990
81298
81511
81941
82418
83089
83553
84057
84581
84995
85811
86307
86735
87454
87902
88562
89006
89268
89728
90231
90540
91106
91384
91901
92272
92782
93279
93840
94358
95003
95612
96143
96753
97278
97869
98337
98717
99127
99630
100164
100601
101247
101595
102260
102617
103059
103613
104003
104570
105151
105523
105836
106314
106768
107474
107945
108577
109145
109491
110063
110770
111358
111620
112422
113123
113594
114026
114416
114816
115197
115724
116182
116576
117276
117660
118192
118645
118873
119224
119700
120171
120499
120800
121400
121826
122206
122561
122948
123286
123927
124491
124971
125556
126012
126492
126800
127214
127756
128307
128671
129131
129558
129795
130313
130713
131260
131735
132017
132571
133206
133603
134183
134602
134984
135394
135966
136407
136887
137347
137800
138122
138455
138903
139341
139821
140396
140977
141478
142038
142500
142912
143397
143613
144141
144495
145051
145418
145831
146366
146913
147394
147961
148418
149195
149790
150181
150580
151079
151512
151943
152317
152830
153288
153546
154186
154580
155121
155811
156303
156876
157319
157723
158080
158350
158843
159337
159992
160419
160964
161458
161900
162591
162981
163163
163534
164031
164723
165249
165619
166107
166580
167030
167404
167767
168188
168499
168974
169429
169868
170353
170867
171331
171830
172479
172877
173480
173935
174358
175104
175658
176223
176800
177328
177691
178130
178372
178884
179363
179979
180559
180976
181518
181885
182225
182652
183195
183740
184396
184878
185688
186230
186967
187594
188111
188693
189360
189821
190240
190747
191222
191668
192195
192788
193165
193763
194119
194694
195100
195502
195953
196571
197331
197744
198171
198768
199188
199739
200197
200642
201031
201553
202213
202634
203189
203532
204016
204647
205002
205714
206269
206721
207061
207438
207952
208431
208696
209083
209294
209580
210047
210601
211152
211770
212248
212871
213293
213563
213880
214441
215003
215398
215728
216133
216552
217000
217452
217816
218202
218737
219279
219680
220203
220616
220880
221531
221911
222338
222653
223226
223865
224421
224748
225183
225584
226072
226486
226933
227436
227968
228438
228852
229208
229843
230414
230876
231340
231882
232431
233056
233479
233986
234596
234942
235272
235714
236256
236730
237355
237819
238378
238887
239191
239680
