0
363
720
1065
1394
1749
2133
2443
2796
3177
3474
3852
4208
4555
4954
5348
5701
6093
6462
6792
7191
7548
7879
8277
8668
9066
9395
9732
10099
10450
10760
11101
11431
11818
12166
12517
12880
13265
13615
14007
14446
14771
15145
15525
15916
16277
16585
16955
17331
17679
18070
18422
18764
19066
19428
19750
20083
20413
20783
21122
21430
21777
22171
22527
22893
23222
23547
23980
24352
24695
25045
25416
25750
26093
26422
26782
27131
27541
27900
28204
28618
29013
29372
29683
29987
30319
30698
31063
31388
31680
32037
32443
32807
33164
33553
33925
34289
34658
35039
35419
35768
36088
36466
36810
37200
37546
37889
38193
38585
38873
39213
39538
39925
40327
40706
41057
41423
41782
42136
42468
42857
43213
43549
43908
44289
44608
44950
45282
45660
45994
46352
46706
47045
47411
47803
48079
48399
48778
49096
49465
49825
50224
50595
50973
51230
51612
51961
52273
52647
53008
53351
53678
54018
54373
54731
55061
55450
55747
56105
56518
56925
57309
57704
58053
58490
58755
59143
59480
59863
60158
60430
60773
61137
61542
61893
62252
62623
62979
63406
63771
64077
64489
64810
65224
65575
65869
66202
66542
66890
67242
67543
67930
68282
68643
68976
69332
69725
70121
70527
70884
71260
71620
71957
72331
72641
72989
73359
73745
74082
74481
74819
75222
75578
75933
76294
76633
77028
77405
77730
78077
78406
78733
79168
79532
79898
80274
80578
80973
81390
81779
82044
82494
82895
83246
83604
83920
84234
84516
84894
85242
85537
85975
86324
86673
87018
87311
87613
87957
88301
88610
88912
89288
89617
89996
90323
90643
90952
91376
91715
92105
92488
92810
93172
93508
93852
94208
94595
94910
95290
95603
95887
96258
96571
96929
97291
97603
97968
98319
98651
99017
99354
99708
100025
100429
100737
101094
101434
101757
102082
102406
102740
103103
103472
103843
104245
104624
104998
105336
105669
106065
106370
106732
107063
107402
107720
108041
108431
108800
109140
109497
109824
110257
110646
110962
111322
111660
112015
112345
112663
112963
113315
113597
114008
114345
114743
115184
115540
115927
116239
116566
116871
117208
117565
117925
118343
118698
119077
119431
119795
120229
120547
120833
121161
121521
121909
122275
122608
122964
123337
123665
123982
124323
124657
124996
125375
125735
126097
126414
126777
127129
127496
127906
128234
128636
128982
129343
129794
130185
130541
130933
131295
131630
131961
132265
132655
133017
133407
133786
134122
134494
134816
135118
135477
135861
136220
136599
136956
137399
137785
138222
138612
138963
139378
139802
140135
140444
140806
141182
141559
141946
142344
142689
143068
143401
143818
144139
144470
144814
145176
145603
145954
146277
146683
147045
147402
147739
148088
148406
148778
149209
149525
149888
150186
150529
150925
151234
151669
152092
152441
152769
153110
153457
153786
154084
154410
154652
154937
155293
155650
156017
156410
156794
157186
157553
157859
158160
158539
158890
159220
159503
159853
160221
160579
160949
161267
161603
161983
162336
162679
163053
163387
163689
164104
164461
164820
165140
165491
165898
166263
166601
166922
167258
167648
168025
168387
168746
169094
169455
169788
170089
170500
170888
171242
171599
171987
172384
172785
173147
173538
173942
174279
174607
174949
175299
175669
176059
176428
176785
177154
177477
177829
