0
321
640
962
1264
1635
1990
2408
2769
3113
3478
3794
4161
4472
4902
5311
5674
6008
6327
6691
6978
7405
7764
8074
8439
8840
9188
9599
9908
10290
10638
10974
11307
11625
11971
12337
12641
12978
13349
13751
14145
14470
14890
15253
15620
16011
16337
16712
17083
17418
17772
18090
18460
18827
19178
19498
19866
20224
20603
20965
21338
21710
22030
22384
22749
23137
23477
23812
24156
24560
24908
25288
25622
25995
26372
26700
27094
27463
27737
28114
28467
28843
29169
29553
29929
30303
30663
31013
31375
31652
32002
32389
32718
33118
33556
33904
34335
34739
35159
35537
35859
36157
36470
36849
37245
37532
37870
38256
38664
39009
39436
39811
40218
40558
40900
41204
41581
41974
42375
42700
43074
43388
43682
44044
44369
44779
45123
45494
45842
46157
46528
46839
47165
47518
47896
48212
48566
48950
49338
49667
50047
50405
50695
51011
51350
51736
52064
52411
52772
53147
53516
53917
54246
54623
54937
55270
55659
56012
56346
56653
56942
57277
57645
58033
58375
58753
59123
59589
60048
60399
60727
61114
61504
61866
62270
62606
62996
63348
63698
63999
64304
64623
65023
65374
65670
66047
66472
66842
67255
67573
67878
68266
68628
69022
69312
69658
70036
70390
70732
71133
71521
71914
72274
72637
73075
73348
73701
74013
74402
74769
75038
75371
75684
76042
76404
76738
77046
77435
77774
78151
78499
78897
79278
79660
80039
80444
80784
81079
81435
81815
82168
82512
82865
83249
83636
83993
84306
84668
85021
85366
85761
86136
86504
86849
87187
87582
87933
88279
88626
88995
89302
89657
90100
90443
90829
91263
91688
92128
92511
92873
93221
93647
93957
94265
94653
94958
95327
95686
96067
96400
96742
97154
97507
97869
98238
98576
98954
99287
99646
100014
100416
100757
101110
101481
101916
102254
102618
102956
103252
103594
103928
104316
104715
105021
105399
105732
106121
106506
106833
107232
107621
107967
108358
108736
109054
109411
109794
110168
110521
110895
111265
111678
112064
112460
112785
113120
113406
113758
114080
114500
114816
115133
115484
115850
116282
116588
116982
117341
117752
118149
118558
118933
119262
119522
119904
120228
120591
120987
121366
121743
122047
122368
122732
123094
123447
123766
124145
124530
124883
125245
125586
125877
126209
126512
126874
127251
127642
127978
128376
128689
129078
129427
129790
130113
130509
130862
131162
131486
131801
132090
132455
132809
133162
133509
133831
134208
134522
134893
135274
135549
135874
136292
136682
137084
137405
137847
138197
138544
138916
139307
139713
140084
140475
140828
141172
141480
141818
142231
142600
142914
143258
143618
143948
144312
144702
144988
145398
145778
146178
146491
146812
147120
147417
147768
148099
148398
148820
149168
149524
149943
150286
150590
150898
151259
151583
151998
152269
152618
152995
153367
153652
154066
154449
154775
155193
155543
155893
156260
156577
156966
157307
157676
157960
158279
158561
158949
159339
159695
160102
160463
160831
161139
161480
161891
162219
162588
162933
163265
163636
163933
164297
164623
164949
165289
165684
165993
166329
166692
167023
167432
167803
168104
168477
168909
169274
169620
169943
170204
170508
170840
171233
171569
171920
172290
172742
173101
173463
173848
174204
174587
174950
175286
175654
176053
176408
176780
177142
177509
177863
178251
178574
