0
130783
260566
390501
521120
651505
781813
912844
1042528
1173257
1302927
1432949
1562738
1692083
1822534
1953032
2083171
2212803
2343514
2473860
2604215
2735065
2864644
2994736
3124869
3255682
3386095
3516271
3646281
3776674
3906390
4037322
4168015
4298139
4428485
4558799
4688936
4819606
4950067
5080037
5209638
5340156
5470205
5600034
5729926
5859720
5990279
6120839
6251552
6382181
6512506
6642338
6772586
6902543
7032633
7162395
7293060
7423197
7553593
7683684
7814478
7944871
8075219
8205263
8334770
8464942
8595142
8725399
8855842
8986165
9116550
9246203
9375790
9506491
9636476
9766695
9897137
10027335
10157015
10287698
10418343
10548356
10679025
10809230
10939169
11069405
11199453
11329581
11459204
11589680
11719665
11850004
11979945
12110387
12240662
12370539
12500743
12631213
12761975
12892066
13022048
13152034
13282757
13413148
13543900
13674305
13804612
13934799
14065286
14195732
14325719
14455615
14586057
14716301
14846824
14977167
15107285
15237541
15367492
15497615
15627932
15758702
15889008
16019079
16149305
16279066
16409513
16539744
16670552
16800926
16930628
17060404
17190406
17320825
17451391
17581164
17710883
17841447
17971448
18101354
18231267
18361354
18491880
18621978
18751930
18882046
19013141
19143268
19273930
19403663
19533800
19663987
19794347
19924600
20054587
20184813
20314653
20445540
20575712
20706116
20836263
20966564
21096700
21226814
21357240
21487026
21617415
21747765
21877992
22008427
22138585
22268878
22398994
22529283
22659507
22789844
22920321
23050272
23181106
23312015
23442777
23572716
23702732
23833223
23963800
24094135
24224896
24354537
24485222
24614921
24744984
24874827
25004265
25134416
25264735
25394888
25524687
25655143
25785631
25916159
26046904
26176495
26306539
26436556
26567250
26697421
26827627
26957828
27088325
27218028
27349003
27479828
27609935
27740371
27870761
28001188
28131819
28262353
28392300
28522026
28652533
28782650
28912603
29042684
29172553
29303215
29433662
29564290
29694928
29825062
29955031
30085274
30215261
30345478
30475402
30606155
30736240
30866375
30996755
31127164
31257545
31387944
31517992
31647966
31778215
31908206
32038330
32168759
32298930
32429370
32559144
32689086
32819524
32949465
33079904
33210449
33340820
33470916
33601595
33732388
33862649
33993054
34123254
34253223
34383601
34513669
34643915
34773512
34904007
35033802
35164327
35294418
35424616
35554699
35684644
35814558
35944951
36075655
36205834
36335925
36465551
36596520
36726507
36857417
36988000
37118350
37248707
37379630
37510038
37640075
37770139
37900505
38030866
38161418
38291694
38421713
38552018
38682041
38812135
38942516
39073202
39203581
39333549
39463726
39593414
39723686
39853845
39984740
40114892
40244657
40374309
40504378
40634860
40765448
40895328
41025286
41155676
41285679
41415605
41545432
41675567
41806229
41936129
42066360
42196524
42327311
42457461
42588110
42717885
42847895
42978225
43108398
43238799
43369071
43499401
43629292
43760089
43890103
44020765
44150795
44280905
44411284
44541259
44671570
44801374
44931824
45062467
45192827
45323125
45453110
45583300
45713440
45843749
45974232
46104347
46234882
46365053
46495633
46626606
46757405
46887241
47017203
47147858
47278257
47408653
47539476
47669358
47799940
47929445
48059554
48189536
48318777
48449174
48579635
48709690
48839428
48969973
49100387
49230775
49361613
49491275
49621457
49751582
49882455
50012646
50142804
50272813
50403291
50533059
50663877
50794705
50924757
51055020
51185332
51315490
51446241
51576737
51706537
51836161
51966545
52096618
52226477
52356522
52486356
52616852
52747490
52878130
53008778
53138867
53268784
53399048
53529067
53659012
53788924
53919531
54049638
54180101
54310152
54440927
54571513
54701814
54831634
54961327
55091488
55221724
55352071
55482431
55612720
55742993
55872565
56002502
56132897
56262942
56393278
56523660
56653895
56783652
56914330
57044864
57175125
57305645
57435725
57565803
57696091
57826008
57956061
58085703
58216351
58346291
58476533
58606509
58736944
58867030
58997147
59127272
59257828
59388548
59518755
59648706
59778647
59909239
60039649
60170352
60300965
60431013
60561464
60691929
60822360
60952293
61082224
61212617
61342875
61473457
61603608
61733837
61864098
61994192
62124172
62254568
62385216
62515635
62645702
62775770
62905671
63036062
63166257
63297133
63427457
63557063
63686835
63816966
63947287
64077719
64207688
64337412
64467933
64597810
64727759
64857806
64987849
65118428
