0
2095
4227
6348
8386
10563
12626
14915
16910
18939
21274
23381
25597
27814
30005
32112
34271
36401
38755
40833
43168
45263
47441
49606
51678
53851
56087
58496
60793
63164
65343
67619
69684
71930
74017
76166
78328
80512
82777
84974
86842
88866
91029
93210
95378
97681
99900
102090
104057
106420
108705
110799
112905
115100
117307
119587
121641
123628
125762
127936
130008
132142
134256
136646
138811
141076
143288
145462
147613
149741
151796
154081
156270
158552
160562
162721
164821
166997
169172
171201
173082
175098
177281
179407
181661
183689
185849
188025
190674
192876
195034
197269
199478
201455
203666
205691
207833
210041
212208
214397
216544
218676
220927
223128
225378
227298
229368
231580
233768
235947
238021
240249
242290
244646
246858
248965
251080
252955
255169
257542
259608
261857
264136
266269
268424
270220
272362
274582
276638
278774
280804
282882
284806
287010
289280
291520
293642
296063
298199
300425
302530
304659
306720
308701
310936
312917
315024
317155
319555
321539
323753
326090
328213
330363
332694
334579
336593
338806
340806
343262
345398
347664
349765
351819
353969
355995
358166
360320
362283
364385
366712
368693
370899
372959
375020
377295
379363
381385
383604
385879
388058
390204
392374
394420
396582
398688
400892
402915
404958
407344
409346
411585
413844
415994
418057
420245
422341
424660
426678
428998
431114
433286
435578
437565
439783
441997
444298
446656
449001
451223
453442
455466
457758
459824
462074
464186
466325
468598
470798
472632
474614
476757
478973
481130
483358
485592
487850
489776
492151
494406
496536
498729
500910
503181
505410
507477
509415
511580
513744
515794
517978
520189
522528
524696
526899
529116
531289
533431
535597
537665
539953
542127
544369
546386
548635
550728
552808
555035
557022
558933
560995
563177
565342
567511
569594
571738
573935
576487
578644
580847
583029
585251
587166
589454
591429
593499
595694
597820
599985
602162
604288
606568
608745
611001
613025
615133
617348
619658
621874
623910
626210
628270
630539
632850
634900
636973
638872
641107
643434
645490
647800
649999
652113
654290
656134
658234
660576
662488
664693
666719
668731
670716
672908
675193
677426
679459
681876
683980
686151
688221
690362
692468
694451
696661
698622
700744
702871
705263
707258
709450
711738
713910
716010
718305
720240
722249
724467
726559
729001
731090
733322
735485
737505
739603
741721
743939
746029
748021
750123
752453
754463
756704
758774
760839
763029
765099
767129
769347
771598
773781
775922
778017
780076
782239
784299
786542
788624
790621
793045
795090
797375
799650
801819
803915
806118
808253
810556
812636
814902
816896
819043
821336
823382
825583
827807
830133
832551
834836
837107
839350
841363
843595
845684
847898
850028
852162
854429
856621
858518
860478
862679
864951
867142
869360
871635
873885
875903
878247
880553
882543
884704
886939
889214
891376
893482
895435
897597
899755
901848
903996
906227
908530
910730
912955
915210
917352
919517
921631
923745
926084
928204
930430
932377
934621
936709
938840
941033
942983
944981
947019
949212
951450
953519
955535
957730
959987
962536
964681
966859
969101
971285
973154
975396
977378
979452
981605
983751
985926
988124
990367
992608
994797
996998
999096
1001154
1003293
1005640
1007859
1009849
1012192
1014199
1016485
1018864
1020913
1023022
1024965
1027245
1029588
1031639
1033989
1036201
1038340
1040467
1042406
1044474
1046827
1048859
1051007
1053028
1055085
1057102
1059291
1061486
1063774
1065828
1068163
1070292
1072505
1074574
1076742
1078824
