0
5142
10397
15504
20706
25928
31048
36367
41512
46527
51617
56799
61971
67217
72255
77440
82729
87775
92955
98212
103446
108712
113845
119027
124191
129259
134538
139645
144773
149908
155145
160313
165503
170779
175905
180955
186249
191602
196817
201956
207134
212205
217398
222711
227732
232824
238102
243254
248480
253656
258870
263929
269160
274564
279795
284889
290203
295520
300648
305829
311049
316509
321698
327106
332153
337373
342545
347780
352702
357885
362959
368067
373081
378326
383508
388781
393949
399522
404402
409655
414792
419984
425113
430413
435502
440556
445817
451022
456275
461371
466783
471924
477089
482272
487577
492794
498064
503126
508451
513450
518761
523910
529181
534312
539765
544936
550179
555364
560610
565682
570757
576061
581342
586483
591542
596721
601973
607123
612178
617386
622492
627629
632840
637878
642956
648031
653250
658441
663762
668975
674176
679348
684478
689874
695084
700111
705255
710369
715300
720302
725451
730719
735945
741264
746360
751682
756827
762112
767198
772345
777622
782688
787902
793134
798208
803356
808362
813706
818696
823820
828952
834242
839431
844687
849800
854989
860360
865495
870704
875922
880975
886189
891332
896581
901786
907036
912140
917243
922288
927350
932444
937579
942673
947879
953033
958262
963543
968784
973893
978946
984190
989534
994779
999725
1004958
1010199
1015251
1020330
1025505
1030700
1035866
1040913
1046139
1051298
1056467
1061801
1066842
1071994
1077095
1082419
1087683
1092884
1098116
1103245
1108172
1113343
1118663
1123885
1129090
1134310
1139414
1144485
1149823
1154919
1159940
1165239
1170393
1175504
1180714
1185827
1190911
1196119
1201456
1206666
1211811
1217075
1222451
1227625
1232729
1237991
1243357
1248576
1253945
1259082
1264127
1269299
1274432
1279410
1284532
1289520
1294630
1299743
1304943
1310130
1315369
1320515
1326037
1330867
1336113
1341165
1346453
1351509
1356709
1361814
1366865
1372079
1377356
1382490
1387637
1393079
1398105
1403246
1408532
1413752
1419015
1424269
1429478
1434892
1440007
1445198
1450321
1455585
1460809
1466257
1471562
1476753
1481946
1487190
1492340
1497397
1502674
1507965
1513075
1518065
1523226
1528403
1533444
1538622
1543674
1548927
1554129
1559256
1564285
1569370
1574337
1579528
1584659
1589994
1595263
1600394
1605509
1610651
1615922
1621222
1626226
1631528
1636598
1641598
1646527
1651634
1656842
1662113
1667442
1672503
1677916
1682992
1688182
1693476
1698671
1703857
1709001
1714183
1719496
1724714
1729790
1734803
1740000
1745297
1750437
1755535
1760771
1765961
1771249
1776318
1781538
1786907
1792025
1797135
1802255
1807265
1812450
1817567
1822811
1828085
1833335
1838560
1843682
1848572
1853714
1858825
1863993
1869011
1874162
1879346
1884526
1889848
1895062
1900167
1905292
1910480
1915753
1920875
1925767
1930875
1936001
1940913
1946037
1951168
1956344
1961510
1966393
1971646
1976718
1982144
1987383
1992700
1997897
2003027
2008269
2013479
2018640
2023823
2028943
2033944
2039074
2044322
2049503
2054714
2060064
2065260
2070352
2075707
2080880
2085881
2090890
2096117
2101351
2106527
2111773
2116862
2122019
2127281
2132565
2137765
2142960
2148363
2153665
2158714
2163864
2169253
2174409
2179767
2184970
2190161
2195461
2200547
2205419
2210568
2215681
2220721
2225778
2230985
2236148
2241351
2246451
2251850
2256684
2261874
2266972
2272162
2277216
2282424
2287481
2292566
2297764
2302962
2308050
2313189
2318526
2323610
2328728
2333976
2339224
2344475
2349676
2354935
2360183
2365260
2370458
2375562
2380734
2385903
2391310
2396546
2401768
2406806
2411949
2417009
2422008
2427285
2432425
2437632
2442749
2447894
2453064
2458101
2463264
2468322
2473564
2478710
2483782
2488836
2493871
2498924
2504115
2509072
2514411
2519757
2524891
2530122
2535234
2540626
2545941
2550944
2556116
2561365
2566504
2571424
2576518
2581638
2586828
