0
4631
9237
13873
18445
22722
27456
32081
36578
40984
45496
49975
54593
59186
63935
68501
73101
77750
82318
86869
91525
96077
100635
105582
110048
114802
119337
123971
128857
133730
138385
142942
147508
152083
156790
161263
165991
170717
175339
180046
184560
189068
193761
198140
202590
207236
211934
216468
221284
225840
230515
235272
239883
244443
249105
253817
258345
263169
267708
272043
276758
281359
285959
290633
295180
299651
304284
308821
313630
318437
323002
327646
332448
337096
341851
346334
351124
355638
360214
364910
369492
374205
378679
383511
387776
392528
397031
401500
406089
410524
415076
419639
424171
428720
433399
438158
442605
447127
451716
456136
460659
