0
2260
4429
6577
8640
10903
13143
15342
17377
19363
21354
23599
25811
27994
30196
32447
34700
36668
38699
40799
42793
44970
47195
49394
51259
53418
55373
57670
59750
61910
64164
66196
68498
70800
72944
75125
77327
79483
81612
83672
85773
87794
90085
92076
94243
96446
98535
100740
102834
104928
106902
109157
111268
113409
115806
117916
119976
121918
124217
126571
128805
130766
132963
135292
137330
139296
141569
143692
145814
147990
150069
152189
154382
156444
158740
160851
162926
165096
167323
169411
171518
173650
175844
178196
180365
182417
184498
186574
188584
190691
192914
195095
197263
199387
201818
203943
206007
208190
210403
212707
214995
217028
219280
221415
223264
225356
227334
229399
231354
233427
235557
237657
239833
242004
244114
246182
248301
250346
252459
254688
256739
258990
261150
263170
265398
267690
269666
271910
274180
276402
278553
280633
283063
285397
287558
290030
292270
294431
296761
299207
301179
303398
305545
307699
309763
311932
314015
316197
318443
320696
322863
325066
327336
329265
331266
333649
335807
338236
340269
342439
344633
346824
349284
351353
353526
355577
357670
359875
362021
364103
366233
368119
370474
372414
374683
376659
378931
381277
383640
385863
388152
390302
392429
394572
396845
399035
401222
403288
405297
407348
409553
411766
413945
416236
418444
420695
422706
424756
426811
428828
431060
433281
435539
437417
439657
441588
443840
445940
448024
450276
452338
454572
456823
458990
461158
463356
465453
467568
469641
471763
473802
476054
478011
480153
482321
484435
486672
488752
490799
492815
495086
497180
499335
501654
503777
505848
507803
510117
512405
514604
516656
518808
521170
523173
525112
527413
529526
531668
533805
535849
537942
540164
542179
544401
546529
548623
550780
553015
555083
557218
559350
561569
563855
565928
567917
570025
572047
574213
576333
578517
580681
582863
584998
587385
589512
591592
593783
595942
598251
600462
602580
604808
606912
608733
610778
612728
614729
616688
618772
620911
623021
625209
627359
629531
631537
633617
635712
637764
640041
642154
644326
646500
648494
650683
652944
654900
657194
659421
661719
663896
666036
668370
670698
672846
675322
677611
679733
682023
684500
686491
688621
690813
692944
695045
697196
699216
701416
703654
705864
707954
710151
712364
714347
716422
718724
720811
723280
725311
727540
729670
731875
734274
736359
738526
740511
742637
744850
746957
749026
751141
753043
755405
757302
759648
761599
763875
766234
768575
770788
773058
775202
777353
779452
781668
783970
786103
788143
790233
792252
794495
796663
798870
801141
803461
805625
807714
809822
811869
813937
816167
818420
820598
822436
824646
826511
828777
830894
833020
835239
837329
839586
841913
844055
846241
848414
850559
852596
854668
856769
858845
861110
863002
865108
867295
869407
871652
873705
875818
877784
880081
882217
884412
886749
888820
890922
892883
895238
897505
899703
901729
903870
906184
908254
910258
912617
914767
916844
918953
921025
923137
925333
927442
929698
931753
933897
936060
938339
940420
942486
944676
946870
949144
951265
953238
955362
957357
959468
961609
963882
965974
968174
970330
972640
974745
976941
979111
981276
983612
985800
987888
990068
992122
993975
996032
998050
1000014
1001974
1004091
1006250
1008400
1010553
1012713
1014876
1016894
1019001
1021113
1023187
1025374
1027516
1029772
1031967
1033997
1036197
1038416
1040473
1042685
1044918
1047170
1049374
1051429
1053770
1056120
1058215
1060699
1063036
1065190
1067521
1070000
1072081
1074181
1076312
