1
20078570
20150370
20111268
20084147
20091496
20094354
20075679
20018613
20096626
20086890
20126608
20124535
20081164
20080454
20117235
20098857
20041218
20104218
20059492
20138688
20058581
20122208
20070285
20121053
20089016
20082190
20047785
20065878
20116803
20134809
20122954
20086818
20125543
20071398
20065286
20087810
20044200
20103740
20112826
20066023
20078825
20078508
20065371
20092239
20093626
20054113
20053474
20075563
20111121
20087742
20067713
20067324
20093349
20084046
20093704
20094994
20042884
20125187
20073127
20097472
20063542
20112906
20077766
20154098
20057434
20105719
20109207
20069350
20076985
20141670
20050260
20023923
20095262
20062859
20072686
20047921
20031087
20044058
20094872
20037121
20044311
20095375
20118082
20081534
20068515
20095536
20143616
20095630
20097000
20101706
20079279
20076415
20135672
20084557
20108075
20111961
20110389
20109904
20044493
20059003
20154373
20053502
20110246
20073263
20055649
20065466
20098082
20133082
20148489
20121047
20091845
20088528
20095053
20120443
20075760
20094245
20054341
20135796
20094475
20075990
20123635
20082765
20066525
20036355
20066120
20067535
20068218
20064135
20083976
20063020
20089491
20110312
20115818
20178100
20102866
20075686
20086807
20057010
20085535
20082699
20090640
20110165
20107655
20073772
20120138
20068464
20055776
20066110
20075449
20074357
20077054
20045305
20114726
20055694
20057928
20126879
20073429
20067355
20088691
20013579
20059852
20101663
20103436
20062561
20044558
20108459
20082172
20107939
20076220
20081213
20071237
20103007
20084674
20053481
20111685
20094310
20055855
20118444
20041966
20083552
20113869
20096072
20057711
20090799
20119295
20065623
20009055
20148757
20114916
20118601
20087199
20095733
20072388
20099840
20104922
20113019
20124652
20057453
20126528
20093512
20131815
20078788
20083828
20059029
20081068
20073232
20095860
20128779
20128505
20073636
20110999
20096718
20120078
20099562
20165818
20118380
20102139
20142061
20063945
20072759
20072611
20066565
20105479
20091347
20046824
20068422
20057191
20100204
20097595
20094916
20048225
20109944
20056440
20074353
20099380
20044500
20061821
20064905
20095063
20061582
20110489
20101064
20111314
20086205
20112746
20117052
20070811
20035768
20079880
20123421
20122481
20095502
20096096
20036845
20006416
20082289
20060988
20077256
20082772
20086374
20082434
20096762
20075884
20078778
20062432
20120579
20107629
20069171
20097550
20053222
20122377
20083735
20083486
20089166
20085384
20116724
20115616
20083869
20086036
20122046
20054737
20080796
20134635
20074120
20065926
20084012
20109390
20105198
20112373
20109071
20090184
20095029
20132398
20092844
20112626
20084992
20109852
20096381
20096107
20069874
20119191
20066738
20028365
20078575
20070076
20054932
20055883
20091279
20092105
20035989
20100231
20108477
20130324
20154542
20062262
20064527
20092974
20104488
20107588
20071061
20089629
20120660
20067451
20100035
20104591
20054022
20019546
20119952
20060256
20063333
20080834
20120820
20082141
20089968
20138877
20104280
20063346
20094768
20055145
20117134
20097110
20101885
20102523
20077662
20082024
20027498
20121663
20047571
20067429
20076575
20111860
20096618
20083663
20053587
20067151
20064735
20115371
20069440
20095452
20146603
20131055
20060793
20079846
20097435
20084642
20026194
20126445
20093490
20092220
20115922
20077279
20075006
20129424
20089231
20064411
20149373
20060307
20147286
20085012
20118507
20056994
20098629
20080837
20081321
20050803
20063367
20080937
20123086
20062757
20107008
20092841
20085422
20061519
20134713
20058464
20079929
20129321
20041875
20044860
20077333
20091037
20048666
20088176
20082415
20115075
20050050
20114057
20068632
20051946
20091835
20090716
20128156
20079003
20128346
20035720
20079922
20029756
20123759
20086093
20133412
20052452
20082308
20097255
20118801
20140396
20062237
20040971
20088256
20060810
20108218
20065233
20081219
20050670
20048838
20043843
20095720
20103163
20064569
20083264
20129323
20160946
20074709
20055847
20092283
20142343
20106646
20072474
20110138
20075653
20061427
20092490
20075998
20121747
20118138
20086396
20086698
20069893
20065112
20156281
20057330
20101852
20117478
20024683
20054700
20076682
20113403
20118881
20106011
20065285
20119679
20087376
20116722
20080085
20060044
20085220
20126429
20107865
20099617
20099662
20064757
20056123
20072936
20090317
20099369
20088830
20030181
20111919
20051905
20087030
20105197
20128221
20154344
20109713
20062331
20093774
20091414
20110415
20086237
20088896
20105066
