0
2151
4199
6507
8773
10711
12713
14868
16987
19144
21334
23632
25989
27835
30016
32376
34699
36698
38853
41132
43439
45535
47635
49720
51720
53976
56030
58042
60394
62604
64910
67190
69324
71417
73701
75701
77907
80075
82334
84360
86452
88706
90758
92929
95012
96923
98929
101059
103120
105501
107493
109607
111833
114318
116742
118765
120932
123168
125226
127471
129576
131519
133752
135978
138087
140300
142413
144762
146809
149090
151226
153295
155368
157557
159809
162018
164115
166289
168395
170700
172943
174974
176977
178992
181252
183482
185703
187931
190106
192313
194270
196361
198394
200624
202680
204787
206822
208916
210933
213136
215438
217686
219897
222242
224414
226594
228689
230841
232722
234863
237110
239033
241103
243481
245719
247632
249955
252190
254447
256535
258764
260624
262852
264922
267100
269485
271544
273866
275933
278017
280087
282231
284434
286412
288467
290633
292858
294886
297212
299224
301430
303521
305651
307584
310066
311994
314209
316413
318390
320570
322686
324917
327021
329037
331239
333550
335630
337760
340014
342288
344339
346521
348698
350885
353070
355337
357370
359658
361806
363993
366167
368393
370679
373183
375326
377593
379671
381869
384107
386261
388405
390437
392743
395048
396953
398912
400997
403217
405373
407529
409785
412195
414047
416264
418558
420933
422972
425151
427400
429709
431809
433907
436008
438044
440197
442286
444285
446675
448913
451136
453367
455493
457603
459930
461906
464137
466266
468509
470556
472662
474935
476979
479142
481337
483167
485226
487401
489512
491772
493770
495911
498105
500548
502869
504988
507166
509342
511438
513674
515799
517724
519918
522119
524220
526450
528496
530885
532924
535149
537302
539399
541516
543746
546022
548275
550340
552522
554665
556900
559150
561225
563170
565204
567484
569735
571911
574130
576320
578501
580516
582602
584630
586901
588946
591090
593070
595178
597174
599390
601685
603834
605996
608315
610530
612762
614819
617004
618898
621115
623221
625051
627185
629612
631806
633701
635984
638188
640487
642547
644840
646756
648924
651028
653230
655615
657619
659951
662049
664208
666269
668361
670561
672553
674593
676803
679040
681053
683376
685458
687575
689638
691740
693762
696180
698181
700390
702623
704588
706819
708934
711114
713230
715258
717447
719810
721933
724045
726297
728543
730647
732862
735024
737210
739418
741560
743642
745815
747963
750123
752273
754571
756930
759426
761612
763830
765878
768004
770194
772356
774525
776558
778880
781206
783067
785026
787140
789417
791572
793726
796063
798464
800365
802605
804873
807166
809109
811287
813503
815790
817919
819952
822058
824090
826271
828347
830374
832718
835000
837311
839578
841715
843853
846115
848131
850397
852624
854767
856872
858937
861251
863289
865464
867638
869491
871518
873707
875790
878076
880069
882094
884364
886854
889149
891305
893486
895685
897786
899992
902084
904011
906201
908350
910524
912728
914862
917297
919352
921584
923722
925789
927839
930111
932351
934584
936581
938758
940927
943185
945536
947589
949548
951618
953966
956134
958347
960552
962762
964931
966880
969002
971059
973355
975422
977516
979495
981545
983618
985793
988046
990229
992404
994606
996828
999030
1001124
1003347
1005228
1007410
1009489
1011396
1013460
1015904
1018090
1020021
1022358
1024469
1026683
1028726
1030923
1032921
1035070
1037170
1039340
1041686
1043726
1045984
1048017
1050204
1052251
1054344
1056480
1058560
1060537
1062860
1065000
1067116
1069384
1071459
1073611
1075627
1077780
