1
32669136
32674107
32618779
32584082
32436579
32610662
32558437
32536784
32491389
32568470
32654608
32597506
32496596
32639984
32600728
32521675
32425012
32547901
32592267
32584150
32653524
32496472
32492409
32642799
32555853
32688122
32649436
32511453
32640228
32623053
32604566
32599501
32519670
32657110
32519920
32582371
32522366
32556982
32740297
32572171
32468811
32572787
32695830
32590448
32375342
32429408
32507647
32588466
32524543
32624843
32629839
32421558
32533307
32504998
32601797
32500945
32552732
32557613
32593685
32555429
32519510
32423076
32587473
32539410
32645404
32514323
32534465
32602544
32579176
32598660
32584602
32599723
32552390
32503521
32469639
32549079
32593827
32610591
32606613
32537180
32422864
32574103
32553708
32662191
32639393
32481375
32525549
32519294
32606059
32517895
32541570
32629478
32559586
32649716
32543735
32516860
32482236
32453534
32494369
32640167
32581834
32516386
32576594
32616099
32534472
32529647
32506824
32506868
32535200
32579988
32580090
32631032
32555752
32615501
32570465
32576490
32438286
32553804
32539542
32592361
32577919
32561653
32683773
32559080
32591888
32573021
32533711
32547943
32667264
32689712
32538384
32535839
32600114
32470368
32546427
32500072
32423936
32670702
32554368
32624981
32523898
32650752
32563154
32660715
32557271
32528885
32641519
32645321
32640678
32471950
32547655
32626505
32568045
32580351
32512196
32510740
32586706
32579913
32560299
32512297
32676386
32582758
32669010
32573266
32610563
32479882
32479718
32475515
32580796
32453632
32597758
32529748
32379144
32686664
32746866
32658922
32600437
32522704
32498153
32748747
32642535
32675766
32542766
32463280
32601769
32548355
32467481
32491632
32534833
32655409
32597848
32485290
32634557
32579468
32494959
32424871
32574803
32552375
32566050
32645445
32498013
32479694
32638104
32565748
32675833
32636518
32490135
32669197
32687423
32510921
32609938
32500030
32677716
32531327
32533167
32521571
32547264
32771386
32573061
32502384
32594020
32667930
32593116
32383097
32446066
32451139
32644569
32499783
32611011
32617663
32430167
32521823
32523551
32594468
32491467
32550987
32568493
32581595
32524204
32551766
32465838
32578083
32521036
32657556
32494311
32520769
32563170
32618643
32563024
32597586
32570995
32613216
32502362
32442096
32571334
32610397
32643373
32559975
32494206
32468398
32519427
32623446
32670966
32566253
32542317
32507010
32535732
32552992
32482256
32568008
32611229
32501011
32682871
32562466
32528780
32448103
32431881
32517021
32627013
32568068
32530143
32563980
32612884
32497087
32589946
32491585
32496954
32530479
32556075
32588675
32636603
32567382
32640968
32519521
32578480
32412162
32645017
32520265
32568317
32583634
32547440
32666006
32582619
32583415
32511509
32520527
32620636
32663942
32672500
32493573
32534695
32615611
32487295
32566613
32514613
32404884
32702497
32534499
32631940
32524836
32664250
32526155
32702094
32545043
32542534
32630591
32630758
32603245
32472197
32539220
32650817
32548635
32593548
32494630
32559735
32602863
32529126
32549658
32503559
32694378
32597717
32624702
32602800
32569076
32504968
32476324
32507584
32585616
32474465
32605196
32549431
32378346
32689377
32737754
32671962
32573911
32505480
32552393
32723126
32609134
32661918
32549795
32486494
32588913
32543571
32507140
32522467
32591368
32645253
32599962
32528936
32631533
32558312
32495055
32441088
32571923
32616183
32542949
32628031
32502585
32521483
32641471
32590225
32673286
32624378
32537241
32645552
32613842
32565730
32630664
32498373
32673927
32510465
32529213
32540123
32635247
32732253
32554259
32448971
32589083
32709357
32566205
32373901
32446360
32502647
32554840
32549214
32619356
32637190
32432544
32540682
32497100
32596669
32537863
32507517
32592726
32539316
32581394
32486594
32474519
32578737
32533801
32660480
32485251
32540754
32616733
32550380
32601850
32620501
32533494
32621607
32512153
32454204
32534132
32612686
32617173
32617946
32483505
32456288
32526336
32638995
32672973
32557898
32498073
32530215
32507143
32581672
32510048
32557286
32643743
32556252
32652452
32556669
32514518
32511917
32396307
32552192
32617181
32564795
32549011
32569270
32614265
32483707
32613189
32462224
32508118
32563970
32556400
32566545
32651560
32543256
32644285
32539582
32584249
32368176
32637421
32533791
32597500
32580166
32553927
32679068
32586898
32584842
32538074
32522900
32578748
32684043
32672144
32532638
32531176
32608233
32474927
32567652
32483890
32407448
32687118
32538862
32620538
32536583
32678705
