1
23328993
23312744
23271546
23279541
23287055
23309720
23292000
23259701
23282010
23260614
23265201
23299383
23307280
23270627
23274328
23281018
23277094
23211069
23359122
23358605
23320724
23215662
23299980
23259863
23212984
23314705
23264094
23284710
23276320
23284069
23287544
23259339
23283459
23228611
23321580
23300351
23256298
23258321
23332023
23277521
23293140
23261865
23332472
23306668
23292878
23297664
23195736
23292686
23367974
23241815
23266678
23276589
23309896
23225659
23402277
23334305
23332795
23223274
23274973
23284637
23286678
23274592
23344496
23290097
23279745
23270703
23226081
23335957
23260596
23361507
23342836
23228641
23285565
23223277
23315872
23225522
23233369
23306250
23279000
23318982
23359093
23225364
23224455
23291292
23270363
23323889
23238943
23306967
23325075
23328398
23275320
23328090
23399029
23236891
23288450
23258855
23330322
23259245
23250046
23262551
23307776
23303481
23262628
23298635
23245467
23266621
23261051
23311631
23294106
23283052
23362012
23266078
23233612
23224091
23246639
23323564
23183537
23272319
23340307
23229251
23229497
23360037
23261694
23223295
23308081
23340038
23217163
23258418
23336658
23374340
23231871
23257374
23308728
23314242
23243211
23232851
23242779
23214329
23306293
23279006
23283933
23244199
23240097
23291914
23266678
23252128
23297480
23274156
23338005
23236184
23286726
23270244
23293903
23238423
23298252
23260448
23296196
23294892
23403667
23243869
23324243
23226059
23252289
23246785
23216544
23216405
23236837
23239595
23282518
23280772
23216974
23329887
23219625
23249642
23296941
23258698
23292054
23358828
23293019
23318503
23309279
23254880
23256659
23283439
23316590
23261148
23287948
23267620
23265785
23262579
23316627
23277508
23267837
23259192
23275252
23291200
23219408
23342139
23321778
23301975
23211315
23276122
23253208
23197201
23290023
23253800
23273084
23270150
23277518
23288359
23270035
23271085
23228888
23304109
23308410
23271979
23250508
23321052
23297050
23277908
23256287
23345002
23309757
23295971
23287472
23202726
23299095
23335104
23247592
23239611
23299999
23281897
23249235
23402985
23299804
23331417
23212097
23285866
23291467
23286953
23290339
23347795
23293681
23281410
23261442
23206171
23339933
23251204
23347474
23298963
23224797
23278030
23221918
23305194
23248211
23243408
23289885
23270413
23337241
23350211
23255379
23209101
23288810
23310123
23290224
23263136
23330415
23299021
23314809
23279992
23298780
23375136
23244380
23299210
23257291
23328952
23292456
23226464
23252626
23305259
23292629
23274716
23288590
23269501
23258804
23253530
23312682
23281195
23304801
23343722
23265344
23217736
23227570
23295763
23311209
23186423
23311595
23311321
23223966
23228248
23360126
23239771
23236395
23289947
23296508
23251728
23267215
23336883
23344411
23258441
23260354
23324382
23292784
23214023
23265684
23238831
23251412
23306457
23284938
23284813
23234353
23230308
23293320
23241565
23278455
23268603
23279751
23316287
23269138
23305923
23301917
23301655
23243679
23265494
23262817
23246248
23315773
23381535
23244660
23344249
23232835
23251663
23263106
23204721
23280902
23245500
23267392
23291704
23276618
23243105
23350543
23211551
23259361
23302088
23280707
23274515
23360609
23302826
23312038
23310723
23273646
23292959
23292528
23299357
23294197
23259445
23276478
23255702
23277982
23306425
23294619
23289472
23253566
23279311
23270195
23224893
23362949
23377574
23280471
23224592
23300182
23273689
23191000
23326536
23245942
23302736
23265784
23289216
23267412
23280578
23265785
23271052
23303128
23310648
23239737
23254095
23316652
23279583
23294326
23290793
23317008
23332337
23268475
23269748
23228204
23291698
23352785
23255267
23254925
23299268
23295276
23249494
23397219
23330161
23314729
23228923
23289461
23283056
23272655
23280144
23338657
23294660
23292535
23254739
23210671
23351063
23269176
23350665
23324627
23236026
23313636
23213076
23301079
23249434
23227554
23304003
23280433
23334982
23322738
23243291
23207450
23305978
23298340
23287992
23248133
23311812
23309028
23336741
23271476
23336314
23391487
23249642
23286608
23245983
23339024
23265462
23245453
23263806
23317778
23303298
23244594
23284634
23278471
23248808
23264770
23312189
23288916
23296181
23339870
23257304
23245859
23218863
23276252
23292554
23201353
23254259
23340875
23241643
23238693
23357746
23238169
23227874
23323385
23316582
23235675
23257303
23340281
23362714
23227873
23262719
23328006
23296757
23229582
23240352
23245121
23242073
23276654
23283892
23311561
23232461
