1
18281818
18282859
18278099
18276431
18331519
18340209
18274715
18235077
18277429
18274949
18255033
18312795
18284145
18299814
18280381
18285103
18310245
18274187
18284118
18312147
18318553
18314172
18312481
18265887
18266287
18258633
18290776
18290364
18265488
18262806
18297918
18276852
18308406
18275813
18275318
18308376
18259852
18309147
18258388
18277846
18297433
18312093
18331168
18256511
18287190
18298442
18301046
18250813
18300375
18333223
18237923
18297700
18317676
18231765
18292066
18251090
18243171
18221080
18238929
18251903
18318554
18279514
18267258
18297432
18269675
18308256
18288990
18274460
18245930
18308213
18300121
18250346
18301692
18270090
18275319
18264680
18305543
18309983
18308683
18305773
18262780
18289823
18314958
18296205
18274538
18274118
18298126
18292162
18272654
18281409
18321188
18286240
18311180
18303938
18339761
18313285
18287496
18305627
18278488
18252127
18246729
18284598
18321121
18250046
18317822
18300572
18316885
18293749
18298123
18253535
18281942
18325963
18291410
18257800
18307514
18241244
18289885
18315598
18258654
18285424
18309939
18295340
18259153
18285680
18289233
18282113
18254144
18304802
18287573
18264164
18297734
18295281
18332620
18329775
18294946
18279241
18293817
18234381
18309521
18284091
18279468
18313134
18307511
18299909
18285715
18276617
18279560
18283333
18297983
18275525
18263727
18293892
18275431
18274612
18229671
18296983
18282919
18300660
18278587
18310978
18297504
18277729
18301404
18255265
18298162
18271656
18276292
18280917
18338943
18276908
18260329
18300784
18304705
18287212
18266510
18258138
18277224
18294396
18270485
18271147
18287091
18272604
18299119
18304685
18332338
18279671
18243978
18260908
18270688
18221682
18307887
18275463
18302150
18279419
18267897
18304255
18295269
18258035
18314049
18301356
18308951
18291509
18266634
18273421
18285217
18281567
18261090
18257245
18287696
18283649
18274798
18310974
18279574
18294400
18292592
18250049
18306627
18259137
18261594
18276633
18328461
18341798
18240846
18298978
18286354
18305566
18280529
18311088
18330233
18233474
18316264
18309677
18240723
18300509
18271299
18249122
18205618
18239072
18273085
18313537
18272379
18270355
18275808
18278189
18290013
18309457
18266146
18249597
18316523
18299663
18244644
18304138
18276827
18249998
18255345
18292132
18313746
18310977
18277316
18253617
18299045
18297521
18311417
18276648
18255866
18282483
18286291
18281207
18306023
18279936
18281251
18314966
18318928
18303526
18330871
18274787
18308682
18298442
18248332
18285107
18273124
18318677
18247809
18304895
18297907
18306474
18280715
18317304
18251167
18290955
18319792
18285285
18259977
18311173
18269859
18296491
18308806
18251010
18299021
18310677
18311021
18276068
18270637
18292969
18265772
18248869
18312311
18292962
18298959
18302648
18279029
18317717
18327785
18299932
18276058
18297493
18224544
18313717
18286567
18294270
18300955
18301531
18292427
18273235
18248902
18298321
18268641
18300296
18267350
18279919
18299684
18276367
18287570
18246274
18299958
18277942
18313639
18258025
18300335
18303872
18266307
18303536
18230645
18295599
18273762
18284370
18278507
18347907
18269742
18261766
18292584
18313276
18298747
18272618
18277176
18288021
18302457
18282452
18278067
18290414
18275372
18280802
18335203
18346970
18252989
18252755
18270813
18271045
18246567
18311478
18297018
18293985
18279866
18280856
18307025
18288728
18275066
18317865
18313849
18336076
18285669
18266822
18262910
18262768
18293657
18277515
18271057
18270161
18294744
18272029
18302637
18295645
18277039
18296848
18264019
18305697
18262326
18287562
18297567
18307093
18329096
18250876
18289588
18302409
18294855
18259622
18298861
18325798
18238599
18302442
18303542
18243156
18293055
18246627
18239724
18218757
18237019
18284236
18294511
18268189
18271273
18297985
18265375
18318263
18298779
18258735
18261448
18305203
18295735
18242491
18311862
18256293
18297334
18263625
18297562
18317205
18318700
18276326
18272900
18300200
18298520
18317527
18282433
18260218
18302166
18283806
18269940
18294789
18305808
18292527
18311280
18313668
18330997
18309541
18286626
18301484
18288669
18234337
18268972
18275433
18319708
18242340
18329990
18307563
18298152
18295064
18298306
18261412
18283555
18331340
18271996
18267677
18300841
18251330
18290171
18300627
18261144
18302109
18303435
18299615
18263963
18280446
18297911
18259321
18262133
18304455
18289154
18274691
18288015
18299334
18327331
18336225
18286988
18289026
18278057
18240103
18329322
18261599
18292527
18312530
