0
10324
20649
30858
40972
51255
61765
71977
82252
92466
102638
112989
123268
133632
143741
154139
164462
174777
185171
195300
205538
215811
226135
236532
247016
257094
267353
277525
287710
297823
307954
318475
328777
338876
349210
359552
369758
379895
390120
400578
410778
420909
431073
441427
451565
461937
472317
482615
492957
503404
513605
523788
534211
544507
554906
565313
575817
586077
596482
606736
616965
627222
637500
647835
658055
668511
678855
689190
699401
709744
720121
730360
740739
750954
761369
771714
782074
792340
802600
812848
823053
833367
843910
854057
864121
874273
884557
894774
904911
915222
925412
935800
946145
956314
966578
976939
987329
997753
1007968
1018366
1028732
