0
2462
4701
6872
9057
11182
13427
15710
17955
20342
22493
24381
26688
28734
30604
32822
35063
37193
39172
41568
43467
45645
47960
50208
52634
54604
56890
59149
61362
63710
66018
68177
70572
72633
74831
77133
79186
81472
83760
86196
88400
90713
92779
94730
96958
99498
102141
104679
106633
108806
110949
113205
115400
118030
120114
122349
124589
126852
128932
130994
133262
135455
137614
140271
142435
144673
147063
149098
151249
153507
155759
157695
159895
161972
164005
165969
167994
170354
172410
174802
176687
178717
180831
183234
185479
187706
189490
191183
193217
195340
197814
200125
202480
204876
206678
209196
211377
213729
215886
218019
220479
222773
224770
226940
228882
230950
233141
235084
236891
239088
241245
243659
245788
248312
250633
253301
255209
257291
259493
262186
264353
266609
268715
270830
272900
274986
276962
279333
281591
284011
286046
288464
290774
293017
295312
297473
299539
301935
303882
305897
307787
310118
312354
314729
316812
319233
321737
323994
326113
328570
331045
333009
335116
337370
339871
341828
344265
346143
348333
350494
352636
354925
357105
359010
361089
363497
365483
367700
370020
371803
373899
375986
378453
380576
382585
384366
386577
388882
390959
392967
395451
397764
399897
402066
404230
406464
408798
410936
413304
415558
417444
419792
421815
423852
425955
428128
430310
432283
434639
436611
438887
441171
443465
445853
447742
450083
452295
454543
456915
459200
461340
463725
465857
467980
470262
472307
474630
476939
479376
481564
483837
485956
487909
490253
492769
495344
497871
499877
501998
504231
506421
508633
511283
513382
515553
517803
520024
522099
524102
526289
528536
530653
533324
535441
537597
540048
542033
544165
546417
548637
550626
552813
554915
556983
558907
560960
563257
565252
567629
569525
571550
573697
576078
578291
580563
582371
584025
586120
588171
590600
592992
595372
597757
599541
602030
604253
606567
608722
610975
613288
615569
617534
619596
621568
623694
625834
627824
629695
631918
634081
636411
638504
641064
643485
646029
647977
650020
652224
654955
657030
659348
661548
663637
665656
667837
669874
672222
674449
676918
678976
681400
683678
685943
688249
690425
692528
694838
696984
698942
700800
703152
705342
707753
709833
712255
714771
717081
719240
721684
724138
726173
728271
730605
732967
734954
737334
739252
741470
743566
745752
748018
750129
752098
754134
756554
758471
760730
762987
764801
766960
769064
771425
773602
775685
777461
779729
781980
784042
786055
788511
790783
793023
795190
797264
799534
801806
804013
806352
808530
810484
812733
814758
816814
818856
821136
823203
825257
827562
829481
831774
834028
836328
838660
840589
843001
845197
847392
849768
852085
854295
856614
858726
860918
863159
865241
867584
869874
872330
874442
876743
878910
880818
883256
885604
888170
890709
892708
894924
897102
899277
901537
904144
906248
908462
910740
912959
915030
917107
919332
921607
923729
926473
928638
930763
933241
935233
937350
939663
941879
943855
946057
948158
950213
952186
954271
956496
958629
960954
962906
964910
967086
969463
971633
973864
975689
977409
979466
981538
984018
986344
988747
991084
992874
995370
997607
999990
1002078
1004398
1006658
1008935
1010960
1013133
1015013
1017170
1019249
1021202
1023094
1025342
1027462
1029859
1032079
1034498
1036902
1039426
1041453
1043469
1045706
1048447
1050545
1052867
1054943
1057131
1059087
1061214
1063339
1065629
1067824
1070213
1072261
1074786
1077074
1079266
1081617
1083743
1085816
1088139
1090264
1092212
1094064
1096492
1098664
