0
2051
4124
6259
8338
10582
12548
14649
16812
18898
21140
23202
25338
27346
29668
31800
34018
36345
38401
40518
42491
44854
47154
49313
51358
53537
55790
57863
59941
62274
64454
66526
68634
70740
72860
75051
77181
79459
81566
83757
85904
88111
90214
92280
94398
96573
98826
100974
102999
105131
107178
109301
111425
113710
115817
117995
120149
122525
124626
126826
128925
131099
133422
135640
137750
139882
141967
143806
145880
147804
149842
151787
153882
156008
158113
160309
162472
164627
166682
168817
170906
172983
175248
177372
179581
181741
183768
185979
188147
190154
192364
194583
196848
199011
201126
203479
205779
207889
210375
212697
214835
217136
219604
221680
223735
225861
228034
230178
232261
234345
236518
238715
240904
243049
245238
247395
249450
251441
253857
255948
258394
260413
262657
264805
267072
269498
271541
273691
275760
277916
280099
282280
284286
286377
288318
290648
292584
294874
296839
299104
301512
303760
306028
308394
310549
312715
314838
316948
319251
321346
323423
325540
327532
329741
331923
334147
336429
338664
340748
342774
344869
346896
348944
351160
353429
355528
357374
359642
361487
363780
365909
368067
370289
372273
374482
376820
378935
381088
383371
385477
387511
389606
391743
393798
396046
398009
400137
402265
404411
406629
408606
410735
412691
414947
417081
419319
421672
423737
425780
427769
430149
432450
434590
436610
438774
441077
443085
445074
447449
449594
451736
453782
455910
458040
460189
462338
464611
466744
468850
471009
473175
475243
477352
479446
481637
483866
486018
488043
490186
492236
494281
496490
498740
500848
503077
505219
507534
509653
511763
513890
516053
518382
520642
522824
524958
527040
528933
531016
533013
535012
536966
539027
541196
543261
545461
547569
549798
551843
553898
556018
558075
560278
562407
564606
566813
568815
571024
573245
575199
577516
579649
581934
584156
586328
588659
590984
593074
595558
597878
599955
602271
604707
606766
608881
610978
613153
615212
617335
619411
621635
623913
626112
628310
630574
632718
634720
636683
639087
641188
643636
645641
647880
650070
652293
654709
656806
658900
661001
663131
665352
667432
669535
671609
673543
675914
677878
680129
682195
684405
686690
689032
691263
693634
695768
697921
700056
702216
704450
706528
708616
710742
712707
714917
717055
719320
721631
723842
725988
728075
730160
732201
734258
736521
738747
740841
742673
744955
746766
749083
751258
753325
755530
757550
759779
762065
764197
766387
768617
770757
772745
774809
776941
778993
781287
783205
785275
787416
789597
791792
793847
795942
797921
800148
802370
804496
806823
808964
810978
813046
815427
817681
819802
821826
824043
826351
828402
830359
832730
834951
837035
839134
841216
843367
845567
847721
849934
851934
854106
856252
858464
860539
862639
864707
866967
869164
871214
873219
875346
877446
879548
881666
884002
885996
888235
890351
892721
894817
896903
899144
901337
903641
905821
908047
910191
912282
914130
916148
918156
920069
922016
924147
926260
928321
930478
932605
934876
936932
938958
941129
943253
945444
947551
949744
952017
954044
956239
958385
960415
962773
964932
967273
969433
971621
974017
976299
978421
980864
983117
985220
987495
989965
992034
994230
996319
998531
1000540
1002721
1004766
1007002
1009234
1011547
1013652
1015850
1017985
1020141
1022045
1024465
1026572
1028950
1031079
1033277
1035408
1037668
1040044
1042128
1044286
1046331
1048440
1050669
1052782
1054862
1056938
1058850
1061192
1063174
1065396
1067487
1069703
1072097
1074431
1076640
