0
129582
259650
389945
519923
650279
780207
910788
1041158
1171683
1302471
1432825
1562659
1693169
1823034
1953205
2083545
2213808
2344422
2475117
2605142
2735514
2865904
2996395
3126942
3256970
3387119
3516842
3646814
3777534
3907752
4038246
4168641
4298491
4428812
4558591
4689122
4819236
4949517
5079677
5209399
5339935
5470135
5600787
5731020
5861196
5991085
6121614
6252134
6382212
6512288
6642568
6772615
6902858
7033141
7163536
7294061
7424530
7554220
7684718
7814715
7944791
8075103
8205418
8335577
8465852
8596109
8726182
8856548
8986022
9116364
9246735
9377088
9507146
9636997
9767433
9897696
10028397
10158785
10288474
10418859
10549267
10679463
10809909
10939989
11070194
11200125
11330387
11459802
11589886
11720289
11850828
11981220
12111705
12241547
12371947
12502368
12632459
12762791
12892829
13023201
13153219
13282954
13413355
13543031
13673038
13803223
13934059
14064838
14195126
14325301
14455418
14585837
14716308
14846540
14976948
15107312
15237287
15367525
15498096
15627984
15758451
15888678
16018713
16148697
16278603
16409055
16539435
16669899
16799729
16929827
17059495
17189466
17320040
17450330
17580823
17711216
17841494
17971077
18101492
18231337
18361182
18491416
18621545
18751767
18881625
19011763
19142240
19272780
19403440
19533757
19663653
19794112
19924228
20054505
20184310
20314358
20445088
20575187
20705999
20835942
20965993
21096275
21226291
21356751
21486816
21617500
21747525
21877863
22007970
22137984
22268080
22397929
22527598
22657521
22787503
22917994
23048350
23178136
23308035
23437991
23568334
23698572
23828527
23958834
24088933
24219383
24349945
24480531
24611346
24741555
24871392
25001881
25131885
25262027
25392397
25522565
25653200
25783830
25914103
26044379
26174788
26305233
26435793
26565886
26696257
26826116
26956101
27086695
27216956
27347571
27477888
27607879
27738306
27867989
27998330
28128361
28258535
28388407
28518414
28648769
28778923
28909810
29039743
29170027
29300040
29430468
29561029
29691095
29821051
29951261
30081323
30211832
30342027
30472342
30603059
30733614
30863306
30993704
31123826
31253891
31384010
31514493
31644368
31774827
31905280
32035332
32166053
32295631
32426021
32556384
32686592
32816507
32946584
33077070
33207314
33338206
33468817
33598449
33728782
33859171
33989426
34120005
34250063
34380337
34510285
34640683
34770034
34900199
35030613
35161189
35291464
35422035
35551786
35682162
35813049
35943151
36073343
36203484
36333753
36463790
36593644
36724093
36853805
36983771
37114202
37244730
37375539
37505765
37636043
37766183
37896269
38026979
38157290
38287858
38418244
38548241
38678512
38808991
38939096
39069647
39199979
39330031
39459944
39589890
39720340
39850841
39981454
40111345
40241440
40371171
40501535
40631833
40762139
40892672
41022884
41153087
41282851
41413273
41543297
41673353
41803494
41933632
42064019
42193787
42324036
42454425
42584738
42715453
42845721
42975551
43106105
43236362
43366805
43496709
43626345
43756931
43887299
44018065
44148073
44278359
44408662
44538860
44669025
44799168
44929729
45059850
45189901
45319803
45450062
45580337
45710515
45839945
45969957
46100078
46230644
46361081
46490758
46620559
46750157
46880150
47010616
47140403
47270821
47400915
47531376
47661750
47792359
47922964
48053327
48183254
48313717
48443661
48573759
48704181
48834460
48964995
49095610
49225846
49356160
49486652
49617075
49747672
49877608
50007796
50137429
50267451
50398248
50528472
50658886
50789134
50919055
51049346
51179140
51309741
51440012
51570004
51700164
51830027
51960451
52090691
52221518
52351568
52481760
52611607
52742361
52872565
53002786
53132796
53263056
53393105
53523551
53653578
53784080
53914645
54045157
54174855
54305175
54435349
54565291
54695652
54825950
54956195
55086468
55216578
55346564
55477020
55606542
55736812
55867384
55997408
56127633
56257520
56388064
56518236
56648948
56779264
56908852
57039359
57169936
57300211
57430522
57560412
57690601
57820766
57950873
58080302
58210455
58340960
58471366
58601674
58732363
58862095
58992593
59123057
59253191
59383228
59513210
59643664
59773741
59903536
60033829
60163665
60293583
60423890
60554690
60685390
60815688
60945859
61076063
61206336
61336810
61467028
61597445
61727870
61857698
61988163
62118666
62248557
62379023
62509190
62639188
62769092
62899059
63029515
63159886
63290378
63420237
63550147
63680036
63810179
63940635
64070941
64201251
64331702
64461901
64591714
64722060
64851849
64981796
65112083
