1
18078752
18094498
18105848
18101446
18113143
18101800
18097814
18071568
18068840
18072846
18094440
18044806
18060640
18094288
18092996
18085394
18050615
18062163
18087182
18104594
18093556
18084148
18119221
18116944
18060045
18055976
18059056
18061194
18129861
18085024
18061231
18063890
18062297
18085767
18072958
18092061
18078336
18061850
18088343
18113659
18073610
18108689
18095128
18089137
18093376
18044756
18045880
18104035
18076572
18079737
18105216
18111584
18085550
18076679
18094800
18076719
18092001
18095293
18066412
18130888
18101272
18103463
18096327
18076845
18101419
18080318
18108051
18077294
18076375
18073008
18083899
18146358
18075116
18079323
18077226
18063272
18106773
18098151
18083480
18069430
18128305
18108943
18080090
18042006
18113325
18064749
18089022
18099319
18112590
18084748
18042143
18082215
18094364
18112549
18085443
18060229
18081504
18090259
18089067
18160221
18087460
18077621
18061784
18102053
18091354
18090210
18058570
18065484
18089430
18125607
18118134
18095456
18098121
18107378
18047356
18072153
18123857
18078423
18087905
18057450
18075096
18100392
18072003
18111256
18090636
18082327
18127588
18075637
18104251
18099206
18110649
18064356
18095017
18024343
18098046
18038609
18053672
18087413
18115348
18088311
18108557
18086939
18115407
18104443
18121619
18085573
18065272
18087036
18081024
18103609
18100646
18087729
18105344
18084617
18070463
18053334
18061692
18084644
18097213
18117997
18123404
18040229
18075203
18077076
18044777
18076050
18081851
18054477
18081867
18096574
18095482
18122066
18073495
18094063
18053789
18082013
18078757
18090674
18112677
18052446
18075994
18115278
18103995
18113727
18103187
18112261
18070769
18072670
18051567
18083073
18049825
18046479
18113816
18098515
18087954
18039178
18048190
18101573
18099750
18090415
18102500
18118770
18133118
18037066
18065475
18055995
18052394
18122472
18100643
18089000
18033556
18085574
18084552
18088550
18098109
18084688
18055790
18102650
18111776
18082626
18090115
18095612
18084113
18088719
18036335
18039477
18101529
18083118
18069904
18098553
18093561
18067017
18089999
18078034
18082066
18086275
18102135
18057422
18140125
18104916
18099023
18082505
18076565
18097637
18074494
18100520
18071244
18085187
18077005
18083538
18125142
18061988
18093584
18057424
18076559
18079260
18118378
18070244
18088267
18129876
18117124
18075494
18034451
18091724
18055089
18087703
18097721
18122761
18063395
18039501
18091007
18094813
18095578
18109502
18063632
18070629
18097208
18102520
18154201
18079314
18087388
18058040
18087540
18101540
18091967
18051642
18057804
18105664
18107391
18130899
18079405
18105824
18115635
18041143
18075501
18128589
18074153
18078226
18056130
18085896
18084290
18071322
18114098
18074745
18090675
18112799
18081670
18106521
18100796
18102216
18074786
18071469
18029942
18098392
18036803
18068574
18081457
18117387
18105840
18106605
18084729
18110221
18103384
18117312
18090888
18057686
18089417
18080500
18105832
18088577
18100739
18099999
18066918
18061995
18053272
18057261
18106630
18091691
18104633
18125194
18035621
18084226
18060184
18033804
18058739
18082868
18055084
18075453
18099226
18094349
18122699
18073839
18110611
18056976
18084334
18067871
18083408
18104913
18065192
18077102
18106361
18127765
18094824
18106304
18110327
18067446
18075705
18067576
18075518
18061633
18038730
18097269
18107917
18096296
18025540
18058453
18106875
18114581
18081211
18126797
18114964
18135311
18054937
18057503
18052943
18053227
18151203
18092596
18078424
18053690
18077051
18088896
18097374
18093825
18096164
18063309
18095741
18121906
18073683
18099213
18092731
18095351
18079874
18039790
18044718
18110550
18078081
18071054
18101572
18090090
18074605
18099083
18071753
18077455
18087378
18096084
18049573
18132376
18108345
18063919
18085741
18074353
18116079
18080496
18103321
18058158
18078232
18078746
18098858
18119103
18065227
18079908
18063582
18065499
18089456
18113379
18083836
18085788
18118989
18110505
18086144
18045448
18079482
18066392
18092153
18110023
18130833
18050292
18077586
18093662
18084957
18120522
18111366
18063347
18079513
18083361
18092360
18166533
18107757
18060431
18074231
18098762
18077417
18093330
18068423
18051929
18094552
18093328
18141279
18092807
18107923
18096425
18046098
18070559
18127299
18071126
18084905
18071512
18085359
18061492
18079675
18116967
18092083
18094202
18114840
18062222
18110239
18090225
18105433
18074272
18073859
18030800
18078054
18066129
18064248
18082239
18120128
18081678
18095887
18081032
