0
129725
260102
389996
520393
650236
780284
910587
1040848
1171860
1302457
1432680
1562871
1692821
1822928
1953190
2083036
2213687
2344185
2474046
2604314
2734742
2865172
2995425
3125810
3255707
3385717
3515669
3645727
3776099
3906363
4036990
4166606
4296398
4427106
4557303
4687609
4818058
4948475
5078485
5208981
5339904
5470035
5600414
5730882
5860965
5991116
6121403
6251061
6381298
6511259
6641393
6771691
6901951
7032215
7162401
7292367
7422032
7552274
7682831
7813324
7943569
8073288
8203950
8334556
8464710
8595559
8725991
8856114
8987063
9117786
9247407
9377575
9507997
9638420
9768774
9899239
10029124
10159593
10289882
10419748
10549922
10680409
10810848
10941256
11071372
11201324
11331570
11461471
11592156
11722455
11852403
11981913
12111742
12242501
12373141
12503086
12632870
12762954
12893052
13023034
13152951
13283018
13413631
13543441
13673754
13803898
13934700
14065068
14195370
14325433
14455503
14585637
14715942
14846199
14976640
15107045
15236864
15367499
15497683
15628258
15758157
15888499
16018417
16148894
16278978
16409060
16538861
16669978
16800206
16930730
17060515
17190751
17320933
17451296
17581698
17711977
17842285
17972403
18102970
18234020
18364625
18494808
18624548
18755168
18885597
19015727
19146727
19276799
19407210
19537159
19667044
19796972
19926378
20056591
20187114
20317057
20447142
20577600
20707886
20838395
20968945
21099004
21228874
21359295
21489894
21620385
21750312
21880629
22010967
22140791
22271300
22402036
22532225
22662651
22792839
22923209
23053591
23184247
23314325
23443767
23574291
23704119
23834253
23964187
24094088
24224246
24354634
24485859
24616122
24746724
24876524
25006606
25136682
25266885
25396610
25527309
25657398
25787841
25917875
26048472
26179060
26309400
26439678
26569108
26699114
26829177
26959396
27089975
27220213
27350851
27480050
27609846
27740583
27870834
28000964
28131443
28261657
28391417
28521738
28652620
28782555
28913076
29043387
29173532
29303701
29433751
29563499
29693607
29823561
29953692
30084117
30214168
30344680
30474839
30604900
30735023
30865252
30995919
31126213
31256353
31386408
31516944
31647724
31778021
31908600
32038926
32168915
32299555
32430130
32560011
32689810
32820254
32950659
33080788
33211253
33341394
33471854
33602064
33732005
33862099
33992652
34123011
34253377
34383626
34513590
34643880
34774114
34904794
35035123
35165032
35294632
35424589
35555107
35685619
35815561
35945113
36075457
36205463
36335527
36465570
36595516
36726002
36856013
36986147
37116073
37247173
37377555
37508015
37637905
37768078
37898300
38028485
38158820
38288905
38419052
38548857
38679618
38809871
38940345
39070496
39200686
39330696
39461010
39591258
39721382
39851200
39982054
40112318
40242789
40372653
40502954
40633184
40763426
40893733
41024141
41154461
41284391
41415118
41546104
41676784
41807068
41936936
42067365
42197926
42328083
42458985
42588844
42719197
42849111
42979221
43109055
43238538
43368648
43499084
43628914
43758853
43889367
44019855
44150392
44280838
44410726
44540614
44670891
44801574
44931805
45061738
45192124
45322624
45452338
45583105
45714030
45844162
45974557
46104781
46235218
46365828
46496426
46626618
46756192
46886677
47016709
47146841
47276881
47406836
47537231
47667555
47798483
47928895
48059311
48189387
48319387
48449549
48579707
48709697
48840340
48970516
49100763
49230852
49361391
49491762
49622060
49752405
49882386
50012317
50142240
50272320
50402896
50533083
50663646
50793130
50923004
51053700
51183762
51314088
51444709
51575003
51705096
51835704
51966558
52096653
52227139
52357511
52487636
52617794
52748014
52877728
53008065
53138062
53267964
53398452
53528637
53658856
53788893
53919061
54048750
54179085
54309563
54439861
54570004
54699912
54830709
54961335
55091377
55222215
55352658
55482702
55613812
55744277
55874204
56004121
56134604
56265043
56395474
56525725
56655870
56786131
56916426
57046468
57176545
57307188
57437509
57567801
57697929
57827793
57958075
58088087
58218768
58349082
58478989
58608582
58738389
58869183
58999815
59129765
59259521
59389784
59519783
59649822
59779643
59909723
60040214
60170245
60300512
60430528
60561413
60691665
60822198
60952061
61082147
61212297
61342629
61472991
61603363
61733601
61863355
61994119
62124488
62254860
62385036
62515088
62645197
62775623
62905662
63035725
63165654
63296542
63426823
63557387
63687221
63817621
63947552
64077925
64208250
64338712
64469016
64599042
64729747
64860775
64991507
65121582
