1
18298552
18344306
18323617
18304399
18239320
18308524
18323013
18274755
18269316
18285129
18289851
18295030
18293890
18299142
18305914
18307004
18287605
18297206
18266947
18276592
18304710
18301602
18291194
18270924
18302009
18293276
18301203
18291559
18297791
18331087
18276404
18272334
18285476
18289673
18288259
18265920
18287879
18308175
18257318
18278821
18303254
18264687
18328897
18271867
18231252
18306595
18286212
18280501
18291338
18261655
18296802
18292562
18298145
18265453
18326641
18269601
18310935
18327033
18277100
18276474
18268450
18278199
18285675
18307834
18300938
18266923
18233746
18279221
18270422
18325735
18291849
18295827
18266469
18326140
18276495
18286240
18280120
18341115
18269366
18270746
18274080
18266035
18279228
18327798
18297823
18300712
18306859
18303782
18279284
18292005
18267769
18296564
18266904
18299392
18314738
18316832
18278274
18298870
18341527
18320608
18285779
18309072
18329361
18266445
18317930
18278664
18306567
18289297
18312817
18329793
18314439
18302980
18318399
18249822
18284207
18286301
18318734
18283713
18275299
18309405
18296562
18264009
18298871
18285408
18315088
18292688
18261889
18303794
18274341
18312035
18272660
18267307
18276166
18329381
18261945
18306813
18289317
18238786
18267239
18284459
18244836
18284580
18294193
18309262
18269084
18289837
18335469
18308125
18270471
18299962
18246003
18280110
18303971
18309339
18314901
18282531
18303201
18239708
18336559
18271860
18271818
18283050
18269257
18267514
18291240
18262620
18281461
18285920
18314609
18282399
18274206
18314541
18302537
18295404
18315700
18314073
18309976
18250013
18333576
18281723
18330182
18298265
18299578
18248032
18307561
18333857
18258132
18278252
18269246
18298196
18277319
18279064
18315087
18327936
18292957
18287625
18284130
18264563
18281988
18292384
18295329
18300326
18276437
18270403
18290691
18304902
18298090
18307648
18312711
18292277
18262242
18271234
18301564
18296771
18269432
18278475
18311633
18254446
18291475
18304337
18256356
18328289
18281922
18256230
18309933
18277605
18265293
18287579
18255299
18287358
18287024
18304893
18265421
18324996
18283096
18303452
18337500
18274015
18279480
18283562
18267257
18285605
18301923
18294872
18266991
18221864
18279802
18287067
18326663
18262202
18316054
18284324
18309646
18276442
18285353
18271343
18345682
18285781
18271593
18266623
18272631
18297616
18308011
18274532
18306217
18293834
18298257
18299779
18317575
18262812
18295711
18264701
18291468
18305022
18301179
18277735
18304909
18322259
18321933
18291313
18307786
18328035
18280097
18310212
18271058
18297604
18284619
18315248
18324514
18306728
18295814
18309424
18272502
18286268
18297081
18320893
18261455
18282620
18291840
18281458
18255947
18315686
18274508
18325475
18289323
18260291
18288424
18281912
18305115
18270970
18259571
18282896
18303682
18294293
18303912
18282750
18255658
18250253
18300150
18268190
18260380
18306829
18313666
18259972
18295394
18338976
18307110
18259522
18288193
18232732
18291926
18321559
18308996
18304011
18268891
18310122
18262452
18331875
18281644
18268473
18282202
18279373
18276539
18269654
18272865
18275971
18288176
18322837
18272722
18274279
18310037
18320391
18277423
18326661
18313939
18328593
18241948
18337972
18299609
18324793
18283722
18301857
18241865
18306189
18325083
18251238
18286976
18280247
18315367
18287618
18297901
18287279
18325382
18290199
18288492
18257247
18267470
18266570
18314331
18277396
18328460
18276182
18282230
18298128
18299667
18292911
18294677
18286436
18289019
18252932
18276025
18310454
18308696
18274189
18291825
18291583
18256439
18291319
18285807
18256427
18312331
18296481
18271617
18291212
18320070
18237540
18315405
18248705
18292221
18264803
18299651
18263719
18319570
18291537
18310054
18321693
18278025
18266645
18283446
18271336
18290641
18307390
18306192
18271189
18220205
18269212
18293566
18344966
18289942
18300459
18286410
18291445
18272929
18295452
18293523
18330647
18287543
18280405
18277608
18275669
18289190
18289015
18278545
18294770
18277101
18287101
18296197
18300738
18271943
18312453
18257348
18287711
18322511
18302636
18278432
18282463
18329513
18324725
18300615
18315680
18326167
18284330
18295864
18271949
18306181
18278470
18327926
18318943
18290736
18315490
18304993
18283451
18278079
18279234
18316284
18239675
18286520
18296411
18287511
18278844
18302125
18293234
18320783
18294546
18263306
18276914
18281314
18302828
18276885
18268471
18295928
18300924
18275037
18297916
18294965
18250453
18237476
18299440
18258526
18289801
