0
5294
10392
15470
20495
25810
30905
36197
41461
46408
51613
56933
62000
67180
72451
77784
83063
88258
93360
98373
103459
108737
113973
119089
124124
129277
134542
139717
144735
149932
155245
160284
165848
171225
176438
181766
186868
192028
197342
202587
207565
212775
217928
223023
228127
233258
238293
243413
248538
253740
258817
264067
269281
274402
279671
284939
290139
295155
300255
305498
310797
315868
320987
326204
331388
336344
341585
346823
352132
357349
362641
367787
372913
378005
383197
388386
393495
398549
403789
408863
413944
418958
424185
429239
434411
439587
444765
450024
455238
460495
465616
470924
476200
481389
486671
491842
497095
502403
507603
512924
518141
523281
528533
533764
539088
544436
549508
554816
560006
565317
570615
575741
581059
586276
591328
596341
601631
606763
611838
616957
622044
627502
632706
637886
643277
648611
653741
658947
664149
669243
674515
679721
684956
690091
695177
700466
705574
710840
716004
721306
726554
731982
737082
742241
747250
752499
757467
762486
767786
773029
778137
783393
788489
793560
798859
804088
809328
814567
819492
824736
829910
834967
840188
845430
850757
855705
860979
866106
871372
876469
881699
886604
891952
897184
902402
907492
912745
918056
923425
928515
933891
939068
944271
949324
954671
959883
965074
970329
975380
980568
985899
991026
996289
1001628
1006900
1012172
1017412
1022413
1027519
1032592
1037868
1043201
1048374
1053387
1058569
1063742
1068881
1073887
1079137
1084482
1089493
1094920
1100218
1105370
1110665
1115824
1120921
1126235
1131481
1136505
1141693
1146818
1151815
1156913
1162036
1167163
1172380
1177388
1182452
1187696
1192924
1198067
1203171
1208368
1213633
1218780
1223891
1228956
1234206
1239392
1244468
1249633
1254906
1259881
1264836
1269956
1275136
1280501
1285636
1290771
1295883
1301064
1306055
1311199
1316164
1321188
1326343
1331534
1336646
1341649
1346682
1351917
1356919
1362027
1367155
1372307
1377469
1382580
1387848
1392936
1398203
1403415
1408586
1413841
1419058
1424202
1429442
1434535
1439912
1445211
1450398
1455720
1460967
1466292
1471501
1476526
1481776
1487048
1492304
1497447
1502514
1507758
1513011
1518133
1523093
1528212
1533311
1538487
1543685
1548793
1554233
1559468
1564663
1570046
1575340
1580424
1585558
1590775
1595926
1601194
1606303
1611484
1616686
1621785
1627014
1632123
1637288
1642440
1647766
1652999
1658404
1663437
1668540
1673715
1678862
1683853
1688858
1693963
1699089
1704202
1709441
1714416
1719634
1724942
1730092
1735244
1740592
1745491
1750785
1755903
1760953
1766180
1771392
1776571
1781580
1786699
1791839
1797068
1802190
1807402
1812323
1817761
1823067
1828452
1833534
1838920
1844428
1849730
1854829
1860164
1865337
1870592
1875689
1880985
1886258
1891522
1896687
1901744
1906992
1912301
1917391
1922653
1927991
1933332
1938483
1943846
1948903
1954008
1959222
1964555
1969827
1975021
1980093
1985294
1990413
1995607
2000669
2005984
2011213
2016221
2021668
2026984
2032128
2037358
2042388
2047484
2052822
2058012
2062975
2068230
2073406
2078467
2083540
2088654
2093696
2098881
2103899
2109028
2114185
2119357
2124536
2129654
2134874
2139889
2145057
2150113
2155288
2160458
2165759
2170897
2176009
2181254
2186281
2191254
2196450
2201693
2207049
2212110
2217182
2222436
2227604
2232499
2237630
2242574
2247537
2252610
2257898
2262995
2268099
2273087
2278409
2283470
2288559
2293750
2299099
2304199
2309367
2314640
2319910
2325153
2330465
2335749
2340911
2346075
2351432
2356788
2361878
2367182
2372343
2377598
2382783
2387990
2393254
2398337
2403448
2408707
2413906
2419158
2424369
2429506
2434714
2439956
2445027
2450081
2455372
2460552
2465834
2471048
2476368
2481745
2486937
2492137
2497381
2502677
2507792
2512933
2518179
2523407
2528563
2533673
2538808
2544080
2549093
2554396
2559488
2564505
2569673
2575037
2580210
2585539
2590569
