1
25010654
24989328
24976697
25030499
25063615
25012809
24988077
25006625
24973215
25003034
25022004
25093472
25021104
24982881
25017074
25035545
25044123
25020004
24976764
24977994
24944691
25113763
24967733
24981604
25080815
25068986
25069794
25008346
25046747
24993534
25016669
24993974
25011730
24987446
25069796
25024894
25043745
24967863
25022368
25006905
25004410
24995272
25034037
24996175
25004103
24978515
24990511
25053552
24976784
25020730
25025169
24978312
24998581
24969510
24979507
24971981
25084213
24969931
24996003
25045086
24940649
25059227
25077470
25075611
24888281
25024359
24900041
24972910
24973056
25002793
25017451
25054334
24918631
25093563
25055025
24991733
24950663
25059696
25045082
25031364
25034784
25086761
25027497
24988785
25047383
25017817
24929196
24932095
24997518
24971194
25033223
24990552
24990553
25000195
24998017
24985323
24980919
24977178
25027114
24971719
24978428
25091801
24990151
25094642
25009338
24961509
25002434
25102671
25075593
25029691
24968066
25035371
25085974
25001080
24991139
24999976
24997408
24976830
25035812
24947758
24986102
24994322
25041801
25025663
24924167
25051168
24938759
24975634
24935087
25026330
24942334
24976046
25043457
24975488
25032712
25079117
25050033
25047266
25078928
25035644
25064590
25076766
25020887
25018529
25018946
24981229
24972591
25060904
25075381
25041913
25006638
25065583
25039910
25065476
25040052
24942687
24950121
24970134
24968671
25016517
24993365
24975278
24989472
24915323
24992645
25043885
25113451
25046403
25005481
25071643
25066541
25012916
25047713
25018918
25037230
25022213
24973905
24950006
25039330
25013813
25000427
24934381
24997869
24992462
24991812
25018790
24968575
24978165
24965864
25074169
25040273
25038183
24984107
24944896
25030120
25008998
25037426
24967884
25027853
24970924
25053825
24916336
25013010
25041622
25044244
25058338
25020061
25011731
24982026
24977147
25020382
25046380
25064311
25074691
25003454
25016908
24991813
25030309
25008946
24989508
25056258
25014485
25044373
25026735
24963486
25057330
25027854
25022092
24975205
24998550
24950005
25073924
24999625
24992249
24983337
25041212
24998763
24990860
25012350
24977610
25059662
25036457
25064470
24994003
25009589
24956408
24991949
24972752
25000906
25067045
25056313
24950504
25078115
25053617
24946141
24980651
24992297
24982688
25037436
25060682
25056500
25007042
25000339
25047713
25012761
24917202
24937115
25020403
25016429
25032198
24961944
24992988
24991859
24971947
24961618
24932278
25012247
25031885
24928884
25013177
25095690
24971822
25051816
24985999
25001275
25024414
25126088
25089764
25035794
24986358
25012055
25069612
25031886
25008998
24980182
24970536
24980786
25015747
24955186
24937476
24951564
25049606
25055980
24941577
25074972
24976207
24982525
24909924
25021572
24977015
25026754
25053759
24968957
24992055
25091526
25007472
25090180
25081763
25010032
25030784
25057212
25029511
25053801
25028775
24994889
24959804
25071036
25026184
25036654
24980955
25076720
25017392
25079348
25045000
24934684
24934924
24874635
24913041
24977669
25047888
24959804
24972415
24979852
25042383
25023530
25081450
25032291
24992283
25090738
25053172
25024488
24993689
24974952
25036725
25044142
24986044
24965929
24997335
24996709
24991277
24938613
25082313
25015100
24997843
24993194
24990386
24943674
24961716
25058557
25020550
24981152
24992573
25011833
25046490
24982908
25045908
24967177
25033888
24952926
25107176
24994558
25021545
25050325
25013202
25089638
24983865
25084887
24963425
24996509
24975605
25042675
25079335
25128871
24980502
25021960
24998858
25089132
24994054
25018589
25022818
25036707
25073957
24965058
24936296
25061772
25064367
25043691
24947317
25014472
24968052
25049552
25039570
24976922
25030978
25085506
24982177
25019034
24987614
24965378
25064744
25069245
25049522
24940097
25087853
24940033
24937142
24994912
24975950
25026277
25037337
24948255
25034163
25056537
25002820
24982136
25030235
25000432
24993893
25013852
25041397
25028131
25057382
25063762
25060577
24931968
24971633
25055805
24978629
25058506
24924122
24989551
24976576
25012902
24995475
24941041
24964677
25023420
25006685
24983928
25093813
24995269
25049167
25034874
24978071
25070247
25068835
25091500
25001519
24975435
25015641
25084282
25016061
25027653
25037984
24934093
24992279
25032316
24954936
25024213
24972147
25077057
25020092
24968651
25062147
24975394
24988234
24925549
25025918
24978423
24971399
25082033
24984341
25017197
25085064
25002934
25055058
25085578
25025999
25059112
25069623
