1
16134361
16133233
16189432
16189466
16207599
16212680
16215528
16194811
16173835
16182869
16128861
16196879
16197566
16179159
16198537
16126812
16198289
16179498
16190514
16207581
16171796
16161097
16123874
16175752
16202184
16211763
16123961
16175150
16145940
16198627
16198418
16159239
16199088
16202303
16207621
16212491
16193583
16160357
16216114
16144012
16186015
16203975
16188158
16197353
16179076
16178507
16175771
16186631
16258111
16169520
16197142
16200800
16182747
16211593
16222283
16183385
16169105
16181003
16213982
16153218
16142729
16125508
16204747
16196074
16196081
16167397
16208484
16208654
16193150
16175136
16150636
16164578
16211629
16153956
16220018
16180514
16186426
16214889
16181066
16155420
16158891
16126711
16175312
16237376
16226152
16186325
16176590
16138095
16167460
16139548
16157589
16179831
16225521
16165781
16166860
16210964
16245939
16213821
16142653
16145806
16142391
16196717
16162425
16221176
16133036
16161911
16213659
16173321
16196833
16200706
16192596
16192673
16137861
16223083
16266184
16182360
16129264
16153594
16197655
16199432
16158576
16157797
16154571
16219760
16226109
16234072
16176123
16176264
16169730
16132133
16192079
16207152
16163243
16180165
16172526
16127120
16186768
16179017
16184933
16145611
16193690
16177964
16183239
16213707
16186593
16159427
16190021
16186115
16168868
16195197
16141905
16148412
16177130
16214455
16251814
16218170
16194894
16168442
16194745
16182383
16145446
16176357
16221672
16185811
16195900
16197946
16197551
16141313
16201860
16148077
16145282
16197755
16198975
16180783
16229927
16234385
16134052
16165793
16165634
16133886
16124255
16205963
16177389
16187318
16205520
16225578
16181932
16177912
16174483
16130998
16194675
16174237
16186231
16198991
16111012
16211575
16197410
16201148
16224298
16168068
16164264
16133954
16188432
16195518
16216745
16134100
16159700
16162642
16182940
16200462
16173862
16195514
16192769
16215356
16212573
16177874
16173138
16203026
16158867
16185766
16205454
16177699
16195378
16173815
16165415
16190869
16197475
16254264
16170282
16202157
16207992
16180137
16216175
16208923
16181950
16165884
16184485
16208336
16156583
16135007
16136254
16204617
16189441
16194293
16163488
16202452
16225242
16177655
16174537
16181166
16156027
16186962
16165073
16230557
16183044
16181802
16211050
16185993
16148099
16167492
16135429
16169016
16238780
16220709
16183856
16181638
16149103
16182382
16136330
16145237
16187455
16235193
16158289
16165160
16212147
16247848
16214838
16134654
16146938
16140182
16181271
16175117
16209451
16124966
16165307
16223863
16172732
16196655
16198077
16210455
16181014
16141646
16225915
16242205
16203166
16120405
16151998
16187202
16199815
16173702
16157193
16169484
16211217
16240890
16228947
16196607
16168264
16178558
16141954
16185887
16206968
16140082
16185066
16176059
16146993
16176322
16189701
16175083
16152261
16194622
16166653
16184587
16200407
16161617
16167415
16187108
16175470
16188655
16174980
16137191
16146162
16184100
16217496
16242711
16222264
16203669
16173653
16190519
16180595
16142353
16162533
16222619
16207959
16189209
16203797
16188895
16144077
16196108
16137502
16158833
16190386
16197062
16177252
16230217
16221342
16138734
16160573
16169095
16118023
16147230
16204868
16191180
16186714
16207693
16219176
16174501
16184060
16180690
16125610
16204999
16174717
16192125
16188774
16114113
16206975
16187509
16209975
16205215
16167092
16167490
16131613
16175261
16210180
16199062
16143665
16168154
16156228
16196458
16183730
16175675
16188605
16197901
16223816
16216689
16185831
16171383
16208381
16149709
16184879
16217299
16178447
16202474
16170061
16169780
16181351
16195151
16254662
16153864
16198196
16201988
16177087
16215260
16198775
16183706
16156720
16186756
16214053
16149394
16128674
16141526
16200406
16204857
16204158
16158067
16202545
16213613
16188275
16168586
16186430
16157901
16188287
16171987
16223203
16183847
16183366
16208558
16181477
16136780
16182322
16122009
16168800
16246033
16230317
16203160
16172035
16144476
16171443
16126210
16153413
16179533
16225440
16162770
16161439
16216707
16250810
16211236
16135263
16145663
16158040
16191823
16175045
16202780
16142080
16153953
16234025
16159607
16208923
16191022
16208192
16172551
16160516
16219528
16249287
16193280
16114994
16185528
16185556
16190632
16169573
16159112
16148741
16223054
16242862
16217448
16185889
16178939
16176560
16147062
16208678
16213136
16143416
16165484
16183484
16136727
16170595
16180913
16181983
16154700
16194290
16186514
