0
365
787
1230
1603
2173
2590
3082
3387
3894
4303
4819
5339
5763
6200
6661
7167
7613
8110
8540
9010
9518
9922
10371
10834
11363
11862
12314
12776
13266
13676
14144
14607
15085
15499
15872
16321
16733
17239
17658
18111
18571
18921
19413
19769
20149
20533
21001
21484
21928
22322
22728
23112
23573
24062
24455
24896
25387
25783
26139
26688
27214
27642
28056
28487
28913
29347
29813
30184
30564
30928
31363
31746
32143
32604
33007
33452
33964
34380
34786
35248
35694
36085
36521
36858
37216
37612
38059
38409
38843
39312
39774
40201
40594
40996
41439
41802
42284
42755
43085
43527
43909
44374
44754
45234
45596
46039
46436
46773
47220
47577
47979
48436
48879
49342
49697
50089
50522
50938
51441
51765
52182
52612
53029
53414
53714
54181
54698
55130
55590
56040
56396
56745
57179
57650
57961
58367
58797
59167
59545
59925
60306
60843
61203
61624
62015
62544
63027
63413
63843
64216
64557
64888
65261
65787
66228
66600
67093
67503
67920
68393
68829
69161
69656
70010
70474
70937
71418
71863
72303
72710
73186
73603
74016
74489
74993
75459
75859
76230
76615
76978
77383
77802
78229
78776
79162
79617
79943
80443
80831
81377
81866
82297
82738
83202
83671
84115
84587
85019
85515
85979
86395
86880
87273
87774
88277
88690
89123
89596
90032
90520
90979
91410
91843
92226
92657
93069
93614
94043
94411
94889
95232
95691
96040
96396
96822
97302
97780
98220
98648
99075
99453
99920
100377
100778
101227
101707
102112
102500
103012
103511
103923
104357
104790
105178
105550
105987
106358
106798
107132
107613
107951
108352
108822
109253
109750
110271
110644
111038
111520
111974
112386
112787
113166
113523
113872
114292
114648
115087
115517
115999
116392
116769
117194
117663
118029
118510
118942
119313
119748
120126
120556
120971
121435
121856
122270
122663
123017
123488
123895
124324
124766
125215
125616
125968
126342
126772
127196
127665
128025
128432
128854
129279
129656
129950
130445
130929
131373
131879
132303
132651
133020
133471
133933
134278
134690
135117
135521
135904
136290
136660
137192
137570
137956
138319
138824
139325
139759
140149
140516
140886
141197
141572
142123
142597
142928
143464
143888
144257
144741
145197
145531
146032
146437
146920
147369
147860
148338
148781
149200
149659
150062
150469
150910
151424
151888
152289
152681
153053
153424
153855
154272
154706
155206
155602
156058
156419
156949
157311
157859
158341
158778
159193
159715
160152
160559
161052
161480
161961
162462
162924
163420
163808
164282
164773
165212
165690
166200
166586
167114
167589
168074
168478
168866
169307
169744
170276
170688
171074
171539
171883
172368
172746
173137
173516
174011
174473
174930
175330
175739
176158
176623
177115
177502
177922
178394
178839
179184
179698
180251
180658
181050
181509
181903
182314
182798
183141
183562
183875
184329
184729
185142
185575
185990
186479
186997
187375
187772
188197
188672
189055
189447
189795
190149
190516
190991
191353
191786
192179
192696
193110
193483
193901
194378
194732
195260
195665
196047
196467
196824
197250
197733
198151
198575
198973
199409
199780
200229
200592
200972
201421
201880
202342
202716
203054
203460
203919
204411
204762
205198
205605
206037
206413
206747
207222
207729
208139
208628
209033
209387
209777
210205
210690
211016
211438
211847
212175
212533
212938
213311
213846
