0
10448
20933
31423
41845
52187
62580
72825
83285
93337
103758
114110
124397
134770
145017
155246
165668
176130
186547
196878
207143
217527
227911
238131
248233
258464
268747
279103
289571
299719
310082
320387
330702
341020
351229
361745
372183
382632
392856
403132
413539
423931
434272
444660
455007
465475
475765
486171
496517
506809
517007
527159
537539
547702
557911
568339
578817
589079
599173
609157
619431
629645
639940
650181
660506
670870
681217
691539
701805
712121
722312
732828
743012
753716
763955
774193
784701
794993
805138
815561
825874
836336
846713
857017
867326
877525
888050
898426
908800
919035
929319
939524
949858
960303
970752
981273
991491
1001904
1012284
1022503
1032643
