1
18300912
18305553
18272767
18296797
18293191
18289317
18283508
18320013
18278268
18331091
18298718
18275871
18260218
18268958
18313330
18286194
18276925
18295934
18256671
18283888
18286097
18315198
18302759
18304433
18337095
18239177
18301461
18304181
18308154
18311073
18288622
18274632
18268400
18254534
18245795
18305613
18273194
18304393
18289064
18278664
18283635
18271907
18310946
18251614
18263225
18256936
18283424
18285837
18276416
18285709
18288791
18214020
18269082
18302241
18238238
18298452
18310917
18246622
18302672
18261315
18314461
18283743
18270583
18305554
18276387
18313992
18289221
18285732
18288988
18291075
18237700
18297162
18271713
18291559
18259964
18316503
18283906
18262845
18287005
18297714
18267683
18273520
18318529
18250838
18271893
18284511
18275492
18268839
18288351
18299212
18280122
18304959
18288444
18259448
18256879
18313035
18322876
18265814
18291057
18312831
18286952
18296553
18297755
18253280
18317266
18328043
18303415
18265070
18333019
18303724
18311510
18292843
18271213
18279246
18260555
18230863
18306690
18298176
18275188
18270245
18299983
18275852
18244216
18305428
18288772
18245945
18294151
18291671
18288282
18284364
18278358
18322813
18283816
18288819
18261631
18300856
18273950
18304025
18264890
18285386
18263456
18304870
18277564
18293248
18285257
18300477
18286671
18274953
18286583
18305253
18248320
18274217
18315627
18282692
18315937
18272920
18297939
18301669
18280703
18254072
18300841
18278071
18254786
18291294
18256948
18315393
18287637
18250241
18302027
18278934
18314105
18311044
18288351
18313378
18281278
18284970
18303846
18282437
18287894
18294176
18301085
18259042
18315191
18276348
18293869
18287849
18314694
18277443
18320195
18301329
18285418
18270933
18262982
18299328
18259220
18302303
18292417
18250056
18308973
18280131
18329891
18309045
18274562
18310035
18254903
18303394
18308358
18301963
18316075
18308616
18271211
18284564
18257629
18258171
18302467
18274859
18299724
18293644
18284894
18306449
18259638
18329282
18264599
18274909
18270013
18305572
18275621
18283500
18286901
18285592
18233451
18267850
18307593
18252140
18286008
18305723
18240869
18324730
18261362
18322105
18295850
18253336
18302453
18264248
18328919
18307011
18293608
18278004
18303971
18247698
18287689
18260050
18290815
18258510
18305130
18290687
18265554
18253511
18301146
18269359
18266902
18313897
18253692
18270501
18266794
18304100
18258593
18285375
18308738
18272187
18286661
18280309
18265181
18276413
18326385
18297205
18269830
18298227
18303346
18273446
18276103
18314280
18255093
18326246
18306128
18294858
18275770
18326137
18295177
18316830
18287574
18247918
18300059
18231534
18268204
18318772
18276636
18256939
18298099
18295948
18275076
18264756
18290888
18268364
18245642
18285673
18308348
18282126
18290561
18285861
18296654
18303407
18297592
18284066
18307492
18287850
18304610
18255886
18295753
18275346
18303614
18261632
18302203
18273830
18310074
18265569
18284478
18287058
18319690
18240733
18292242
18344496
18261992
18301015
18278999
18311793
18290575
18300053
18254727
18300964
18274918
18262496
18289411
18273688
18282408
18297280
18235201
18310338
18283662
18298307
18323082
18314921
18306393
18294782
18293743
18277146
18292899
18310391
18289765
18306997
18267631
18306157
18283774
18298692
18323115
18298097
18277576
18308093
18305882
18262902
18272658
18257744
18307789
18284253
18298297
18303811
18268759
18300465
18281911
18297857
18296525
18293162
18320418
18254825
18310324
18315493
18322530
18297514
18325101
18270810
18277057
18259416
18279881
18296507
18292509
18300169
18288762
18298300
18338647
18274866
18307052
18268491
18264870
18282756
18274898
18277186
18272693
18288294
18253172
18232348
18257032
18290976
18272336
18288140
18313010
18255395
18293776
18235829
18332289
18269166
18244628
18290583
18262084
18329368
18305456
18294626
18270658
18277513
18268233
18281981
18278527
18284009
18272774
18319923
18273324
18268592
18269506
18306702
18277093
18295698
18321739
18267939
18270845
18255956
18277527
18255571
18280633
18302949
18294751
18280299
18288490
18268492
18249783
18318465
18332093
18255392
18288584
18314481
18284867
18278541
18307153
18249783
18309519
18310124
18295260
18262382
18340873
18278568
18313059
18304687
18256072
18276294
18254796
18256136
18310194
18295680
18267718
18279040
18315213
18274808
18254017
18297000
18271801
18257041
18296650
18315465
18288433
18276518
18262551
18293841
18294512
18287413
18264173
18302817
18284931
18333131
18236405
18284887
18280432
18312207
