0
912
1781
2727
3516
4462
5362
6299
7279
8234
9035
9951
10802
11650
12402
13275
14207
15082
15951
16740
17627
18521
19491
20362
21248
22100
22935
23685
24610
25587
26557
27450
28342
29243
30087
31069
31936
32767
33618
34485
35366
36230
37071
37964
38756
39684
40501
41371
42178
42995
43983
44937
45838
46740
47593
48465
49341
50201
51012
51892
52660
53407
54190
55072
55994
56918
57868
58722
59676
60474
61273
62119
62876
63777
64733
65596
66314
67164
67974
68934
69736
70550
71424
72188
73111
73952
74824
75691
76545
77409
78245
79026
79835
80605
81472
82195
83118
83996
84828
85758
86594
87454
88297
89202
90047
90876
91781
92558
93451
94246
95142
96147
97062
97825
98652
99577
100375
101219
102187
102990
103892
104791
105664
106506
107352
108218
109097
109897
110648
111504
112397
113281
114160
114986
115779
116663
117501
118314
119129
119901
120766
121654
122500
123357
124257
125081
126047
126910
127751
128546
129383
130312
131270
132014
132918
133736
134487
135301
136039
136864
137559
138366
139293
140097
141067
141930
142796
143702
144598
145396
146238
147129
147890
148821
149671
150474
151349
152275
152988
153849
154775
155569
156546
157334
158252
159171
160097
161087
162034
162871
163863
164790
165616
166467
167304
168180
169041
169893
170705
171634
172508
173438
174285
175141
176016
176857
177585
178471
179369
180350
181184
182069
182881
183763
184751
185510
186376
187180
188019
188868
189778
190633
191397
192181
193099
193889
194779
195624
196450
197424
198385
199263
200153
200989
201824
202703
203561
204422
205279
206014
206740
207477
208349
209301
210245
211215
212119
213036
213774
214604
215490
216209
217132
218042
218946
219702
220575
221319
222235
223035
223881
224721
225530
226427
227313
228221
229095
229972
230885
231741
232500
233340
234151
235008
235762
236618
237583
238424
239331
240142
241007
241838
242716
243552
244381
245331
246217
247064
247883
248867
249806
250714
251487
252374
253257
254098
254891
255822
256629
257486
258410
259252
260132
261045
261870
262739
263572
264308
265174
266078
266946
267768
268572
269466
270426
271281
272084
272926
273735
274591
275471
276336
277224
278172
279063
280061
280898
281733
282545
283477
284467
285351
286163
287080
287921
288593
289394
290197
290980
291784
292552
293471
294294
295209
296120
296994
297849
298707
299467
300298
301232
301980
302928
303787
304639
305546
306447
307203
308097
309000
309843
310842
311674
312692
313605
314482
315439
316340
317205
318140
319076
319859
320660
321550
322446
323271
324137
324928
325815
326701
327655
328528
329389
330288
331050
331864
332831
333714
334703
335572
336453
337304
338225
339235
340032
340904
341710
342539
343454
344369
345223
346062
346831
347720
348499
349387
350199
350995
351994
352972
353871
354766
355625
356435
357301
358160
359012
359839
360572
361338
362113
363015
363950
364823
365695
366638
367547
368332
369134
370000
370774
371693
372640
373504
374173
374978
375732
376663
377462
378258
379142
379920
380798
381710
382551
383400
384301
385160
385993
386806
387603
388393
389241
389971
390917
391795
392640
393531
394360
395274
396104
396990
397778
398593
399551
400417
401273
402044
403004
403986
404888
405682
406550
407491
408293
409005
409958
410813
411661
412575
413436
414253
415074
415920
416826
417615
418379
419211
420114
420959
421845
422680
423526
424411
425274
426046
426911
427750
428574
429406
430274
