0
2454
4621
6652
8905
11353
13542
15778
17857
19750
21706
24028
26349
28519
30800
33137
35485
37572
39558
41749
43735
45969
48240
50505
52337
54477
56292
58592
60703
62896
65117
67066
69414
71801
74029
76349
78609
80860
82941
84967
87095
89071
91397
93304
95558
97729
99826
102155
104195
106231
108372
110627
112650
114867
117423
119578
121719
123629
126029
128609
131060
133084
135436
137888
140071
141927
144332
146452
148598
150866
153072
155245
157521
159468
161807
163957
165995
168201
170571
172711
174714
176819
179016
181357
183463
185544
187725
189832
191875
194030
196234
198445
200577
202654
205123
207426
209513
211675
213991
216401
218737
220835
223055
225357
227277
229320
231328
233367
235291
237470
239799
241985
244306
246596
248668
250839
253052
255170
257157
259443
261570
263883
266177
268428
270623
273054
274917
277223
279577
281870
284230
286392
288973
291351
293709
296261
298480
300613
303052
305556
307500
309825
312066
314132
316218
318431
320421
322685
325146
327415
329673
331895
334274
336327
338268
340610
342804
345526
347689
349821
352019
354337
356822
358961
361131
363130
365379
367701
369770
371781
374021
375934
378388
380279
382662
384605
386849
389370
391930
394246
396735
398908
400926
403214
405665
407939
410185
412249
414194
416168
418463
420769
422978
425393
427680
429987
432013
434009
436172
438174
440360
442699
444988
446875
448965
450801
453057
455189
457274
459554
461445
463804
466137
468403
470658
472974
475166
477289
479338
481449
483511
485728
487651
489945
492132
494254
496570
498538
500592
502709
505023
506936
509196
511688
513836
515936
517904
520306
522851
525276
527314
529563
532031
534180
536040
538415
540605
542789
545046
547240
549337
551608
553618
555886
558055
560148
562383
564717
566837
568890
570933
573165
575460
577546
579568
581812
583832
585875
588076
590253
592437
594620
596743
599217
601550
603631
605796
608059
610530
612820
614963
617197
619449
621313
623412
625444
627522
629435
631623
633954
636167
638508
640834
642975
645025
647159
649325
651301
653623
655830
658081
660362
662561
664770
667236
669167
671532
673798
676091
678470
680614
683108
685492
687817
690359
692654
694751
697195
699654
701725
703920
706186
708236
710412
712565
714545
716845
719272
721611
723774
726044
728297
730394
732398
734732
736839
739607
741743
743936
746137
748443
750927
753058
755247
757288
759592
761903
764013
765982
768298
770179
772611
774467
776880
778755
781051
783594
786061
788373
790932
793064
795065
797299
799672
802009
804181
806258
808299
810302
812665
814886
817084
819481
821830
824071
826176
828236
830312
832369
834656
837014
839207
841015
843118
844951
847289
849462
851645
853877
855784
858075
860454
862728
864971
867230
869439
871502
873591
875688
877710
879990
881913
884109
886284
888427
890760
892668
894795
896815
899124
901085
903399
905905
908004
910110
912095
914542
917029
919443
921492
923738
926133
928304
930183
932568
934809
936951
939150
941328
943486
945685
947752
950085
952186
954258
956503
958833
960936
962951
964988
967222
969505
971611
973632
975926
978006
980073
982242
984573
986584
988769
990990
993401
995670
997873
999950
1002245
1004669
1007008
1009135
1011340
1013575
1015457
1017556
1019590
1021539
1023427
1025628
1027992
1030168
1032496
1034730
1036924
1039052
1041261
1043372
1045330
1047615
1049879
1052158
1054471
1056690
1058862
1061226
1063276
1065597
1067868
1070143
1072597
1074775
1077289
1079645
1081973
1084470
1086771
1088850
1091317
1093749
1095913
1098108
1100343
