1
18926248
18956282
18965360
18881498
18945983
18914308
18896161
19008982
18906735
18967698
18932349
18940668
18926556
18963089
18891504
18916729
18936961
18973161
18912617
18922402
18889338
18970196
18920634
18955818
18901457
18946515
18923481
18948275
18911428
18913721
18923776
18943905
18918187
18906912
18918403
18961984
18995995
18939171
18939287
18848911
18931284
18815940
18919021
18870264
18918784
18979414
18929170
18960827
18928250
18959070
18906515
18928495
18889956
18953625
18950187
18938684
18980009
18908040
18982193
18933725
18949392
18871316
18870870
18955568
18899136
18952449
18825601
18942048
18896015
18928105
18895493
18870721
18925523
18894525
18899966
18958595
18888994
18958019
18980292
18911886
18902949
18963877
19035066
18975338
18918309
18965053
18951859
18962317
18959024
18904911
18905683
18929649
18936528
18949908
18877623
18909392
18984535
18976548
18888154
18909132
18942453
18890930
18858168
18876038
18956107
18906357
18957711
18908225
18915148
18996908
18944148
18969663
18981559
18973068
18934767
18970813
18969182
18927636
18923008
18935087
18915199
18918777
18937699
18965339
18943573
18924058
18950744
18924751
18984263
18911382
18829183
18843598
18840148
18890208
18974286
18937351
18911604
18854106
18913738
18940038
18963173
18994451
18941170
18961641
18954319
18930127
18893379
18958918
18938987
18973753
18883277
18925839
18909516
18955875
18889957
18888972
18846642
18994777
18921798
18904163
18920801
18876193
18935294
18948669
18959685
18961533
18897739
18919985
18975758
18910496
18912807
18941198
18854892
18908955
18972621
18943691
18878045
18936244
18960016
18955427
18930300
18948871
18894491
18928945
18907565
18917977
19007011
18882519
18960189
18941031
18930429
18926165
18953625
18907923
18936787
18933340
18973385
18925659
18907440
18909515
18962614
18932470
18959938
18896862
18933696
18942734
18951544
18904314
18905606
18906028
18937435
18915469
18908852
18908826
18978740
18984448
18954461
18940833
18849311
18926793
18811010
18901393
18906454
18899458
18960480
18940367
18938405
18946793
18985728
18895963
18938455
18899128
18965041
18935347
18946566
18974787
18925576
18980805
18949611
18949496
18862592
18869364
18939537
18909176
18939278
18848985
18952200
18886271
18933735
18914892
18872465
18928728
18888487
18906930
18973953
18883764
18954953
18991529
18912813
18893656
18970442
19037968
18957071
18932751
18957271
18956675
18965735
18928411
18907376
18893037
18931121
18924624
18953325
18889744
18905626
18965784
18983180
18877272
18910369
18932225
18899911
18850236
18875313
18955128
18889781
18983078
18902030
18902372
18986207
18952352
18978827
18954571
18983019
18922694
18969095
18956532
18938572
18925954
18925628
18920883
18917661
18926527
18978204
18927876
18914681
18943650
18940028
18991512
18910571
18828449
18834652
18828055
18900587
18998465
18925894
18917046
18844150
18925460
18943972
18969299
18963688
18950172
18950937
18966552
18918722
18914187
18940389
18942826
18964372
18880822
18943450
18897254
18942497
18898667
18889552
18862763
18991620
18914934
18897649
18927090
18888206
18928603
18965168
18952249
18939116
18887148
18922460
18985034
18888897
18916634
18940139
18862264
18893929
18956053
18954107
18873695
18938862
18956902
18954357
18927792
18969595
18889541
18935115
18922973
18920021
18992787
18902360
18946872
18944413
18930445
18941471
18960954
18903938
18919659
18923671
18959445
18932310
18905916
18898958
18971209
18915636
18950617
18920077
18924388
18941381
18949898
18912660
18894882
18916663
18927157
18929677
18924828
18897807
18959308
18984507
18955761
18918315
18857784
18929101
18831467
18892671
18906626
18908207
18968580
18943370
18955606
18942672
18950825
18904220
18920882
18904057
18962667
18931256
18938940
18975230
18919514
18969635
18963169
18945467
18863379
18868044
18944526
18924442
18941863
18835397
18941116
18895224
18930893
18915840
18866431
18932743
18871987
18944726
18975477
18867222
18954435
18985752
18925010
18890454
18955925
19032840
18974514
18924056
18961566
18956806
18962076
18926758
18925495
18891760
18924364
18929072
18951658
18893991
18893928
18977943
18989655
18870252
18904364
18948563
18893588
18849036
18897514
18951464
18888900
18972704
18881550
18923287
19001747
18944425
18964987
18965694
18986047
18933247
18984206
18946896
18933138
18934888
18922768
18916573
18927929
18940875
18957543
18939771
18927623
18954860
18910762
18994461
18903139
18837423
18836241
18832961
18889519
18984992
18941161
18904273
18861985
18904837
18950673
18959098
18981415
