1
16153016
16167958
16167906
16219816
16212915
16168741
16193782
16230532
16192685
16160755
16172872
16200473
16193767
16170840
16185623
16158099
16209376
16172907
16190838
16165410
16233587
16150031
16157948
16178532
16198308
16182071
16145504
16214414
16225154
16208932
16193577
16206501
16152273
16205504
16154027
16166271
16186200
16205948
16116984
16212318
16181048
16202976
16171977
16198098
16175234
16197924
16213369
16116373
16203231
16149143
16157243
16201185
16207798
16203236
16166160
16199161
16179142
16196254
16219399
16140987
16180610
16146031
16235056
16135344
16184997
16186920
16204453
16236030
16185988
16240175
16145796
16224186
16191894
16172384
16212374
16154095
16117967
16213039
16173530
16195254
16216081
16173524
16189849
16234962
16168864
16157341
16183974
16177139
16199157
16163116
16208060
16125906
16169695
16172127
16161184
16159112
16185406
16199280
16136459
16185385
16183219
16214654
16168675
16204946
16208427
16162279
16178429
16141141
16156621
16217091
16144865
16132093
16170981
16190400
16148865
16209460
16147131
16235738
16206490
16195224
16175147
16158191
16191066
16169228
16217797
16192262
16277295
16188241
16170366
16222360
16162293
16172521
16187938
16194835
16157783
16193032
16175883
16156115
16196351
16155921
16194006
16211019
16144890
16192622
16180852
16209916
16199825
16217407
16204480
16162894
16164218
16276607
16163305
16150639
16175792
16201337
16246284
16164441
16203799
16198481
16161161
16159380
16218991
16142300
16183948
16180696
16153671
16175695
16184341
16170998
16207018
16192269
16203689
16239077
16176279
16207924
16178101
16191643
16137929
16150434
16180649
16158939
16219209
16214782
16179363
16174718
16223147
16172212
16159965
16168494
16211184
16221975
16157414
16167646
16176781
16199675
16163235
16190633
16167830
16226451
16143032
16160210
16198765
16197335
16186539
16159537
16232765
16210490
16207397
16196509
16203056
16162550
16199840
16142060
16179034
16185713
16211596
16114871
16209627
16184154
16207942
16164490
16208915
16159888
16200386
16209609
16115687
16208855
16162374
16154721
16211689
16196877
16194030
16169146
16192417
16188102
16192226
16225740
16121085
16189972
16167020
16232951
16134316
16173205
16181378
16222372
16225849
16198712
16225230
16153700
16205470
16214786
16170731
16213436
16157627
16120610
16208654
16166852
16206175
16212513
16189404
16174558
16224503
16168427
16151463
16182773
16180936
16185384
16156695
16204289
16131549
16179587
16177000
16163243
16163077
16191819
16205562
16127528
16189216
16181175
16228951
16148886
16210292
16207580
16166265
16174762
16146011
16159569
16212757
16135369
16130091
16167677
16183647
16148379
16209001
16158586
16231861
16214343
16197802
16160316
16152910
16215798
16167253
16224386
16194885
16264756
16180517
16194390
16210446
16169598
16183033
16176510
16195402
16167566
16217628
16167303
16171234
16200724
16147946
16177495
16210837
16164942
16191422
16188707
16193998
16192222
16229102
16194209
16153720
16182177
16262681
16171596
16151016
16178459
16210153
16218377
16169139
16207847
16196788
16193420
16149828
16203209
16144834
16181389
16173156
16167513
16174925
16178621
16175386
16216622
16196479
16213643
16226723
16188513
16197336
16164089
16179820
16136330
16169721
16159209
16166507
16225834
16212441
16167395
16179462
16228891
16195218
16153136
16175549
16205838
16191865
16177854
16173373
16166620
16200964
16163941
16176892
16181143
16214856
16160051
16155595
16190946
16197942
16175938
16147288
16246512
16211010
16198111
16205848
16207596
16155430
16183687
16148690
16170590
16179333
16220570
16118959
16203159
16177464
16191839
16171674
16207166
16169892
16193176
16219286
16120885
16213432
16151995
16157027
16211421
16192931
16198004
16179008
16176548
16202601
16184405
16207938
16131335
16186167
16163402
16248071
16135527
16163458
16190680
16224221
16225912
16193540
16227259
16162856
16200943
16210283
16165749
16222639
16147473
16112217
16214016
16155569
16197999
16199150
16182461
16166132
16233846
16174843
16145169
16189225
16175902
16170082
16170602
16215116
16136634
16171167
16185751
16159399
16168884
16184973
16206615
16126396
16169895
16183853
16228501
16166158
16189790
16197576
16177407
16151867
16162154
16158587
16212828
16158223
16127277
16169076
16187719
16144969
16207686
16149032
16242326
16214341
16189447
16181085
16143353
16199741
16167501
16201052
16211425
16263080
16189025
16173255
16218139
16167932
16184489
16174219
16187993
16156826
16202826
16165874
16179485
16204513
16156759
16171133
16214470
