0
130685
260366
390444
520311
649732
779857
910205
1040318
1170097
1300575
1431076
1561590
1692329
1821916
1951972
2082010
2212690
2342897
2473099
2603319
2733782
2863526
2994504
3125323
3255388
3385812
3516162
3646635
3777249
3907777
4037742
4167456
4297985
4428131
4558073
4688157
4818051
4948673
5079162
5209775
5340403
5470542
5600506
5730754
5860783
5990987
6120881
6251666
6381712
6511827
6642265
6772681
6903069
7033480
7163517
7293473
7423704
7553692
7683800
7814236
7944432
8074860
8204610
8334558
8464967
8594942
8725357
8855941
8986290
9116420
9247047
9377886
9508130
9638543
9768744
9898757
10029133
10159161
10289395
10418979
10549468
10679285
10809788
10939908
11070085
11200126
11330095
11459971
11590409
11721105
11851337
11981365
12111011
12241999
12371910
12502857
12633453
12763792
12894175
13025038
13155500
13285510
13415576
13545943
13676290
13806872
13937131
14067226
14197491
14327540
14457600
14587974
14718635
14849055
14978978
15109166
15238880
15369139
15499309
15630192
15760329
15890109
16019768
16149865
16280291
16410910
16540789
16670738
16801122
16931146
17061040
17190911
17321021
17451677
17581561
17711813
17841983
17972807
18102917
18233562
18363336
18493395
18623680
18753845
18884250
19014552
19144837
19274730
19405535
19535554
19666217
19796258
19926339
20056726
20186721
20317021
20446851
20577309
20707914
20838289
20968575
21098576
21228787
21358924
21489213
21619715
21749821
21880371
22010562
22141143
22272115
22402904
22532743
22662712
22793388
22923789
23054180
23184969
23314884
23445429
23574959
23705051
23835032
23964305
24094670
24225168
24355225
24484959
24615481
24745942
24876305
25007165
25136798
25267000
25397157
25528010
25658207
25788375
25918387
26048861
26178614
26309449
26440314
26570307
26700579
26830908
26961082
27091810
27222318
27352119
27481765
27612148
27742189
27872105
28002113
28131978
28262510
28393147
28523741
28654450
28784526
28914444
29044711
29174714
29304642
29434534
29565180
29695292
29825792
29955780
30086582
30217164
30347481
30477287
30606991
30737167
30867417
30997744
31128144
31258440
31388678
31518244
31648206
31778603
31908602
32038969
32169344
32299554
32429291
32559966
32690533
32820795
32951310
33081380
33211440
33341755
33471669
33601702
33731340
33861988
33991927
34122166
34252127
34382577
34512649
34642734
34772846
34903467
35034151
35164376
35294294
35424263
35554861
35685248
35815919
35946551
36076616
36207033
36337484
36467905
36597857
36727771
36858210
36988461
37119045
37249183
37379415
37509690
37639762
37769767
37900167
38030802
38161266
38291313
38421411
38551287
38681703
38811876
38942771
39073073
39202655
39332446
39462578
39592890
39723344
39853319
39983077
40113560
40243448
40373392
40503458
40633499
40764070
40894083
41023891
41154361
41285376
41415440
41546128
41676003
41806000
41936285
42066333
42196731
42326733
42456917
42586709
42717666
42847741
42978252
43108309
43238452
43368797
43498723
43629173
43759012
43889572
44019808
44150181
44280320
44410578
44540893
44671149
44801275
44931620
45061749
45192309
45322418
45453168
45583980
45714729
45844635
45974725
46105288
46235967
46366281
46496877
46626623
46757119
46886916
47016965
47146880
47276368
47406416
47536809
47666808
47796726
47927347
48057713
48188214
48318806
48448527
48578587
48708597
48839348
48969415
49099583
49229943
49360157
49490239
49621163
49751832
49882112
50012270
50142747
50273078
50403897
50534609
50664257
50794153
50924455
51054521
51184625
51314770
51444748
51575329
51705772
51836406
51966968
52097065
52227104
52357415
52487325
52617529
52747513
52878215
53008315
53138391
53268608
53399177
53529507
53660064
53790027
53919977
54050314
54180198
54310464
54440793
54571014
54701342
54831021
54961209
55091593
55221521
55351889
55482471
55612780
55742927
55873721
56004460
56134699
56265089
56395247
56525416
56655769
56785798
56915851
57045508
57175980
57306057
57436399
57566396
57696552
57826608
57956610
58086593
58216899
58347616
58477839
58607825
58737540
58868487
58998676
59129421
59259996
59390248
59520755
59651599
59781925
59912105
60042153
60172502
60302893
60433350
60563690
60693760
60823987
60954043
61084246
61214448
61345234
61475690
61605473
61735655
61865475
61995841
62125781
62256731
62386942
62516524
62646214
62776563
62906856
63037437
63167435
63297415
63427734
63557565
63687398
63817561
63947740
64078175
64208130
64338380
64468693
64599288
64729389
64860044
64989978
65119969
