0
832
1638
2422
3362
4136
4980
5767
6642
7635
8533
9343
10202
11004
11965
12808
13707
14576
15458
16360
17231
18135
19086
20003
20805
21680
22501
23278
24154
24909
25762
26525
27401
28200
29006
29856
30709
31576
32525
33367
34205
35055
35838
36626
37593
38426
39241
39989
40829
41644
42358
43259
44130
44976
45931
46751
47577
48405
49260
50090
50861
51802
52631
53565
54497
55361
56253
57049
57835
58714
59531
60462
61388
62261
63091
64019
64745
65566
66444
67274
68219
68952
69812
70823
71711
72511
73304
74229
75196
75983
76809
77671
78485
79274
80103
81018
81841
82587
83475
84227
84943
85706
86545
87521
88416
89228
89989
90874
91745
92658
93461
94307
95189
95997
96809
97638
98512
99286
100167
101159
102035
102795
103736
104538
105451
106233
107103
107914
108877
109797
110820
111591
112558
113383
114286
115163
116085
116898
117765
118596
119315
120170
120981
121863
122712
123651
124613
125451
126225
127106
127946
128895
129844
130750
131600
132494
133434
134239
135119
135968
136923
137821
138628
139537
140439
141326
142186
142977
143902
144860
145664
146570
147497
148354
149245
150179
150989
151931
152876
153684
154489
155362
156162
157099
157910
158804
159586
160462
161390
162277
163083
163875
164690
165669
166511
167368
168234
169139
170048
170874
171735
172714
173574
174410
175281
176105
176853
177716
178509
179318
180129
180994
181773
182650
183524
184416
185326
186320
187128
187951
188796
189597
190425
191368
192175
192910
193696
194547
195320
196068
196955
197860
198679
199600
200381
201254
202118
202984
203806
204542
205392
206243
207190
208064
208969
209871
210636
211412
212283
213157
214051
214903
215781
216619
217503
218314
219119
219940
220761
221753
222494
223366
224347
225217
226084
226869
227750
228739
229635
230461
231330
232168
232981
233818
234707
235568
236338
237245
237998
238723
239467
240346
241316
242214
243012
243778
244656
245539
246401
247209
248030
248897
249690
250532
251424
252308
253068
253899
254812
255700
256485
257334
258158
259081
259859
260740
261559
262534
263496
264442
265217
266172
266966
267859
268709
269550
270452
271303
272124
272927
273798
274598
275480
276355
277237
278187
279082
279872
280748
281556
282509
283383
284278
285133
285992
286900
287773
288623
289554
290419
291297
292134
293032
293910
294787
295733
296536
297403
298328
299118
299976
300916
301761
302680
303590
304357
305311
306186
307009
307804
308630
309487
310412
311233
312088
312860
313769
314781
315639
316497
317336
318155
319085
319925
320804
321667
322552
323421
324287
325192
326170
327041
327886
328730
329604
330376
331275
332034
332885
333715
334587
335354
336188
337076
337899
338784
339793
340678
341476
342336
343193
344020
344925
345743
346510
347317
348230
349060
349814
350720
351609
352433
353387
354257
355130
355909
356773
357648
358361
359231
360097
361072
361934
362838
363710
364530
365261
366083
366960
367791
368671
369521
370338
371268
372000
372867
373726
374526
375495
376278
377234
378212
379093
379964
380714
381627
382579
383431
384335
385202
386008
386799
387632
388577
389357
390106
391001
391753
392490
393251
394113
395115
396059
396859
397605
398512
399399
400317
401129
401943
402780
403558
404370
405190
406115
406921
407835
408820
409693
410544
411433
412213
413149
413958
414865
415684
416600
417521
418469
419267
420218
420961
421889
422810
423731
424625
425442
426244
427045
427883
428685
