0
130386
260954
390873
520871
651537
781294
911060
1041663
1171608
1301876
1432618
1562810
1693063
1823499
1953671
2084308
2214075
2344607
2474251
2604379
2734990
2864985
2995378
3125860
3256124
3385932
3515978
3646348
3776869
3907456
4038114
4167897
4297833
4428553
4558922
4689272
4819288
4949879
5080149
5210426
5340704
5470617
5601098
5731447
5862055
5992115
6122218
6252095
6381873
6512146
6642604
6773223
6903171
7033307
7163476
7293585
7424112
7554121
7684207
7814587
7944946
8075072
8205464
8335418
8465651
8595875
8725689
8855814
8985349
9115692
9246158
9376486
9506320
9636459
9766690
9896574
10027236
10157348
10287425
10417525
10547766
10678037
10808245
10938865
11068599
11198773
11328546
11458624
11588906
11718944
11849139
11979109
12109324
12239716
12369585
12499857
12630262
12760576
12890647
13020337
13150879
13281057
13410966
13541776
13671443
13801961
13932412
14062676
14193110
14323588
14454369
14584769
14715077
14845251
14974681
15104971
15234789
15365068
15494976
15625601
15755772
15886003
16016398
16146220
16276225
16406523
16536634
16666759
16796855
16927079
17057148
17186832
17317344
17447833
17578221
17708007
17838559
17968876
18099184
18228921
18358852
18488904
18618825
18748892
18879068
19009172
19138846
19269136
19399028
19529588
19659935
19790380
19921085
20051351
20180816
20310843
20441136
20571951
20702790
20832778
20962920
21093406
21223593
21354111
21484466
21614685
21745272
21875181
22005019
22135611
22265807
22396125
22526316
22656211
22786747
22916188
23046287
23176437
23306522
23437069
23567421
23697232
23827330
23958072
24087986
24217794
24348148
24478282
24608391
24738946
24868907
24999356
25129789
25259978
25390387
25520274
25650761
25780629
25910815
26041392
26171438
26301598
26432067
26562112
26692233
26821998
26952593
27082949
27213400
27343959
27473837
27603662
27734536
27864908
27995105
28125102
28255630
28385956
28516239
28646281
28775945
28906406
29036909
29167363
29297392
29427416
29557519
29687357
29817652
29948113
30078808
30208933
30339019
30469372
30599475
30729826
30859960
30990166
31120681
31251112
31381461
31511869
31642064
31772286
31902163
32032383
32162387
32292198
32422722
32553209
32683593
32813648
32943511
33073701
33203909
33334339
33464119
33594208
33724392
33854487
33984803
34114656
34245193
34374729
34504874
34634739
34765057
34895196
35025194
35155387
35285483
35415632
35546029
35675684
35806011
35936399
36066547
36196361
36326258
36456857
36586714
36716737
36847267
36977007
37107374
37237920
37368380
37498697
37629050
37759898
37890013
38020367
38150504
38280114
38410448
38540434
38670469
38800363
38931209
39061484
39191586
39322009
39451989
39581978
39712418
39842812
39973023
40102764
40233005
40362937
40492602
40622846
40753393
40883888
41013844
41144232
41274486
41404700
41534641
41664426
41794680
41924823
42054949
42184849
42315127
42444998
42575116
42705094
42835490
42965894
43096206
43226668
43357221
43486914
43616693
43746975
43877956
44008457
44138170
44268410
44399116
44529096
44659902
44790153
44920325
45050790
45180841
45310671
45441331
45571303
45701710
45831790
45961369
46091856
46221433
46351358
46481736
46611756
46742303
46872709
47002638
47132588
47263285
47393064
47522886
47653547
47783577
47913750
48044386
48174616
48304960
48435422
48565706
48696187
48825989
48956581
49086218
49216333
49346845
49476961
49607353
49737741
49867937
49997952
50127779
50258319
50388799
50519263
50649910
50779825
50909663
51040548
51170954
51301105
51431327
51561733
51692103
51822372
51952666
52082480
52212922
52343502
52473947
52604096
52734118
52864099
52993712
53124083
53254490
53385296
53515092
53645312
53775363
53905715
54036037
54166093
54296147
54426565
54556891
54686985
54817275
54947436
55077685
55207607
55337623
55467680
55597302
55727699
55858128
55988396
56118354
56248201
56378668
56508551
56639254
56769252
56899200
57029610
57159751
57290072
57420269
57550722
57680333
57810705
57940519
58070633
58200796
58330826
58460987
58591104
58721268
58851731
58981376
59111868
59242333
59372524
59502587
59632352
59762931
59892976
60023040
60153629
60283484
60413895
60544407
60674717
60805028
60935676
61066510
61196763
61327041
61457154
61586622
61716894
61846746
61977046
62106957
62237499
62367804
62498100
62628370
62758068
62888215
63018403
63148558
63278827
63408817
63538936
63669044
63798788
63929389
64059809
64190092
64320001
64450627
64580894
64710949
64840851
64970709
65100784
