0
2216
4307
6691
9047
11174
13242
15571
17835
19950
22057
24261
26522
28784
30870
33089
35199
37335
39583
41658
43894
46024
48119
50506
52535
54778
56905
58954
61144
63400
65723
67796
69801
72059
74095
76343
78457
80522
82617
84749
87129
89279
91403
93544
95678
97855
100130
102284
104383
106683
108964
110992
113275
115698
117748
119878
122108
124143
126164
128498
130441
132548
134429
136728
138705
140822
142972
145047
147198
149544
151627
153770
156016
158229
160364
162568
164610
166686
168839
171131
173126
175240
177390
179744
181897
183969
186148
188437
190488
192719
194798
196785
198939
201012
203212
205425
207551
209702
211727
213879
215846
218120
220269
222331
224590
226645
228732
230854
232837
234920
236914
239197
241367
243541
245896
248035
250160
252016
254401
256693
258901
261116
263112
265094
267122
269330
271584
273533
275563
277740
279669
281641
283715
285954
288381
290482
292494
294573
296695
298978
301069
303159
305278
307239
309164
311286
313489
315689
317616
319862
322083
324128
326338
328614
330552
332845
334901
337080
339161
341435
343772
346002
348233
350518
352696
354872
357189
359486
361711
363808
365905
368000
370132
372220
374457
376727
379030
381166
383285
385203
387445
389525
391921
394227
396386
398451
400841
403110
405178
407299
409553
411785
414076
416194
418402
420521
422655
424869
426954
429179
431310
433303
435740
437895
440134
442296
444322
446537
448773
451120
453200
455173
457426
459506
461705
463779
465904
467881
470111
472484
474548
476657
478793
480966
483118
485381
487516
489662
491955
494287
496260
498560
501003
502978
505139
507414
509483
511451
513760
515735
517865
519785
522058
524178
526255
528373
530456
532626
535036
537083
539234
541409
543654
545765
547990
550024
552134
554287
556557
558506
560681
562740
565144
567270
569325
571538
573827
575876
578069
580067
582132
584278
586457
588610
590923
593002
595221
597284
599480
601524
603728
605877
607924
610158
612252
614349
616446
618430
620456
622469
624754
626930
629135
631433
633538
635661
637651
639988
642254
644487
646705
648758
650736
652797
654957
657239
659193
661297
663458
665333
667267
669358
671563
674019
676128
678148
680265
682352
684629
686707
688803
690912
692857
694785
696942
699197
701381
703335
705563
707799
709830
711986
714262
716188
718463
720565
722679
724769
727051
729401
731602
733879
736122
738280
740474
742785
745103
747342
749442
751437
753527
755613
757737
759883
762183
764545
766644
768785
770711
772901
775039
777451
779813
781926
783982
786428
788631
790762
792937
795103
797323
799580
801708
803839
806049
808210
810446
812514
814739
816878
818970
821392
823585
825781
827930
829871
832140
834368
836639
838780
840726
842957
844902
847190
849254
851427
853440
855685
858078
860120
862291
864444
866661
868773
871038
873198
875313
877615
879975
881947
884239
886633
888648
890741
892972
895048
897038
899310
901258
903385
905284
907575
909641
911741
913856
915917
918111
920513
922516
924622
926811
928977
931095
933354
935351
937471
939661
941875
943890
946028
948131
950559
952698
954691
956853
959134
961158
963370
965400
967469
969657
971771
973968
976219
978299
980504
982571
984697
986761
988967
991172
993191
995387
997529
999602
1001702
1003689
1005728
1007788
1010086
1012157
1014429
1016690
1018779
1020932
1023008
1025381
1027534
1029727
1031972
1033974
1035973
1038074
1040182
1042476
1044393
1046509
1048632
1050537
1052474
1054627
1056833
1059301
1061407
1063407
1065558
1067649
1069877
1071964
1074070
1076165
