1
23321302
23343379
23327110
23251828
23325097
23255299
23252748
23347981
23275648
23323448
23306592
23261639
23258843
23342265
23217322
23279447
23318790
23354720
23269001
23279082
23223236
23333269
23289225
23328350
23278922
23287984
23272852
23289189
23269219
23288545
23309766
23332256
23221177
23257007
23291722
23289868
23369036
23300665
23301978
23190108
23301332
23197844
23287217
23226569
23256103
23364546
23259411
23268186
23289560
23304494
23278339
23259387
23241983
23289378
23300527
23294484
23346949
23269078
23351296
23307603
23244928
23231008
23223076
23303601
23213466
23295854
23188245
23275605
23217105
23261334
23284550
23227570
23286379
23271093
23269866
23323212
23262215
23292632
23321408
23272129
23224465
23302792
23384803
23311545
23244976
23334594
23311204
23307957
23309982
23275872
23251187
23272243
23246382
23288223
23217320
23273886
23304652
23335345
23206736
23249749
23316414
23248257
23192449
23224978
23313219
23250345
23304447
23243382
23279147
23337078
23316666
23309842
23350944
23347734
23314670
23313999
23340325
23269634
23297342
23312642
23224873
23261532
23321046
23343578
23276241
23279766
23289857
23295912
23389393
23228119
23211871
23213957
23198403
23258490
23343875
23298399
23230665
23225146
23244438
23292045
23318677
23344527
23312976
23332283
23327921
23288484
23228335
23297468
23321015
23319372
23249569
23282040
23250420
23323911
23262392
23232387
23215617
23358304
23317211
23246073
23250958
23206005
23288861
23295736
23316347
23303841
23236188
23313937
23284406
23286554
23288206
23304375
23237737
23231291
23321173
23292187
23217790
23274290
23306597
23344072
23280697
23311759
23281940
23321780
23288214
23241811
23362792
23256206
23307569
23307864
23265516
23303864
23319423
23191557
23279325
23305498
23360854
23305669
23255930
23253042
23314652
23273424
23323105
23277849
23285396
23267202
23318533
23247399
23294086
23305011
23312094
23228419
23256317
23268367
23320549
23350234
23306549
23313145
23171175
23282975
23206685
23270856
23236493
23231408
23376561
23254270
23266879
23286316
23316415
23272224
23253269
23249236
23306167
23296882
23312782
23353069
23276117
23340674
23279495
23265836
23199543
23206988
23292735
23244364
23286663
23206834
23277124
23226048
23283581
23272499
23232545
23301196
23247974
23291370
23310311
23276061
23301889
23322442
23267572
23221690
23303231
23378363
23308875
23293736
23338930
23300882
23320075
23286299
23299503
23236706
23272412
23239398
23273086
23223333
23287749
23279669
23339416
23190870
23273563
23307710
23256368
23201415
23220888
23315997
23243240
23307743
23223404
23296781
23333798
23318066
23335082
23348935
23357466
23292416
23332080
23319488
23261608
23278369
23315946
23231631
23264547
23279253
23370132
23275950
23293009
23305313
23303059
23362242
23263657
23203614
23216870
23198798
23255033
23352503
23301885
23234420
23234433
23268091
23277440
23329956
23317331
23313689
23336193
23340686
23276633
23253523
23304718
23314608
23328970
23228365
23305354
23238259
23320171
23227802
23259766
23225078
23359611
23334687
23270199
23259212
23231312
23280525
23292605
23319092
23292805
23229269
23319851
23299615
23279008
23272645
23311396
23238847
23215002
23330491
23284125
23229979
23283534
23301600
23344542
23302102
23325882
23257828
23327643
23256801
23271696
23304889
23260271
23283725
23308624
23277195
23295393
23328950
23209493
23277559
23286417
23363201
23309900
23251443
23234162
23313078
23245268
23285845
23316265
23271878
23304744
23317656
23257566
23293614
23295049
23294616
23242401
23269266
23277471
23298212
23345861
23330140
23241711
23175087
23290947
23228128
23249646
23212142
23252135
23346822
23257707
23276853
23298935
23282958
23285550
23247651
23263899
23313320
23278056
23324876
23333064
23270733
23344350
23267506
23272575
23218715
23192670
23292190
23262907
23285521
23200572
23276282
23230916
23274727
23272489
23209981
23312629
23249250
23316312
23325935
23257160
23297028
23313437
23290240
23245983
23312315
23379487
23307710
23284473
23347547
23322286
23296733
23263031
23276732
23258353
23280951
23245577
23294161
23237682
23282776
23285331
23337593
23202607
23277524
23307375
23274733
23196090
23245555
23309633
23248544
23329290
23228502
23267713
23346356
23315131
23320286
23335828
23364529
23302400
23324262
23318757
23261078
23289560
23307441
23214791
23293537
23301015
23339378
23292663
23271414
23294857
23289641
23371043
23255976
23206330
23212658
23202259
23264840
23370012
23293674
23211464
23225969
23267677
23291411
23327815
23321480
