1
19939344
19937518
19916268
19934675
19884346
19898499
19981002
19884385
19928115
19916991
19931146
19911397
19931221
19898898
19903209
19980902
19863101
19933695
19940594
19940316
19954691
19934374
19902080
19896330
19980315
19914500
19895809
19915067
19902269
19946369
19883136
19925777
19913874
19920466
19906716
19952191
19899145
19867545
19968259
19901452
19922113
19888803
19956355
19891810
19908657
19916045
19904817
19912406
19931772
19984192
19960032
19901359
19931971
19931903
19896383
19836803
19879290
19901270
19886888
19841291
19905779
19902513
19884831
19900508
19912850
19920592
19900922
19982129
19889319
19882330
19891207
19945344
19916389
19889555
19915151
19859607
19919473
19889995
19909063
19911703
19870662
19897374
19917273
19895887
19903757
19912112
19954636
19862863
19847344
19933293
19972150
19904417
19918291
19919680
19890939
19922465
19933769
19870194
19933017
19936169
19882799
19917181
19931433
19852051
19924548
19866520
19926005
19919393
19944521
19893652
19947455
19885448
19924024
19881993
19898224
19920503
19917848
19905275
19914304
19946825
19931266
19904215
19877542
19897387
19942451
19918067
19894320
19929681
19880879
19883718
19919195
19947978
19886882
19961588
19948681
19870396
19885401
19914249
19923483
19917777
19901605
19876910
19909799
19913804
19892679
19868339
19933594
19927793
19921535
19925530
19923526
19916979
19874313
19906855
19936157
19943540
19935747
19881198
19928616
19955016
19888180
19954191
19911417
19926589
19961089
19948049
19935882
19938385
19906519
19884546
19926236
19940170
19949629
19902513
19889514
19904924
19922329
19908617
19937972
19945369
19971456
19909331
19907413
19920489
19916349
19951795
19933243
19911044
19915654
19959115
19886952
19920702
19935689
19883492
19973086
19902394
20004017
19917885
19979708
19964002
19938856
19928560
19940441
19925784
19875681
19933165
19948525
19895580
19910122
19916299
19901724
19905375
19884893
19889767
19895687
19883887
19883333
19931364
19898060
19922514
19852987
19910569
19927509
19940364
19942451
19883072
19900235
19958292
19945731
19977336
19915405
19888141
19887638
19883662
19886576
19917245
19900498
19922236
19870699
19917989
19944969
19915537
19896605
19937354
19898072
19887701
19988587
19910711
19901848
19920294
19920788
19944889
19939996
19916145
19892383
19881724
19928262
19865867
19897394
19846337
19879954
19903522
19947317
19922220
19897188
19948768
19873949
19913668
19913763
19944609
19911044
19931728
19940747
19906536
19914457
19969555
19868870
19940810
19951494
19944744
19902146
19964281
19890097
19931295
19927042
19928218
19963897
19975011
19867924
19961386
19898078
19951172
19907576
19869093
19966217
19909913
19867605
19969260
19959386
19903555
19888728
19900631
19932212
19932881
19887827
19885481
19858701
19914267
19935515
19944014
19943414
19917576
19927263
19958716
19854151
19891521
19894718
19950175
19950357
19925909
19877148
19899896
19882364
19898666
19876181
19927835
19952342
19920149
19938999
19949772
19959935
19838387
19913219
19912721
19934113
19927794
19868735
19953262
19901069
19922082
19946984
19883034
19897169
19922400
19922340
19988375
19945613
19898399
19906815
19925399
19965635
19934317
19897696
19898000
19938261
19913083
19937400
19936443
19963085
19922408
19956880
19916386
19936031
19955601
19987904
19914162
19897071
19939813
19942689
19919114
19879694
19880241
19934600
19930234
19904600
19900531
19917410
19910490
19942612
19878097
19937349
19930387
19937405
19873173
19914075
19948894
19884717
19918803
19943998
19920791
19896342
19878133
19936319
19916897
19916700
19880452
19925702
19934717
19886940
19872039
19895714
19952735
19958067
19914404
19922806
19910420
19915250
19963035
19996982
19935521
19907121
19955629
19850987
19831920
19855815
19894926
19900792
19829837
19901529
19931775
19888431
19901219
19906475
19913486
19971662
19952638
19900529
19893763
19888424
19962852
19918705
19897809
19927189
19910873
19885699
19915760
19905312
19938760
19853262
19907571
19875461
19928242
19927152
19898076
19941621
19907698
19897964
19918050
19948618
19950101
19928889
19943916
19921686
19905385
19932024
19874901
19897546
19936268
19914619
19904565
19921413
19900754
19955561
19867756
19926932
19921086
19928104
19954006
19929882
19912172
19957131
19933160
19861160
19905124
19922227
19893884
19949448
19926205
19894843
19903005
19884601
19939631
19961346
19927271
19896988
19924124
19881081
19946069
19949872
19896677
19878205
19914102
20011107
19867048
19893774
19914097
19955501
19944342
19895630
19857119
