0
10588
21044
31575
41975
52459
63037
73680
84185
94590
105024
115624
126132
136457
146859
157498
167843
178329
188898
199332
209709
220103
230593
240979
251494
261847
272259
282702
293168
303558
313909
324328
334781
345283
355724
366332
376831
387023
397601
408189
418528
429097
439578
450124
460552
471145
481527
491961
502471
513005
523358
533740
544254
554632
565277
575803
586276
596760
607294
617758
628252
638648
649120
659699
670152
680648
691184
701674
712017
722582
732990
743451
753990
764406
774827
785216
795633
806049
816539
827028
837568
847995
858489
868841
879414
889843
900418
910959
921261
931982
942445
952972
963594
973796
984160
994646
1005082
1015584
1026088
1036685
1047329
