1
23327418
23278427
23274267
23249935
23298781
23282613
23313692
23314864
23285933
23266600
23368816
23274225
23301768
23290357
23287822
23245602
23269158
23315197
23300581
23288415
23300885
23315799
23277354
23330250
23263747
23274605
23264952
23236048
23300891
23333331
23340998
23245483
23277868
23227378
23287523
23324985
23336673
23296554
23242768
23280017
23291844
23296406
23303227
23271234
23321851
23241524
23253242
23296957
23329071
23289076
23319443
23280228
23322672
23216618
23221385
23297403
23268960
23332205
23340680
23344862
23316609
23341999
23208264
23250578
23280337
23318070
23324171
23295431
23276204
23236422
23366406
23301768
23305046
23310259
23274838
23273744
23244713
23293029
23236633
23236309
23311809
23305924
23214316
23250113
23269319
23281473
23276372
23288051
23267006
23300201
23293308
23252714
23270687
23219182
23252717
23343831
23297144
23292817
23266879
23343274
23305014
23299724
23286819
23205223
23305807
23316336
23256480
23323070
23302516
23261410
23269856
23204319
23291869
23237495
23273100
23263335
23275323
23274940
23318899
23203328
23213920
23297343
23216503
23257045
23326301
23265643
23234111
23248742
23305946
23346953
23309189
23273216
23269422
23255373
23267100
23336788
23296019
23359486
23259753
23245130
23251810
23362362
23295051
23313641
23270235
23281999
23291924
23322284
23339599
23260609
23354356
23231864
23294978
23234912
23245147
23316668
23291081
23260954
23270616
23296217
23323351
23245318
23236146
23302536
23333446
23299053
23269893
23266319
23253405
23265181
23294313
23327262
23235345
23228558
23211739
23283175
23227271
23283730
23325711
23280259
23296541
23258399
23219049
23286148
23293919
23284248
23333282
23304572
23268129
23378613
23278075
23288165
23271188
23271807
23272175
23269665
23297321
23288844
23280618
23296154
23313761
23276496
23356628
23237595
23263802
23269861
23237361
23300989
23318178
23343570
23222241
23322662
23220701
23280519
23299207
23373515
23283735
23283291
23274662
23271576
23269777
23305007
23305403
23326213
23216850
23260325
23316607
23334017
23298547
23311576
23312634
23297852
23216002
23223918
23295737
23272051
23331935
23323693
23344514
23329831
23328567
23215048
23239734
23295500
23307156
23321268
23266939
23262535
23245113
23356851
23292194
23347642
23252822
23280231
23268044
23264045
23298930
23237050
23238745
23303543
23281915
23216861
23279676
23241637
23258899
23293012
23289370
23299986
23306141
23287519
23268612
23269724
23227982
23237132
23342590
23324485
23287696
23287270
23359192
23307326
23292521
23268870
23223474
23301259
23320010
23268634
23298972
23291208
23267443
23248185
23202726
23303067
23204965
23286579
23237297
23278753
23277837
23301424
23220499
23222669
23268415
23167146
23258787
23317609
23279627
23241131
23237712
23306270
23335640
23311254
23269663
23268199
23255391
23287398
23323441
23273930
23362713
23252652
23229342
23237131
23328820
23267280
23301178
23252670
23264674
23301890
23347565
23320227
23259364
23331504
23240602
23279497
23207798
23263307
23286929
23265871
23253639
23292428
23281339
23347882
23254497
23245362
23313290
23327816
23291572
23264731
23257672
23250425
23260295
23276947
23336530
23250045
23245545
23211449
23264542
23238617
23294724
23344487
23304399
23280734
23250719
23250851
23281968
23277313
23314059
23353651
23290188
23279649
23345546
23274816
23258796
23282700
23288205
23239084
23269955
23333392
23292223
23285801
23273209
23323377
23299242
23325409
23257140
23260601
23295097
23213926
23304847
23345994
23307133
23236043
23307238
23207230
23292663
23302660
23338257
23260506
23275952
23266533
23292950
23284330
23298026
23293854
23325013
23221331
23228959
23339140
23317188
23289426
23298990
23329764
23253569
23256833
23223952
23309890
23285359
23322780
23337376
23361530
23318863
23342360
23198592
23269331
23292204
23291610
23333867
23304218
23260199
23232540
23374345
23311129
23325502
23286686
23281856
23275670
23267462
23297145
23262540
23244438
23298357
23297785
23207151
23262448
23251679
23272304
23265662
23275709
23301375
23282845
23266500
23247851
23297982
23244904
23254898
23321807
23305405
23301728
23265918
23351915
23303641
23283562
23260363
23228440
23285648
23313471
23281878
23324930
23281187
23257837
23268621
23203572
23298499
23215092
23312438
23240753
23293761
23224122
23287608
23213572
23218690
23261161
23173949
23255400
23316359
23250214
23236242
23223142
23289849
23330823
23333795
23263626
23281095
23246310
23288903
23348832
23292652
23384294
23246956
23266456
23236095
23330070
