0
2211
4395
6628
8819
11039
13134
15393
17610
19851
22071
24231
26486
28450
30989
33235
35466
37563
39539
41798
44158
46526
48773
50791
52884
55016
57321
59450
61834
64000
66348
68389
70563
72817
74794
76904
79133
81246
83582
85728
87766
90045
92172
94113
96367
98491
100702
102693
104628
106800
108809
110853
113068
115092
117364
119397
121311
123421
125661
127922
130027
131971
133947
135875
138074
140316
142580
144770
147056
149038
151218
153499
155641
157673
159832
162262
164449
166486
168690
170646
172806
175057
176975
178904
180948
183099
185469
187556
189977
192212
194563
196603
198547
200568
203067
205307
207565
209798
211794
213845
216012
218071
220238
222345
224602
226673
228841
231302
233417
235520
237698
239829
242120
244116
246241
248193
250426
252555
254714
256937
259228
261570
263847
265998
268444
270583
272799
274753
276938
279205
281294
283693
285640
287800
289861
291868
294190
296414
298304
300294
302615
304651
306644
308955
310891
313050
315251
317412
319588
321694
323702
325930
328139
330227
332293
334600
336879
339028
341180
343252
345507
347852
350011
352261
354413
356332
358484
360632
362571
364779
366861
369017
371080
373354
375349
377537
379680
381933
384183
386189
388415
390581
392796
395078
397375
399367
401661
403846
406071
408247
410419
412716
414742
417263
419520
421785
423888
425870
428081
430444
432750
435050
437038
439155
441270
443570
445751
448208
450343
452595
454705
456918
459122
461088
463184
465285
467350
469748
471873
473925
476161
478248
480189
482453
484594
486749
488840
490749
492880
494901
496940
499153
501173
503430
505404
507380
509584
511888
514029
516190
518156
520009
522026
524228
526454
528688
530901
533195
535098
537263
539546
541747
543850
546044
548442
550611
552606
554821
556762
558952
561171
563181
565083
567128
569231
571504
573633
575988
578151
580567
582651
584649
586664
589181
591432
593565
595739
597811
599934
602165
604256
606396
608478
610791
612840
614982
617413
619586
621690
623808
625917
628177
630163
632274
634219
636485
638601
640789
643056
645284
647569
649834
652058
654443
656649
658867
660848
663047
665332
667482
669867
671852
674025
676049
678086
680472
682761
684652
686654
688965
691006
693061
695261
697244
699346
701507
703674
705839
707951
709856
712051
714268
716236
718364
720700
723023
725190
727348
729387
731652
734079
736249
738399
740595
742606
744806
747005
748894
751144
753306
755458
757498
759895
761942
764019
766148
768403
770699
772669
774918
777115
779346
781558
783786
785832
788092
790278
792572
794772
796867
799168
801190
803641
805887
808146
810175
812238
814516
816840
819177
821429
823400
825473
827626
829953
832115
834559
836699
839018
841039
843247
845426
847457
849558
851759
853855
856205
858381
860480
862753
864843
866758
869008
871135
873301
875398
877287
879431
881434
883455
885700
887724
889977
891974
893997
896110
898356
900573
902750
904648
906581
908571
910726
913061
915287
917540
919756
921766
923917
926144
928317
930431
932526
934892
937160
939102
941329
943267
945510
947693
949673
951594
953635
955793
958113
960265
962606
964896
967243
969281
971243
973246
975710
977982
980170
982373
984407
986530
988748
990802
992912
995039
997335
999364
1001595
1003942
1006081
1008260
1010413
1012509
1014765
1016775
1018878
1020872
1023079
1025187
1027389
1029638
1031935
1034218
1036468
1038662
1040993
1043227
1045397
1047458
1049663
1051944
1053988
1056332
1058346
1060464
1062524
1064593
1066877
1069064
1071033
1072980
1075255
1077347
1079392
