0
268
491
756
1025
1362
1610
1845
2108
2366
2576
2803
2968
3273
3529
3805
4058
4321
4520
4816
5179
5435
5692
5945
6255
6519
6764
7020
7244
7487
7834
8073
8326
8538
8744
8970
9184
9399
9663
9887
10062
10317
10513
10866
11112
11364
11654
11943
12238
12508
12787
13000
13248
13501
13788
13985
14215
14522
14821
14984
15293
15542
15842
16077
16321
16482
16727
17044
17293
17503
17736
17989
18308
18555
18866
19171
19400
19675
19923
20198
20446
20701
20930
21172
21440
21787
21972
22230
22510
22683
22921
23161
23395
23719
24014
24240
24490
24727
24981
25214
25447
25713
26033
26236
26529
26830
27055
27282
27512
27782
28041
28280
28555
28801
29123
29336
29542
29744
30053
30298
30533
30892
31184
31445
31676
31891
32130
32417
32643
32904
33133
33370
33624
33855
34104
34365
34611
34821
35032
35440
35711
36028
36302
36537
36796
37032
37265
37556
37845
38067
38281
38449
38751
39018
39291
39562
39851
40050
40450
40719
40919
41260
41553
41834
42106
42282
42493
42752
42974
43212
43418
43676
43886
44136
44395
44675
44908
45247
45569
45845
46107
46452
46665
47002
47220
47397
47670
47948
48251
48494
48768
49038
49287
49528
49776
50018
50327
50589
50851
51009
51273
51453
51726
52090
52375
52590
52914
53170
53470
53797
54003
54264
54627
54934
55122
55409
55600
55840
56061
56328
56534
56835
57126
57403
57625
57823
58014
58262
58523
58691
58901
59180
59363
59629
59832
60073
60290
60561
60879
61143
61404
61705
61954
62151
62347
62675
62924
63170
63387
63626
63814
64033
64283
64511
64825
65009
65245
65536
65776
66049
66346
66561
66773
67069
67266
67578
67806
68053
68285
68492
68742
68933
69186
69508
69749
70046
70319
70548
70791
71074
71245
71494
71753
71988
72200
72417
72699
73006
73288
73519
73797
74116
74454
74693
74904
75178
75402
75669
75921
76133
76395
76618
76871
77121
77356
77673
77979
78274
78544
78795
78982
79139
79383
79650
79943
80225
80492
80753
80989
81324
81593
81790
81937
82215
82532
82865
83050
83335
83582
83825
84057
84293
84550
84752
85031
85240
85475
85740
85997
86301
86552
86838
87115
87357
87659
87907
88224
88536
88830
89148
89435
89653
89877
90044
90306
90555
90870
91192
91387
91628
91911
92100
92318
92642
92931
93255
93480
93863
94128
94422
94759
95064
95314
95670
95932
96138
96389
96651
96890
97202
97426
97703
97951
98210
98492
98745
99003
99208
99481
99790
100100
100344
100600
100896
101162
101399
101678
101917
102134
102420
102742
103034
103270
103476
103725
104010
104380
104661
104896
105132
105367
105604
105830
106056
106270
106457
106607
106776
107065
107333
107617
107946
108260
108493
108715
108896
109175
109409
109681
109918
110109
110362
110552
110824
111081
111257
111521
111855
112120
112334
112615
112801
113031
113325
113542
113771
114046
114338
114577
114837
115050
115288
115526
115831
116024
116306
116616
116818
117048
117269
117565
117860
118123
118389
118651
118926
119216
119510
119751
120090
120315
120524
120690
120965
121224
121526
121815
122078
122311
122575
122819
123085
123312
123509
123756
124030
124348
124643
124836
125093
125388
125593
125752
126009
126311
126607
126811
127099
127369
127597
127804
