0
337
636
1028
1293
1643
1981
2373
2603
2951
3340
3755
4065
4504
4808
5118
5551
5879
6177
6528
6889
7323
7656
7938
8253
8628
8912
9208
9382
9769
10095
10457
10772
11111
11370
11755
12228
12529
12884
13203
13626
13969
14283
14609
14886
15198
15662
15988
16325
16601
16847
17130
17348
17647
17980
18271
18478
18806
19056
19521
19845
20147
20543
20935
21333
21678
22042
22353
22674
22991
23385
23620
23941
24346
24772
24954
25345
25666
26052
26339
26645
26845
27131
27575
27890
28138
28434
28706
29177
29514
29948
30335
30650
31015
31324
31687
31981
32308
32604
32889
33220
33725
33936
34252
34621
34848
35165
35457
35739
36167
36531
36827
37168
37454
37792
38067
38371
38737
39122
39388
39764
40178
40456
40724
40969
41343
41709
42016
42383
42703
43120
43381
43669
43938
44322
44669
44940
45437
45799
46103
46441
46707
47039
47392
47681
48013
48316
48603
48960
49247
49553
49870
50180
50441
50719
51265
51622
52032
52376
52643
53012
53332
53641
53992
54376
54647
54905
55075
55444
55819
56162
56538
56911
57147
57695
58053
58325
58791
59166
59547
59901
60078
60347
60696
60975
61298
61552
61883
62150
62470
62780
63151
63477
63953
64373
64729
65068
65538
65789
66244
66546
66749
67096
67453
67840
68151
68491
68851
69197
69516
69841
70151
70535
70892
71237
71418
71773
72017
72386
72864
73262
73525
73953
74246
74632
75044
75355
75685
76207
76639
76859
77227
77455
77711
77995
78307
78605
78999
79386
79739
80049
80293
80525
80862
81165
81390
81657
82008
82241
82566
82817
83110
83373
83728
84158
84508
84827
85241
85536
85795
86028
86476
86819
87144
87419
87712
87958
88224
88524
88831
89259
89480
89756
90142
90473
90844
91211
91477
91748
92116
92388
92772
93030
93375
93671
93924
94240
94486
94824
95261
95586
95982
96334
96621
96923
97302
97521
97825
98119
98465
98723
98995
99346
99759
100116
100409
100793
101202
101658
101950
102217
102585
102858
103184
103466
103738
104061
104370
104684
105033
105285
105730
106146
106513
106873
107208
107424
107616
107893
108272
108651
109041
109351
109692
109982
110418
110765
110993
111170
111534
111953
112364
112637
112979
113270
113552
113844
114154
114457
114686
115034
115279
115580
115934
116268
116675
117004
117391
117745
118048
118444
118730
119173
119533
119921
120340
120715
121000
121281
121466
121805
122124
122532
122943
123198
123483
123858
124105
124353
124789
125162
125583
125860
126385
126714
127132
127568
127956
128315
128764
129146
129388
129737
130068
130387
130808
131053
131439
131749
132081
132470
132786
133075
133360
133695
134114
134539
134858
135212
135575
135935
136239
136588
136883
137156
137520
137967
138359
138676
138937
139249
139603
140100
140446
140747
141043
141348
141647
141946
142255
142486
142747
142928
143131
143487
143827
144209
144649
145067
145342
145625
145812
146187
146470
146857
147150
147386
147699
147946
148292
148607
148825
149185
149625
149946
150203
150555
150776
151042
151438
151713
151999
152361
152769
153082
153390
153689
153983
154280
154643
154882
155230
155661
155928
156229
156506
156889
157285
157627
157955
158281
158658
159049
159435
159734
160177
160451
160698
160893
161216
161588
162005
162390
162741
163002
163355
163636
163992
164321
164550
164866
