0
451
814
1045
1571
1986
2322
2619
2924
3169
3431
3788
4085
4353
4819
5179
5496
5760
5964
6257
6560
6852
7090
7428
7733
8026
8298
8538
8843
9148
9537
9925
10246
10645
10985
11279
11502
11902
12154
12521
12844
13084
13398
13627
13969
14216
14621
14901
15158
15507
15931
16214
16631
16937
17186
17518
17854
18189
18536
18829
19116
19403
19615
19950
20220
20648
20986
21340
21706
22089
22408
22677
22982
23235
23555
23833
24193
24477
24787
25124
25475
25842
26178
26558
27026
27417
27665
27975
28303
28596
28875
29184
29514
29806
29987
30447
30676
31118
31538
31913
32258
32627
32823
33091
33279
33676
33979
34426
34757
35142
35427
35795
36218
36486
36676
36935
37327
37777
38075
38392
38675
39017
39331
39637
39848
40174
40374
40717
41035
41420
41626
42016
42346
42687
43117
43429
43849
44201
44566
44956
45386
45698
46021
46409
46680
46941
47180
47561
47893
48329
48669
48934
49274
49565
49811
50208
50548
50939
51333
51760
52151
52498
53015
53400
53754
54146
54523
54852
55133
55495
55884
56153
56488
56887
57149
57526
57792
58205
58451
58750
59070
59519
59952
60245
60616
60980
61323
61670
62031
62279
62569
62916
63369
63690
64104
64326
64627
65038
65418
65842
66169
66466
66748
67024
67427
67700
67889
68179
68318
68566
68849
69271
69623
70083
70464
70781
71056
71281
71541
71911
72322
72558
72788
73076
73338
73674
74034
74296
74562
74984
75321
75583
75972
76222
76459
76856
77152
77440
77751
78097
78491
78806
79077
79395
79675
80046
80308
80659
81021
81352
81645
81939
82214
82697
83018
83343
83652
84070
84410
84820
85145
85536
85881
86168
86376
86655
87043
87404
87779
88123
88475
88780
89058
89409
89685
89957
90276
90636
91061
91396
91693
92001
92355
92621
92897
93136
93539
93875
94218
94560
94952
95172
95446
95696
96050
96493
96835
97034
97384
97692
98204
98503
98825
99127
99475
99732
99941
100357
100705
100987
101484
101854
102104
102413
102658
103024
103358
103660
103977
104345
104619
104990
105275
105664
106126
106432
106801
107196
107533
107831
108306
108547
108860
109248
109687
110031
110387
110618
111062
111301
111581
111839
112174
112535
112840
113175
113511
113732
114154
114579
114935
115287
115579
115994
116360
116637
116950
117221
117635
118031
118401
118709
118979
119226
119502
119777
120017
120369
120680
120892
121129
121457
121890
122237
122520
122798
123250
123651
124018
124279
124692
125029
125380
125734
126012
126263
126719
127097
127338
127623
128026
128411
128742
129030
129191
129488
129928
130250
130502
130747
131109
131540
131901
132283
132687
132993
133376
133678
134039
134342
134628
134957
135263
135583
136062
136307
136604
136939
137223
137502
137864
138050
138494
138843
139237
139533
139835
140173
140473
140745
141104
141466
141762
142134
142541
142852
143082
143384
143720
144070
144371
144770
145065
145440
145738
146028
146319
146677
146979
147314
147678
148095
148461
148783
149056
149360
149757
149996
150339
150641
150924
151268
151529
151896
152227
152526
152837
153086
153500
153933
154295
154697
155023
155355
155727
155980
156333
156734
156983
157259
157405
157745
158135
158518
158878
159227
159527
159913
160438
160674
161046
161517
161819
162242
162451
162740
162977
163361
163615
163933
164226
