0
560
941
1406
1787
2270
2880
3287
3636
4327
4700
5269
5755
6321
7015
7608
8127
8717
9166
9585
10299
10725
11176
11722
12376
13027
13533
13893
14436
14966
15333
15751
16166
16792
17264
17788
18255
18794
19239
19815
20587
21024
21486
22100
22724
23261
23598
24152
24653
25144
25888
26427
26845
27115
27553
27923
28312
28681
29215
29568
29920
30378
30954
31395
31986
32400
32968
33755
34312
34800
35359
35905
36373
36888
37244
37702
38278
38893
39325
39726
40294
40921
41482
41839
42143
42453
43129
43613
43997
44339
44859
45503
46097
46616
47305
47871
48346
48878
49402
49948
50379
50810
51335
51722
52332
52806
53324
53747
54300
54566
55101
55507
56031
56703
57229
57676
58234
58734
59160
59519
60136
60649
61130
61692
62266
62745
63150
63445
64015
64518
65057
65576
66024
66640
67253
67575
67955
68560
69033
69493
69965
70686
71270
71790
72117
72692
73115
73607
74064
74565
74959
75438
75936
76491
76933
77463
77937
78220
78810
79513
80105
80632
81222
81661
82400
82663
83258
83747
84354
84680
84910
85366
85858
86551
87032
87550
88095
88532
89364
89878
90322
91065
91529
92206
92665
92945
93427
93947
94279
94866
95158
95692
96081
96610
97123
97699
98240
98904
99536
100083
100714
101258
101868
102357
102754
103184
103710
104266
104726
105390
105756
106437
106814
107286
107858
108274
108864
109468
109858
110191
110679
111152
111878
112367
113017
113604
113967
114568
115299
115900
116173
116994
117715
118209
118660
119067
119484
119885
120439
120908
121316
122036
122443
123000
123471
123722
124086
124584
125071
125414
125734
126353
126791
127188
127556
127964
128322
128988
129565
130069
130671
131148
131649
131979
132419
132977
133554
133933
134420
134868
135118
135660
136085
136649
137145
137445
138023
138673
139083
139682
140130
140531
140959
141550
142013
142519
142996
143471
143815
144165
144627
145083
145583
146175
146777
147299
147876
148360
148796
149298
149529
150075
150459
151031
151418
151853
152407
152980
153491
154075
154552
155347
155959
156368
156787
157303
157754
158207
158602
159127
159605
159878
160542
160953
161513
162228
162738
163347
163806
164231
164612
164897
165408
165920
166599
167044
167607
168119
168587
169301
169707
169908
170296
170816
171530
172072
172462
172975
173465
173938
174333
174716
175159
175486
175983
176455
176919
177420
177954
178436
178953
179619
180040
180666
181148
181589
182354
182935
183524
184122
184670
185047
185502
185760
186299
186802
187439
188034
188471
189034
189421
189769
190222
190782
191349
192028
192527
193355
193911
194667
195313
195848
196451
197137
197617
198057
198583
199074
199538
200086
200694
201089
201706
202081
202680
203112
203527
204001
204643
205427
205861
206309
206921
207359
207927
208402
208865
209266
209811
210503
210942
211514
211873
212371
213028
213403
214141
214722
215192
215553
215957
216483
216979
217261
217667
217891
218185
218670
219242
219814
220447
220949
221591
222027
222318
222651
223239
223823
224235
224581
225010
225451
225917
226393
226778
227185
227743
228303
228729
229270
229705
229985
230654
231046
231495
231833
232427
233083
233659
234007
234460
234879
235388
235821
236290
236811
237359
237853
238284
238649
239309
239897
240380
240870
241432
241999
242644
243084
243607
244240
244605
244955
245413
245971
246462
247106
247595
248172
248704
249024
249536
