0
366
633
942
1204
1519
1907
2189
2464
2886
3146
3510
3830
4197
4632
5017
5347
5737
6035
6321
6780
7054
7358
7713
8134
8541
8869
9129
9491
9841
10085
10372
10644
11041
11349
11676
11985
12331
12635
13005
13484
13774
14078
14467
14871
15199
15444
15806
16152
16469
16936
17294
17585
17797
18101
18347
18612
18863
19225
19470
19715
20027
20394
20689
21077
21363
21717
22220
22576
22894
23262
23605
23937
24283
24547
24869
25236
25642
25929
26198
26578
26969
27330
27577
27808
28024
28448
28777
29038
29280
29623
30031
30409
30744
31170
31533
31857
32208
32556
32903
33191
33488
33841
34112
34513
34829
35166
35438
35821
36005
36322
36593
36944
37361
37702
37991
38376
38708
39001
39258
39643
39980
40292
40648
41031
41351
41623
41851
42220
42539
42890
43243
43541
43926
44308
44555
44815
45204
45508
45824
46135
46600
46986
47331
47556
47928
48241
48552
48866
49196
49495
49805
50118
50476
50774
51105
51421
51620
51994
52447
52835
53172
53559
53853
54326
54526
54905
55211
55603
55838
56011
56306
56635
57079
57410
57731
58098
58401
58915
59259
59544
60044
60350
60768
61064
61268
61589
61920
62157
62534
62734
63076
63340
63683
64022
64384
64746
65170
65570
65920
66322
66676
67060
67395
67659
67938
68288
68649
68960
69402
69655
70083
70343
70671
71028
71317
71698
72088
72354
72605
72932
73251
73707
74043
74449
74842
75087
75461
75915
76296
76490
77013
77463
77791
78098
78380
78670
78930
79287
79584
79854
80315
80596
80971
81290
81480
81719
82044
82373
82611
82832
83223
83500
83772
84031
84326
84575
85016
85398
85739
86129
86442
86772
87013
87308
87659
88038
88297
88623
88917
89097
89443
89739
90109
90447
90684
91064
91478
91744
92132
92444
92720
93013
93381
93680
94012
94327
94634
94881
95140
95442
95734
96071
96453
96843
97206
97563
97891
98180
98516
98713
99069
99331
99685
99933
100233
100603
100980
101315
101691
102022
102521
102902
103180
103466
103805
104101
104389
104669
104994
105300
105496
105922
106191
106557
107017
107366
107767
108062
108345
108619
108809
109155
109496
109942
110250
110599
110932
111258
111697
112000
112174
112449
112784
113242
113585
113848
114181
114516
114835
115106
115378
115673
115903
116230
116539
116866
117188
117541
117874
118221
118644
118925
119330
119670
119970
120433
120800
121180
121563
121921
122191
122478
122689
123047
123374
123784
124163
124442
124809
125086
125332
125637
126008
126375
126810
127146
127662
128019
128479
128884
129248
129639
130060
130383
130667
131014
131338
131636
132000
132382
132656
133040
133305
133701
134001
134283
134597
135007
135489
135797
136087
136490
136793
137167
137495
137802
138070
138451
138898
139192
139570
139825
140141
140585
140845
141327
141704
142016
142288
142581
142923
143244
143452
143726
143890
144097
144415
144766
145144
145551
145888
146301
146599
146821
147053
147429
147796
148078
148307
148605
148904
149204
149525
149795
150077
150446
150802
151096
151452
151744
151938
152365
152624
152935
153177
153558
153969
154341
154583
154891
155191
155541
155824
156136
156482
156831
157161
157466
157715
158138
158515
158836
159158
159535
159893
160311
160604
160939
161344
161617
161854
162165
162509
162825
163228
163554
163925
164278
164520
164863
