0
539
994
1259
1881
2372
2789
3139
3519
3824
4160
4586
4960
5293
5858
6296
6678
6989
7242
7586
7964
8309
8613
9020
9406
9776
10111
10386
10761
11130
11595
12030
12433
12906
13320
13693
13971
14457
14788
15232
15627
15941
16324
16592
16997
17296
17797
18129
18434
18852
19350
19697
20187
20571
20886
21296
21689
22098
22522
22890
23263
23610
23865
24272
24597
25110
25514
25939
26372
26839
27235
27554
27908
28215
28596
28933
29357
29709
30102
30506
30935
31368
31788
32217
32773
33260
33568
33940
34328
34695
35050
35418
35814
36176
36398
36945
37235
37747
38233
38680
39092
39535
39784
40097
40335
40821
41184
41704
42129
42593
42930
43381
43884
44213
44438
44748
45218
45770
46160
46557
46918
47337
47724
48122
48386
48794
49050
49462
49857
50315
50586
51056
51447
51863
52383
52759
53275
53696
54148
54619
55147
55531
55920
56381
56728
57056
57347
57806
58215
58734
59150
59487
59899
60259
60549
61021
61435
61924
62413
62934
63407
63814
64444
64909
65338
65809
66257
66648
66995
67427
67886
68242
68649
69131
69468
69928
70255
70744
71051
71400
71796
72335
72869
73248
73721
74148
74560
74974
75416
75734
76076
76482
77019
77398
77898
78171
78541
79046
79506
80006
80412
80765
81116
81435
81906
82216
82448
82814
82985
83282
83633
84148
84568
85119
85584
85974
86313
86579
86907
87343
87838
88097
88390
88741
89057
89456
89884
90202
90534
91044
91444
91762
92208
92508
92813
93274
93657
93997
94389
94809
95269
95658
95983
96367
96694
97157
97486
97907
98353
98738
99105
99445
99781
100367
100751
101143
101511
102020
102423
102913
103314
103787
104204
104548
104809
105154
105614
106050
106495
106918
107359
107738
108067
108491
108823
109150
109548
110004
110510
110924
111304
111666
112080
112407
112735
113046
113530
113938
114348
114760
115233
115545
115876
116191
116629
117174
117583
117859
118277
118648
119276
119640
120035
120394
120814
121108
121362
121857
122280
122635
123226
123697
123999
124386
124702
125147
125564
125933
126301
126758
127093
127540
127882
128338
128894
129276
129740
130201
130611
130979
131555
131852
132231
132695
133221
133646
134060
134337
134874
135174
135522
135843
136261
136699
137074
137489
137901
138183
138701
139227
139662
140094
140449
140947
141391
141734
142119
142460
142971
143448
143905
144260
144587
144886
145220
145560
145864
146278
146653
146913
147196
147601
148128
148551
148906
149239
149756
150242
150694
150998
151501
151908
152347
152756
153064
153360
153910
154363
154659
155007
155493
155959
156362
156693
156891
157252
157793
158183
158504
158816
159254
159771
160218
160670
161162
161518
161989
162349
162796
163168
163523
163931
164297
164678
165255
165548
165901
166282
166624
166971
167401
167645
168177
168594
169077
169425
169789
170195
170580
170910
171357
171795
172169
172613
173100
173463
173742
174114
174528
174952
175309
175794
176155
176632
177009
177353
177702
178131
178474
178887
179316
179825
180275
180668
181000
181364
181845
182142
182555
182918
183246
183667
183987
184427
184829
185194
185591
185898
186402
186942
187377
187860
188261
188667
189115
189412
189848
190355
190669
191022
191215
191624
192096
192551
192984
193391
193742
194200
194836
195128
195558
196135
196507
197014
197288
197630
197928
198383
198708
199105
199457
