0
12
12
12
12
35
53
65
78
174
204
216
225
244
256
271
281
289
345
367
410
441
453
501
527
527
536
536
536
540
583
657
666
666
681
701
753
753
769
827
849
902
902
903
964
964
964
976
999
1013
1103
1188
1201
1201
1253
1253
1253
1322
1346
1351
1394
1437
1445
1445
1453
1464
1468
1495
1535
1601
1637
1741
1756
1802
1845
1882
1901
1968
1997
2016
2057
2142
2142
2159
2232
2282
2294
2317
2368
2393
2400
2435
2441
2517
2574
2633
2733
2758
2817
2821
2844
2906
2924
2948
2982
3012
3038
3109
3109
3140
3189
3217
3253
3277
3374
3418
3455
3519
3552
3563
3621
3637
3712
3764
3764
3816
3859
3919
3956
3999
4003
4063
4077
4109
4165
4170
4175
4178
4282
4381
4433
4509
4603
4682
4725
4729
4768
4814
4854
4920
4931
4946
4968
4996
5017
5042
5114
5114
5127
5201
5285
5304
5370
5370
5394
5394
5395
5395
5395
5398
5416
5438
5449
5477
5479
5527
5541
5555
5581
5660
5717
5741
5765
5793
5828
5881
5894
5937
5953
5954
5982
5985
6108
6138
6168
6193
6193
6248
6288
6301
6373
6379
6379
6395
6438
6456
6480
6481
6499
6508
6508
6555
6591
6600
6600
6609
6609
6611
6647
6648
6648
6676
6717
6747
6778
6818
6823
6869
6885
6885
6895
6931
7024
7037
7037
7077
7097
7105
7182
7218
7218
7270
7338
7354
7381
7424
7426
7427
7432
7497
7528
7528
7528
7528
7536
7577
7638
7707
7763
7860
7860
7871
7914
7930
7954
8040
8068
8077
8129
8189
8209
8245
8341
8417
8435
8503
8533
8537
8542
8601
8623
8634
8698
8752
8805
8838
8849
8858
8869
8940
8993
9008
9051
9088
9100
9154
9154
9161
9204
9209
9242
9265
9384
9402
9447
9525
9532
9577
9608
9634
9714
9743
9751
9779
9870
9955
9970
10013
10029
10077
10120
10120
10181
10213
10213
10230
10346
10381
10430
10461
10487
10512
10562
10565
10574
10615
10632
10639
10671
10671
10740
10790
10832
10851
10883
10920
10963
10976
11034
11058
11081
11081
11100
11144
11178
11187
11218
11237
11241
11281
11285
11308
11324
11350
11398
11415
11422
11438
11472
11539
11552
11583
11621
11659
11676
11676
11676
11708
11734
11739
11815
11836
11836
11873
11917
11967
11983
11988
12029
12052
12074
12074
12117
12165
12165
12174
12205
12205
12205
12261
12315
12343
12343
12376
12390
12419
12502
12519
12519
12563
12628
12630
12630
12645
12651
12707
12729
12735
12766
12786
12863
12863
12881
12927
12972
12972
13043
13093
13097
13117
13158
13159
13179
13249
13262
13269
13300
13390
13418
13424
13426
13477
13548
13624
13635
13673
13764
13826
13826
13826
13832
13860
13899
13953
13956
13969
13989
14000
14007
14077
14123
14238
14264
14303
14307
14346
14390
14416
14427
14433
14484
14538
14539
14550
14567
14601
14622
14656
14670
14678
14777
14833
14866
14884
14917
14976
15001
15100
15148
15197
15278
15344
15378
15382
15392
15420
15444
15477
15507
15507
15526
