0
330
742
1156
1577
2027
2369
2727
3104
3529
4001
4465
4869
5329
5772
6203
6556
6977
7371
7800
8273
8686
9074
9454
9867
10238
10628
11015
11379
11743
12087
12487
12849
13239
13638
13995
14392
14774
15137
15511
15892
16263
16624
17105
17520
17926
18296
18743
19106
19477
19832
20199
20584
20938
21355
21789
22198
22602
23021
23410
23806
24236
24662
25042
25403
25861
26258
26655
27028
27376
27744
28143
28531
28987
29376
29730
30097
30481
30907
31310
31690
32115
32493
32886
33310
33740
34137
34522
34936
35305
35692
36056
36443
36767
37063
37497
37884
38303
38746
39101
39463
39898
40319
40698
41091
41504
41906
42319
42748
43148
43551
43946
44359
44766
45181
45598
45991
46392
46808
47212
47590
47963
48392
48775
49265
49733
50170
50617
51033
51399
51766
52204
52568
52981
53392
53764
54166
54581
54976
55392
55847
56264
56648
57053
57435
57826
58229
58623
59084
59506
59884
60275
60628
61057
61408
61844
62242
62635
62960
63318
63688
64162
64561
64901
65300
65689
66088
66497
66918
67304
67675
68046
68509
68886
69264
69678
70160
70560
70939
71329
71695
72139
72592
72961
73396
73852
74263
74622
74994
75352
75745
76145
76525
76929
77299
77644
77989
78388
78875
79299
79723
80124
80514
80919
81314
81728
82102
82475
82884
83247
83619
83975
84404
84788
85162
85582
86001
86396
86728
87158
87525
87901
88335
88667
89055
89392
89804
90191
90563
90987
91356
91757
92170
92591
93019
93489
93856
94231
94555
94990
95423
95794
96196
96625
96993
97426
97758
98130
98557
98944
99308
99692
100087
100511
100924
101320
101696
102109
102540
102900
103309
103754
104269
104630
105016
105309
105728
106137
106495
106895
107263
107710
108141
108538
108909
109302
109764
110183
110543
110917
111345
111695
112074
112484
112836
113266
113614
114039
114413
114857
115231
115588
115936
116343
116744
117109
117564
117978
118377
118764
119119
119558
119962
120319
120736
121116
121527
121899
122332
122744
123186
123569
124034
124451
124911
125288
125684
126121
126489
126883
127288
127682
128083
128478
128885
129287
129673
130114
130514
130891
131281
131727
132124
132505
132883
133338
133711
134173
134579
134973
135390
135822
136218
136656
137045
137455
137797
138172
138550
138945
139358
139789
140171
140578
140932
141336
141700
142092
142446
142919
143368
143695
144097
144542
144918
145269
145645
146030
146456
146868
147267
147661
148091
148551
148977
149372
149756
150117
150469
150852
151192
151537
151964
152343
152700
153057
153451
153883
154275
154637
155041
155400
155819
156256
156602
156977
157359
157780
158177
158547
158965
159318
159651
160087
160479
160871
161228
161627
162011
162406
162804
163195
163609
163956
164420
164848
165241
165642
165985
166378
166745
167170
167593
168081
168462
168827
169160
169529
169942
170357
170801
171198
171556
171916
172319
172689
173091
173570
173920
174311
174687
175088
175501
175829
176256
176578
176980
177421
177808
178215
178686
179066
179436
179833
180221
180627
180971
181374
181771
182205
182591
183005
183344
183831
184244
184708
185078
185445
185858
186281
186728
187133
187529
187940
188330
188740
189131
189544
189862
190179
190551
190938
191395
191807
192259
192676
193127
193526
193903
194329
194746
195088
195505
195863
196288
196696
197151
197484
197861
198208
198633
