0
357
708
1135
1513
1930
2362
2797
3229
3674
4067
4498
4868
5322
5713
6142
6511
6941
7335
7716
8149
8574
8957
9322
9780
10177
10573
10991
11345
11645
12061
12435
12875
13290
13709
14114
14542
14916
15297
15748
16159
16497
16902
17312
17697
18134
18565
18948
19352
19701
20162
20510
20970
21372
21769
22173
22608
22972
23368
23758
24191
24582
24952
25313
25719
26100
26554
26981
27359
27695
28057
28476
28871
29277
29727
30162
30520
30908
31350
31703
32173
32565
32948
33402
33797
34256
34681
35056
35410
35788
36206
36620
37059
37429
37814
38236
38683
39068
39506
39861
40337
40809
41188
41584
41943
42363
42792
43239
43628
43957
44370
44793
45132
45549
45934
46268
46660
47023
47388
47787
48139
48534
48886
49285
49673
50034
50436
50837
51225
51564
51953
52366
52746
53123
53554
53912
54312
54692
55061
55395
55757
56189
56603
56975
57391
57736
58112
58567
58963
59366
59738
60128
60562
60971
61428
61796
62177
62524
62927
63342
63729
64169
64563
64920
65264
65636
66036
66441
66917
67283
67688
68141
68530
68909
69255
69656
69999
70393
70833
71237
71568
71920
72344
72756
73127
73530
73904
74297
74741
75092
75474
75876
76245
76686
77114
77527
77958
78350
78726
79162
79549
79975
80343
80763
81160
81634
82035
82447
82820
83228
83623
84070
84545
84957
85359
85779
86180
86564
86981
87469
87839
88234
88616
89034
89417
89815
90245
90690
91097
91501
91904
92268
92651
93062
93501
93915
94363
94748
95090
95502
95874
96272
96729
97116
97500
97839
98231
98566
99031
99397
99791
100149
100545
100939
101352
101778
102161
102575
102929
103400
103769
104135
104572
105010
105345
105752
106155
106554
107009
107456
107824
108272
108716
109098
109469
109845
110241
110646
111043
111438
111844
112236
112612
112971
113355
113764
114107
114528
114909
115306
115679
116036
116434
116831
117204
117560
117928
118334
118679
119117
119452
119837
120239
120617
121019
121372
121775
122163
122537
122955
123316
123690
124129
124524
124926
125328
125727
126071
126497
126907
127317
127790
128187
128570
128899
129261
129672
130099
130481
130887
131237
131612
131952
132325
132777
133211
133576
133977
134392
134767
135176
135580
135971
136347
136727
137159
137581
137991
138460
138898
139269
139643
140044
140468
140889
141237
141650
142074
142494
142888
143323
143684
144088
144510
144951
145316
145686
146083
146495
146882
147333
147692
148059
148495
148909
149313
149716
150022
150412
150792
151168
151542
151910
152376
152792
153185
153606
154014
154461
154826
155204
155650
156065
156457
156865
157308
157683
158131
158523
158978
159383
159801
160170
160589
160928
161359
161730
162186
162548
162942
163354
163754
164137
164531
164984
165360
165745
166152
166557
166930
167385
167822
168201
168615
169074
169513
169910
170371
170756
171223
171609
171997
172440
172792
173139
173571
173954
174372
174758
175114
175578
175953
176412
176769
177155
177560
177994
178420
178807
179207
179671
179999
180374
180770
181155
181563
182001
182371
182800
183193
183652
184027
184440
184829
185212
185651
186002
186346
186696
187130
187503
187862
188260
188689
189111
189511
189896
190302
190709
191101
191539
191928
192344
192708
193101
193532
193936
194326
194634
195021
195481
195901
196221
196591
197033
197383
197786
198164
198560
198904
199323
