1
33967375
34004248
33908424
33940509
33859122
33967653
34069798
33965638
34023408
34152013
33938164
34044548
33966633
33888417
33779484
34047004
33977939
34056269
34070858
34104915
34032771
34136248
34019997
33889344
33919884
33940111
33979979
34100854
33863686
34038973
34186754
33906094
34089133
34032453
33897687
34122042
33879125
33884136
34136785
33889496
33858923
34053243
33855486
33829627
33979803
33988900
33973395
34101363
34017145
33963647
33931165
34020996
33871877
33923619
34056607
34010641
34019263
34075266
34002513
33892571
33958610
34138079
34077605
33909013
33959743
34066699
33980554
33981147
34065641
34045713
34089346
33955341
33998326
34023452
33960791
33961149
33951849
33811525
33891404
34162891
33935354
33716970
34128592
34016596
33882630
33988309
33974236
34050111
33839938
34085870
33922104
33738193
34091366
33985719
33954222
33832193
34031227
34042990
34123479
33940504
33923617
33936467
33911623
34030220
34053920
34085138
33953859
33889306
33920269
33940575
33931075
34068553
33888787
33969288
33962034
33957556
34041519
33936689
34133422
33925037
33934826
33933738
34047188
33737998
33904499
33995386
33779943
33994108
34073570
33930453
34119203
34040271
34059777
34029407
33975367
33875571
34101227
34040672
33849153
34094293
34039137
33802070
34050118
33918473
33941912
33955042
34141119
34134946
34046589
33924006
33928763
34003127
34082109
34098117
33870821
33818963
33976293
34059766
33991337
33815517
33829991
33923716
33969308
33990257
33886042
34089270
33937750
33869084
33977844
34056060
33803479
34034943
34119031
34174227
34025402
33889351
33851761
34069402
34159842
34074326
34161660
34008708
34079031
33819996
33952961
34279069
34041616
33830933
33845087
33931331
34002461
34090809
33946394
33848105
34072010
33942924
33894273
34018260
33986713
34151225
34131941
33942245
34026874
33832880
34206274
33908799
33906847
33817414
33888119
34029140
34071024
33972895
33713198
34188154
33956991
34037188
33953041
33970092
33824694
34022157
33826900
34042407
34178856
33941575
33929751
34019578
34021606
34087186
34027831
34010737
34033007
33810192
33960152
33898084
33905545
33936296
34019213
34135364
33916836
33975151
34123775
34014544
34071233
33833355
33783632
33974323
34001780
34078696
34058429
34092945
33899671
33963369
33843983
33989887
34167236
34069453
33991756
33932434
33982968
33976917
33977066
33940614
34015071
33858816
33885148
33967639
33986004
34015382
33805623
33965061
34051848
34097915
33890329
34048104
33921987
34049409
34204715
34051452
33790572
33834151
33848121
34207439
33886436
33979132
34038482
34070684
34050864
33884122
34094977
33951537
34066145
34135690
34042909
33935315
34015615
34135862
33949339
33894214
34060301
34151433
33920653
33894488
33981872
34078807
34154108
33850590
33920624
33844187
33975669
34006024
33844440
33934971
34049943
34098028
33910574
33872936
34041577
34177891
33969242
33972580
33963645
33972255
33875149
33935847
33837558
34125696
34078109
33850643
34040568
33935449
33993014
34034082
33991762
34131885
33859678
33742186
33870947
34042623
34001859
33733790
33954805
33966459
33952754
33940268
33964361
33855039
33972235
33857012
34123970
34023327
34129055
34058634
34042941
33982998
34020791
33844074
34000815
33897247
33955500
34038370
34068496
34135756
33838429
34092091
33904306
33957141
33895128
33918619
33783203
34071707
33969769
33952684
34042426
33914356
33674814
33931344
33978415
33892084
33987793
34095083
34133783
33832623
34097523
33863236
34017702
33899798
33894044
34082167
34091991
34044896
34127594
34128876
33945748
33679331
33847129
34044274
33978682
33976577
33954392
34071530
33867578
34110295
33928705
34082400
33909675
33919641
33934914
33910709
33814885
33989574
34141077
33923388
34059234
33971026
33816617
34017502
34103839
34052784
33899523
34141719
34218819
33841671
34212363
34131517
33921717
33926597
34140104
34059506
33879879
33920118
34076315
33844110
34129149
33984126
33939659
34121391
34002746
33818376
33889773
34125120
34035013
33970115
34284401
33966183
33983966
34129746
34255815
33967101
34085320
34057261
34042113
34077450
34084399
33820364
33895534
33915610
33957365
33943372
33882271
34122919
33939793
34008344
33791653
33922047
33858081
34002826
33991843
33850057
34050871
34110656
34026476
33943438
33843792
34064869
33902027
33805109
33867456
34011636
33969132
33999082
33791066
34093869
33812460
33926269
34025638
33959859
33877515
34143260
34070684
33763925
33935350
34086340
34013960
34067165
33992809
33869149
34067080
34139941
33844182
34006870
