1
42759134
42797545
42738732
42614902
42726138
42640642
42737284
42658029
42717234
42697579
42921510
42696561
42865749
42702189
42618077
42554399
42614607
42686336
42655816
42762695
42726904
42707143
42633284
42792678
42694223
42909358
42701775
42771438
42684763
42719018
42814546
42692904
42523125
42656793
42790430
42655714
42668714
42738715
42614010
42763557
42630445
42686053
42738011
42728336
42706271
42591800
42594093
42711210
42716764
42691379
42771743
42630659
42584315
42851780
42769056
42576529
42685117
42672887
42494948
42602988
42693350
42781904
42698579
42717651
42733087
42631055
42699487
42655002
42823534
42536826
42750497
42813975
42671631
42799730
42657142
42624208
42581340
42708810
42590122
42885051
42811276
42768781
42816695
42824902
42576149
42713748
42757116
42686631
42758578
42785592
42677207
42665463
42653432
42662848
42878133
42737871
42891795
42773759
42547175
42733952
42839768
42725581
42629346
42600926
42755335
42495739
43029209
42643685
42797351
42710142
42614867
42566019
42814023
42745193
42754372
42491332
42795643
42629464
42880732
42511677
42650322
42570554
42673026
42684495
42862717
42570948
42750864
42564727
42753796
42815041
42817916
42833184
42731090
42927938
42646417
42709496
42761028
42617322
42916286
42723197
42527326
42729677
42592720
42763899
42831736
42595796
42518842
42580442
42671535
42625712
42633756
42674667
42839009
42860179
42643641
42455174
42711834
42503578
42556194
42755661
42742279
42665572
42686464
42679115
42623121
42837570
42738025
42751594
42801439
42477450
42598489
42732420
42695560
42497874
42690888
42565611
42704221
42658436
42806945
42540360
42803699
42559900
42740746
42895738
42582317
42748712
42616179
42425600
42624836
42701328
42638640
42626110
42560412
42675184
42613951
42730039
42520158
42641145
42624126
42654271
42640390
42633878
42552625
42424605
42658122
42717112
42594463
42706482
42749858
42663460
42689875
42574832
42729171
42604816
42849223
42636383
42578812
42709879
42518381
42647369
42931807
42658057
42746042
42862898
42706400
42602841
42747860
42548385
42767180
42723736
42614033
42848637
42599784
42697538
42878051
42580180
42529387
42814831
42668138
42713526
42733418
42842766
42561516
42711481
42491663
42462742
42477860
42591601
42561140
42623426
42720378
42591155
42695297
42525917
42756403
42752013
42723028
42649556
42785291
42786687
42622472
42552541
42554167
42605766
42651741
42922417
42595030
42607437
42450503
42492623
42811624
42580426
42721975
42732609
42735759
42676123
42619939
42593095
42546656
42750223
42619156
42559948
42737594
42750375
42507131
42594765
42692069
42699978
42653374
42691604
42643583
42624813
42756278
42722539
42694316
42607611
42754861
42467396
42637626
42717061
42671141
42763577
42729582
42694849
42727271
42556251
42683970
42531752
42705099
42773250
42480836
42521802
42976035
42722576
42848860
42631782
42706272
42744363
42701709
42685595
42701607
42743455
42598940
42741514
42844109
42647882
42736712
42775699
42680451
42716289
42728602
42689968
42835547
42833230
42699757
42782402
42770899
42559955
42837397
42631464
42665554
42489729
42668270
42631327
42734756
42679209
42542366
42662427
42623652
42749998
42836669
42768525
42637603
42720517
42610152
42586250
42555599
42623788
42574269
42769919
42795110
42799964
42769771
42776499
42699496
42639656
42560193
42585948
42694113
42623814
42681354
42578874
42663335
42605361
42696295
42561636
42666207
42808426
42630768
42838273
42732157
42577106
42721217
42797797
42772731
42793260
42747044
42608692
42649616
42695509
42781629
42517827
42696825
42815248
42699297
42500590
42633522
42781001
42728796
42579443
42689140
42656865
42703775
42651963
42597255
42802830
42675095
42740178
42601105
42545807
42866194
42773239
42625813
42612162
42715131
42659244
42909798
42559396
42423865
42704423
42612833
42967963
42711740
42737621
42715726
42696359
42851483
42770495
42766665
42831371
42691726
42742213
42576219
42636473
42672958
42525491
42846092
42599905
42697852
42671960
42694212
42730224
42598831
42832657
42893282
42677118
42856260
42749729
42664329
42830421
42667350
42691996
42779796
42721156
42678486
42632142
42585464
42675411
42729150
42638521
42612011
42819720
42819270
42615943
42751203
42635664
42623286
42721934
42530809
42814773
42778007
42696614
42829557
42637893
42674379
42793854
42723950
42649440
42791205
42821030
42793525
42739460
42734122
42514800
42690800
42601456
42632564
42499218
42571556
42817169
42666429
42720158
42746755
42853477
42560037
42738731
42854748
42647317
42807093
42664876
