0
20
28
33
46
59
71
114
154
174
197
250
271
290
354
418
439
472
505
520
551
562
572
572
572
596
611
611
633
709
755
771
776
795
795
826
834
839
873
919
943
993
1005
1052
1080
1080
1088
1088
1088
1092
1120
1204
1220
1220
1234
1256
1309
1309
1325
1375
1394
1441
1457
1458
1481
1518
1518
1528
1541
1564
1655
1735
1752
1752
1798
1805
1805
1859
1899
1899
1946
1946
1998
1998
2002
2019
2022
2038
2088
2136
2182
2258
2309
2310
2355
2432
2451
2516
2540
2567
2597
2690
2691
2709
2757
2807
2839
2859
2919
2945
2953
2989
2989
3065
3129
3187
3244
3312
3370
3371
3394
3437
3478
3498
3522
3555
3589
3640
3665
3695
3744
3762
3808
3812
3909
3957
4009
4040
4108
4118
4160
4194
4239
4313
4320
4371
4412
4451
4501
4554
4560
4603
4632
4644
4721
4725
4729
4730
4798
4935
4967
5057
5123
5201
5254
5282
5315
5369
5397
5449
5485
5499
5521
5550
5560
5590
5667
5667
5667
5756
5799
5846
5901
5927
5949
5950
5951
5951
5951
5953
5969
5981
6003
6031
6031
6048
6094
6111
6123
6199
6273
6288
6319
6347
6378
6412
6450
6475
6501
6509
6537
6537
6602
6690
6722
6743
6747
6801
6842
6855
6897
6926
6933
6948
6985
7002
7035
7035
7037
7061
7061
7107
7130
7149
7149
7159
7159
7163
7199
7199
7199
7213
7243
7288
7329
7369
7375
7420
7421
7436
7446
7467
7550
7589
7589
7616
7642
7652
7734
7769
7769
7804
7870
7905
7916
7972
7976
7976
7983
8022
8079
8079
8079
8079
8088
8117
8190
8241
8312
8382
8412
8421
8449
8482
8505
8589
8614
8625
8677
8715
8747
8792
8882
8958
8964
9032
9081
9086
9086
9150
9165
9174
9236
9304
9357
9387
9400
9410
9421
9484
9516
9557
9589
9624
9649
9691
9706
9714
9757
9762
9796
9811
9912
9957
10000
10067
10087
10124
10162
10187
10234
10296
10299
10326
10425
10494
10527
10569
10584
10613
10667
10675
10720
10755
10770
10770
10863
10930
10962
11013
11029
11043
11090
11120
11126
11169
11183
11190
11223
11223
11275
11342
11356
11401
11435
11447
11489
11528
11566
11589
11620
11632
11650
11674
11723
11738
11742
11785
11788
11832
11836
11850
11860
11887
11950
11967
11969
11980
12023
12062
12103
12134
12161
12203
12229
12229
12229
12261
12287
12292
12352
12387
12389
12413
12464
12520
12535
12535
12582
12604
12627
12627
12640
12692
12719
12729
12751
12760
12760
12818
12864
12899
12899
12931
12945
12974
13028
13073
13073
13117
13165
13189
13189
13203
13206
13260
13284
13294
13311
13330
13391
13420
13433
13474
13529
13529
13600
13632
13654
13667
13710
13715
13735
13766
13819
13819
13853
13940
13974
13974
13984
14003
14083
14180
14190
14218
14306
14357
14381
14381
14383
14412
14453
14480
14509
14523
14544
14556
14564
14636
14665
14783
14804
14860
14865
14903
14909
14974
14984
14987
15042
15077
15097
15108
15126
15160
15178
15210
15230
15240
15287
