0
62
149
238
307
365
464
553
702
775
808
868
989
1039
1109
1189
1257
1274
1351
1500
1544
1640
1715
1766
1816
1915
1966
2005
2082
2149
2187
2267
2334
2452
2465
2561
2602
2655
2722
2796
2882
2943
3014
3067
3105
3138
3236
3297
3341
3424
3466
3501
3582
3621
3665
3718
3796
3885
3935
3980
4038
4130
4239
4308
4329
4435
4492
4543
4562
4592
4663
4743
4825
4923
4976
5013
5096
5201
5269
5296
5341
5401
5481
5523
5554
5657
5743
5743
5776
5852
5885
5919
6016
6106
6155
6235
6273
6326
6471
6556
6605
6677
6734
6835
6865
6902
6936
6980
7097
7130
7168
7266
7326
7441
7459
7543
7630
7703
7762
7853
7949
7949
8010
8119
8152
8218
8339
8374
8452
8525
8646
8667
8702
8747
8831
8989
9058
9137
9222
9347
9434
9454
9475
9507
9629
9664
9769
9813
9844
9909
9962
9979
10108
10213
10337
10438
10490
10502
10580
10688
10723
10755
10814
10905
10968
11026
11061
11115
11181
11241
11328
11393
11453
11608
11658
11727
11828
11878
11984
12067
12207
12298
12387
12504
12625
12693
12757
12787
12854
12888
13000
13031
13058
13123
13214
13237
13374
13516
13556
13593
13694
13715
13795
13876
13920
13975
14064
14155
14196
14239
14288
14331
14373
14429
14449
14491
14578
14664
14712
14820
14900
14972
15021
15053
15205
15253
15313
15395
15451
15528
15576
15621
15662
15698
15764
15803
15817
15871
15956
16067
16152
16178
16240
16265
16350
16398
16427
16530
16628
16663
16757
16783
16816
16929
16953
16969
17019
17031
17064
17140
17275
17325
17338
17377
17444
17529
17553
17584
17675
17746
17828
17883
17903
17937
18034
18054
18069
18149
18203
18287
18469
18550
18580
18664
18725
18738
18830
18911
18925
19019
19035
19121
19161
19194
19271
19292
19343
19398
19480
19597
19720
19817
19853
19934
20036
20094
20193
20276
20353
20362
20472
20567
20585
20699
20768
20865
20924
21043
21118
21152
21219
21243
21351
21438
21504
21605
21741
21826
21858
21949
21992
22105
22202
22251
22347
22417
22476
22564
22596
22676
22739
22850
22875
22998
23095
23150
23208
23352
23374
23469
23539
23628
23735
23790
23884
23962
24052
24151
24258
24307
24385
24452
24486
24589
24666
24721
24756
24824
25041
25084
25167
25313
25439
25561
25620
25686
25763
25823
25948
26010
26057
26122
26188
26202
26298
26392
26446
26466
26590
26679
26782
26874
26940
26945
27010
27055
27101
27124
27154
27175
27223
27284
27331
27356
27437
27508
27574
27637
27737
27869
27924
27978
28057
28091
28180
28262
28296
28370
28416
28464
28515
28582
28776
28844
28860
28929
28978
29060
29156
29208
29287
29342
29383
29459
29500
29587
29618
29638
29685
29719
29763
29859
29914
29936
29968
29990
30025
30112
30140
30175
30213
30284
30376
30460
30523
30566
30613
30693
30737
30774
30856
30956
31061
31086
31108
31194
31264
31380
31443
31485
31493
31648
31737
31766
31860
31948
31948
32019
32022
32164
32164
32186
32209
32241
32315
32409
32505
32623
32706
32811
32833
32910
32958
33014
33146
33245
33285
33332
33418
33503
33589
