0
98789
197753
296415
395166
493975
592472
691362
790002
888318
987048
1085828
1184538
1283365
1381942
1480746
1579464
1678096
1776742
1875765
1974630
2073428
2172103
2270980
2369778
2468434
2567257
2665953
2764906
2863834
2962491
3060947
3159710
3258281
3356891
3455665
3554265
3652700
3751416
3850151
3948596
4047516
4146444
4245021
4343488
4442591
4541095
4640056
4738874
4837835
4936639
5035123
5134006
5232537
5331371
5430134
5528888
5627350
5726098
5824641
5923454
6022187
6120961
6220067
6318843
6417608
6516298
6615384
6714173
6812899
6911564
7010293
7109092
7207949
7306719
7405307
7503948
7602623
7701244
7799824
7898389
7996931
8095762
8194363
8293008
8391753
8490545
8589465
8688100
8786979
8885677
8984115
9082936
9181642
9280680
9379214
9478096
9576894
9675632
9774372
9873321
9971836
10070428
10169396
10267962
10366847
10465773
10564409
10662956
10761597
10860447
10959267
11058121
11157140
11255813
11354241
11452977
11551779
11650600
11749122
11847961
11946380
12045242
12144040
12242738
12341717
12440343
12538781
12637447
12736151
12834850
12933365
13032048
13130713
13229643
13328174
13426680
13525629
13624381
13723016
13821758
13920501
14019284
14118061
14216815
14315486
14414187
14512860
14611460
14710231
14809342
14908264
15006910
15105659
15204277
15303113
15401735
15500440
15598997
15697681
15796744
15895070
15993959
16092766
16191621
16290509
16389221
16487948
16586787
16685769
16784359
16883133
16981785
17080481
17179294
17277908
17376693
17475522
17574078
17672693
17771555
17870209
17968940
18067806
18166537
18265318
18364140
18463103
18561757
18660657
18759857
18858470
18957285
19056222
19154764
19253436
19352041
19450399
19548776
19647536
19746347
19844990
19943773
20042472
20141263
20239949
20338740
20437412
20536421
20635058
20733962
20832685
20931436
21029980
21128675
21227574
21326318
21424999
21523535
21622100
21720703
21819228
21917934
22016738
22115567
22214389
22313025
22411715
22510646
22609363
22708263
22807051
22905968
23005079
23103766
23202447
23301374
23400208
23498970
23597503
23696472
23795309
23893968
23992812
24091443
24190025
24288783
24387312
24486325
24585061
24683753
24782539
24881361
24980040
25078891
25177897
25276588
25375605
25474248
25572962
25671585
25770351
25869362
25968151
26066793
26165581
26264381
26363110
26461920
26560509
26659081
26757817
26856663
26955204
27054071
27153037
27251429
27350299
27448803
27547595
27646402
27745002
27843555
27942019
28040922
28139622
28238440
28336778
28435561
28534321
28633184
28731969
28830236
28929062
29027835
29126517
29225372
29324033
29422872
29521569
29620348
29719281
29817892
29916678
30015224
30114004
30212870
30311622
30410481
30508917
30607871
30706786
30805626
30904447
31003245
31101609
31200402
31299007
31397560
31496042
31594799
31693744
31792525
31891363
31990054
32088847
32187665
32286240
32385154
32484138
32582976
32681710
32780561
32879230
32977926
33076561
33175113
33273638
33372555
33471311
33570067
33668668
33767357
33866170
33964724
34063367
34162128
34260818
34359839
34458310
34557130
34656067
34754923
34853852
34952543
35050943
35149906
35248753
35347358
35446073
35544878
35643391
35742176
35840826
35939442
36038244
36136826
36235384
36334426
36433261
36531941
36630514
36729325
36828053
36926917
37025803
37124452
37223284
37322376
37420862
37519564
37618176
37716812
37815296
37914076
38012412
38110751
38209553
38308377
38407037
38506006
38604794
38703350
38801831
38900518
38999111
39097892
39196811
39295666
39394443
39492914
39591775
39690563
39789613
39888420
39987194
40085856
40184554
40283254
40381976
40480753
40579503
40678333
40777084
40875780
40974420
41073270
41172043
41270866
41369772
41468691
41567467
41666277
41765065
41863696
41962445
42060990
42159672
42258273
42357192
42455805
42554688
42653349
42752292
42850765
42949503
43048468
43147083
43245753
43344232
43442696
43541472
43640219
43739219
43837832
43936514
44035053
44134230
44232841
44331641
44430663
44529362
44628275
44727032
44825834
44924649
45023353
45122114
45220676
45319641
45418459
45516847
45615796
45714442
45813131
45911978
46010640
46109552
46208074
46306956
46405569
46504298
46603174
46702032
46800935
46899488
46998075
47097014
47195775
47294433
47393067
47491781
47590361
47689317
47788074
47886650
47985513
48084215
48182636
48281645
48380191
48479204
48577966
48676572
48775278
48874165
48972853
49071494
49170237
49269024
49367997
