1
28171300
28281664
28035547
28202998
28440557
28318105
28312821
28169078
28075699
28324774
28384086
28217992
28268481
28453972
28165503
28111717
28336041
28397702
28152408
27884306
28085975
28252644
28350176
28248298
28365372
28221931
28160641
28268227
28512080
28111393
28144291
28054707
28097480
28161038
28166247
28246600
28382631
28256493
28288431
28447708
28462476
27894327
28024381
28245691
28273799
28270042
28121092
28157273
28002138
28100249
28172946
28347058
28243817
28118039
27971972
28156199
28270187
28201949
28192468
28334420
28184504
28324529
28324188
28173931
28096298
28150949
28201780
28217057
28083854
28206137
28338272
28208577
28211416
28044654
28209285
28409623
28115120
28190400
28201203
28220957
28225932
28251029
28092651
28236539
28025941
28291476
28170678
28199523
28050276
28225926
28158247
28158794
28143378
28180673
28471112
28175301
28348171
28150903
28173383
28032972
