0
227
474
707
975
1246
1417
1595
1713
1956
2269
2457
2722
2879
3052
3201
3325
3582
3814
3959
4148
4287
4426
4642
4803
4941
5099
5295
5500
5707
5923
6175
6515
6644
6761
6892
7105
7290
7410
7667
7860
8087
8392
8617
8733
8965
9160
9454
9641
9790
9975
10155
10313
10521
10670
10881
11036
11240
11438
11719
11874
12023
12143
12355
12598
12769
13084
13326
13529
13696
13883
14130
14356
14473
14738
15018
15298
15515
15803
16039
16343
16530
16834
17066
17301
17467
17722
17954
18169
18393
18629
18771
19011
19203
19457
19643
19840
20095
20305
20492
20677
20873
21070
21302
21453
21727
21933
22231
22410
22650
22853
23169
23350
23585
23727
23966
24085
24276
24475
24666
24809
24991
25150
25409
25620
25786
25918
26093
26334
26626
26913
27070
27330
27581
27747
27893
28075
28373
28519
28790
28939
29095
29350
29564
29813
30011
30221
30414
30572
30759
30927
31112
31294
31494
31627
31756
32021
32221
32347
32554
32803
33003
33230
33480
33658
33886
34108
34325
34541
34683
34972
35087
35253
35486
35660
35847
35975
36126
36330
36506
36644
36903
37071
37190
37465
37704
37887
38094
38281
38490
38675
38911
39167
39432
39624
39745
39833
40100
40319
40539
40783
40977
41154
41332
41495
41677
41906
42128
42285
42453
42553
42811
42965
43097
43312
43428
43683
43960
44154
44362
44612
44766
44884
45043
45228
45492
45680
45960
46231
46443
46709
46972
47125
47380
47610
47882
48057
48269
48459
48688
48889
49123
49273
49465
49740
49922
50129
50382
50515
50577
50725
50925
51208
51472
51703
52069
52264
52463
52632
52834
53106
53209
53486
53704
53941
54153
54447
54634
54865
54988
55207
55382
55606
55793
56026
56238
56453
56590
56874
57025
57269
57470
57570
57778
57962
58146
58372
58595
58760
58927
59127
59364
59533
59778
60015
60317
60456
60635
60918
61073
61406
61623
61760
61957
62156
62439
62616
62812
62928
63052
63247
63480
63798
63952
64115
64301
64568
64752
65015
65209
65457
65673
65960
66138
66369
66646
66909
67161
67282
67474
67684
67870
68039
68249
68422
68617
68759
68956
69115
69307
69494
69708
69826
69996
70136
70353
70520
70689
70887
71025
71229
71407
71602
71800
72081
72237
72381
72538
72742
72892
73112
73419
73617
73809
74011
74151
74370
74587
74792
75015
75151
75284
75507
75686
75932
76091
76194
76377
76495
76694
76957
77237
77399
77545
77702
77889
78109
78232
78489
78683
78857
79115
79379
79531
79703
79914
80119
80278
80506
80658
80807
80986
81192
81364
81607
81784
81934
82055
82333
82460
82659
82841
83046
83230
83430
83652
83910
84095
84279
84536
84740
84989
85195
85415
85631
85941
86135
86326
86493
86732
86931
87237
87593
87802
88013
88292
88497
88618
88805
89058
89258
89545
89678
89989
90179
90377
90624
90874
91132
91323
91504
91670
91882
92104
92405
92632
92932
93071
93214
93449
93618
93814
94087
94284
94514
94609
94768
94920
95139
95331
95490
95687
95874
96101
96233
96510
96675
96906
97127
97401
97556
97725
98015
98252
98375
98493
98703
98851
99184
99429
99615
99907
100115
100376
100566
100713
100876
101052
101281
101482
101735
