1
565036665
564887455
566276255
563174610
563316029
564398441
563639012
563618353
562708567
562437776
563291222
563515807
563187498
562644343
563084913
562166900
562485882
562666433
563290310
562774794
562638930
562984423
562581576
562468203
561671004
563774155
562012766
563343258
562964775
562316122
563008020
564103707
562605859
563142073
562483290
563241479
562368349
562323886
563474116
562744298
562580924
563237814
563770299
563657594
562344173
562371837
563134625
562946330
562796109
564139610
