0
0
0
0
11
43
43
91
172
198
234
279
279
323
341
364
382
383
396
409
420
442
442
460
513
526
541
583
583
583
583
606
654
702
719
819
838
841
841
860
889
889
913
918
961
977
1042
1056
1083
1083
1086
1086
1108
1110
1143
1170
1170
1170
1211
1211
1258
1286
1286
1289
1302
1302
1344
1361
1363
1363
1363
1395
1411
1453
1474
1543
1543
1547
1591
1606
1669
1706
1706
1732
1747
1797
1797
1837
1837
1837
1837
1837
1908
1908
1908
1918
1967
1982
2030
2030
2066
2074
2131
2140
2157
2192
2198
2241
2241
2245
2258
2285
2285
2314
2314
2314
2314
2314
2314
2314
2314
2328
2328
2332
2332
2332
2332
2332
2340
2340
2360
2360
2371
2401
2453
2453
2453
2453
2471
2471
2499
2576
2592
2592
2592
2592
2605
2625
2636
2636
2636
2636
2676
2676
2696
2696
2696
2697
2697
2702
2752
2808
2809
2809
2809
2817
2829
2829
2876
2876
2876
2897
2917
2927
2929
2967
2967
2967
2982
2983
2983
2983
3012
3023
3057
3057
3057
3057
3108
3108
3108
3121
3152
3159
3159
3165
3207
3216
3230
3258
3283
3324
3339
3348
3371
3399
3410
3416
3425
3425
3448
3517
3582
3599
3629
3678
3709
3709
3727
3782
3790
3826
3826
3879
3883
3883
3911
3947
3968
3974
3974
3974
3975
4010
4085
4098
4153
4153
4153
4161
4175
4193
4245
4254
4268
4268
4268
4268
4336
4354
4354
4364
4364
4364
4364
4400
4408
4424
4437
4503
4506
4506
4551
4552
4552
4552
4558
4559
4638
4679
4679
4730
4730
4787
4791
4796
4796
4796
4810
4810
4860
4868
4870
4886
4914
4938
4938
4954
4959
4959
4959
4972
4996
5028
5028
5038
5041
5041
5041
5118
5118
5148
5148
5151
5156
5156
5169
5169
5169
5189
5189
5189
5216
5243
5273
5273
5282
5282
5311
5326
5346
5403
5464
5464
5464
5464
5475
5524
5526
5568
5568
5568
5568
5568
5588
5628
5628
5635
5635
5635
5678
5678
5678
5679
5679
5703
5735
5743
5774
5853
5853
5853
5853
5880
5894
5894
5905
5944
5962
6000
6019
6019
6034
6055
6125
6127
6127
6127
6133
6133
6145
6145
6145
6146
6172
6172
6211
6211
6211
6211
6216
6234
6234
6262
6299
6306
6306
6306
6318
6341
6341
6387
6402
6455
6472
6547
6595
6668
6674
6740
6746
6776
6782
6825
6850
6872
6883
6911
6911
6926
6930
6976
6976
6991
7020
7034
7034
7034
7041
7041
7068
7068
7120
7124
7184
7186
7210
7246
7257
7289
7310
7310
7335
7335
7348
7359
7396
7396
7400
7400
7451
7457
7457
7457
7457
7481
7524
7569
7569
7603
7658
7658
7658
7659
7674
7675
7716
7716
7731
7760
7799
7811
7851
7860
7878
7878
7878
7878
7886
7886
7895
7895
7895
7929
7939
7939
7942
7978
7980
8010
8066
8068
8071
8089
8089
8089
8104
8149
8149
8170
8197
8202
8202
8202
8202
8221
8224
8224
8236
8236
8236
