0
199
360
516
753
998
1154
1373
1587
1770
1937
2153
2348
2512
2663
2818
2985
3090
3314
3528
3717
3825
4016
4149
4336
4543
4703
4872
5028
5272
5498
5714
5952
6107
6352
6517
6691
6832
7077
7340
7577
7676
7867
8082
8273
8544
8755
8903
9058
9334
9535
9680
9990
10145
10233
10446
10653
10857
10984
11182
11276
11451
11691
11938
12172
12446
12692
12873
13017
13196
13420
13604
13863
14074
14252
14506
14730
14942
15154
15427
15682
15891
16168
16362
16527
16669
16917
17073
17258
17510
17737
17965
18156
18341
18506
18678
18919
19185
19395
19608
19807
20003
20241
20441
20559
20858
21085
21321
21510
21812
22050
22297
22571
22729
22898
23134
23362
23562
23833
23985
24217
24542
24783
24971
25179
25389
25584
25864
25961
26239
26465
26605
26735
27055
27293
27485
27762
27920
28059
28282
28515
28689
28908
29083
29243
29488
29638
29906
30127
30292
30536
30738
30938
31170
31442
31646
31822
32037
32210
32418
32601
32801
33026
33223
33439
33615
33829
33956
34095
34269
34473
34747
34965
35140
35317
35525
35765
35958
36143
36312
36550
36745
36864
36981
37200
37373
37518
37829
38040
38237
38440
38664
38927
39118
39209
39449
39610
39804
39969
40121
40367
40569
40721
40884
41042
41199
41473
41695
41924
42063
42291
42424
42669
42893
43133
43287
43542
43755
43992
44153
44342
44512
44764
44953
45155
45341
45533
45774
45974
46106
46329
46584
46742
47014
47221
47333
47527
47774
47942
48136
48365
48634
48777
48942
49252
49410
49538
49737
49933
50215
50520
50650
50840
51141
51399
51554
51664
51846
52054
52282
52435
52651
52840
53027
53227
53386
53612
53823
54151
54375
54630
54805
55009
55176
55417
55568
55762
55986
56162
56343
56538
56736
56943
57145
57376
57604
57799
58033
58321
58552
58735
58979
59146
59453
59686
59984
60222
60516
60722
60978
61174
61326
61512
61652
61862
62074
62170
62330
62571
62793
63000
63255
63532
63677
63816
64049
64203
64456
64647
64807
64991
65233
65519
65640
65825
66044
66192
66381
66502
66717
66909
67112
67345
67504
67713
67930
68126
68298
68542
68808
68999
69180
69411
69627
69825
69975
70126
70279
70462
70649
70829
70988
71205
71472
71704
71859
72046
72218
72396
72597
72769
72958
73146
73345
73553
73763
73878
74085
74269
74365
74493
74626
74789
74943
75140
75458
75637
75774
76006
76216
76424
76592
76771
77036
77196
77434
77588
77745
78007
78204
78329
78479
78698
78917
79184
79470
79662
79799
80053
80204
80367
80622
80843
80964
81170
81340
81555
81677
81868
82018
82198
82397
82614
82836
83111
83394
83564
83712
83969
84186
84346
84645
84868
85033
85214
85477
85583
85730
86030
86251
86433
86644
86908
87100
87232
87464
87568
87840
88075
88263
88580
88746
88973
89139
89338
89615
89785
89997
90220
90426
90650
90909
91034
91247
91482
91736
91955
92094
92396
92593
92858
93091
93315
93507
93774
93938
94164
94468
94624
94860
95113
95348
95580
95812
96034
96298
96491
96684
96926
97112
97257
97394
97670
97997
98231
98524
98800
99059
99217
99425
99614
99775
100009
100249
100416
100570
100772
100944
101156
101365
101582
