1
22722612
22704304
22583203
22646568
22465701
22570282
22671805
22723396
22728625
22684992
22671953
22740794
22732354
22790109
22704926
22580309
22932856
22639507
22638679
22640015
22602492
22746581
22790799
22530393
22774152
22781282
22659098
22780517
22729275
22633960
22589053
22634875
22775598
22712950
22630917
22736491
22738256
22748435
22707638
22707213
22571838
22571637
22673110
22602133
22646980
22796014
22760782
22734997
22758629
22724708
22648242
22843994
22656074
22653964
22726727
22765355
22720619
22737711
22675487
22545194
22816856
22705262
22725340
22659010
22718730
22701555
22759004
22642591
22905129
22645638
22724131
22722267
22722558
22820519
22658082
22728486
22669716
22762108
22640354
22694744
22790382
22730065
22775857
22666755
22656516
22754586
22752036
22749843
22613755
22613395
22753706
22760376
22776335
22528513
22744372
22909100
22607913
22785120
22696066
22636020
