0
98826
197796
296423
395356
494437
593067
691950
790745
889173
987983
1086640
1185046
1283200
1382062
1480819
1579585
1678309
1776965
1875661
1974280
2073067
2171933
2270763
2369604
2468475
2567262
2665990
2764427
2863054
2961791
3060750
3159461
3258169
3356700
3455125
3553767
3652433
3751311
3850036
3948660
4047321
4146060
4244996
4343918
4442773
4541653
4640475
4739709
4838339
4936979
5035929
5134764
5233567
5332296
5431164
5530064
5628685
5727482
5826215
5924863
6023568
6122175
6221228
6319994
6418553
6517303
6616023
6714808
6813563
6912513
7011379
7110084
7208769
7307547
7406378
7505293
7604254
7702964
7801581
7900269
7999121
8097902
8196765
8295377
8393963
8492674
8591429
8690114
8789071
8887982
8986370
9085085
9183585
9282474
9381111
9479720
9578252
9676788
9775563
9874315
9973112
10071610
10170397
10269074
10367869
10466594
10565066
10663841
10762552
10861306
10960148
11058665
11157489
11256235
11354988
11453773
11552402
11651113
11749840
11848638
11947364
12046100
12145030
12243708
12342506
12441273
12540282
12639102
12737799
12836269
12935008
13033702
13132238
13230825
13329559
13428455
13527483
13626346
13724890
13823752
13922441
14021037
14119905
14218950
14317797
14416579
14515372
14614049
14712854
14811451
14910066
15008485
15107455
15206167
15304836
15403702
15502280
15601163
15699891
15798398
15897130
15995906
16094746
16193314
16292265
16391157
16489963
16588945
16687712
16786057
16884914
16983817
17082482
17181103
17280006
17378457
17477158
17575804
17674507
17773188
17871715
17970310
18069410
18168323
18266809
18365447
18464303
18562994
18661896
18760636
18859204
18958149
19057243
19155695
19254463
19353158
19451723
19550361
19649096
19747584
19845840
19944585
20043353
20142063
20240966
20339812
20438504
20536992
20635850
20734407
20833316
20932022
21030907
21129531
21228337
21326939
21425817
21524714
21623489
21722279
21820974
21919564
22018157
22116942
22215588
22314320
22413046
22511840
22610463
22709211
22808051
22906779
23005490
23104390
23203348
23302233
23400878
23499787
23598550
23697334
23796027
23894652
23993264
24092042
24190743
24289317
24388145
24487038
24585591
24684145
24783127
24881830
24980373
25079023
25177538
25276147
25374916
25473767
25572468
25671137
25769703
25868631
25967135
26065850
26164865
26263641
26362536
26461311
26560084
26658777
26757526
26856116
26954743
27053629
27152369
27250875
27349795
27448495
27547133
27645865
27744434
27843412
27941967
28040815
28139290
28237983
28336828
28435696
28534555
28633204
28731836
28830723
28929530
29028203
29126897
29225550
29324382
29423415
29522253
29620675
29719472
29818215
29916918
30015761
30114497
30213321
30312097
30410896
30509443
30608136
30706835
30805401
30904232
31002998
31101995
31200672
31299453
31398103
31496859
31595313
31693995
31792666
31891394
31990398
32089135
32187964
32286612
32385385
32484300
32582874
32681577
32780469
32879323
32978077
33076951
33175610
33274252
33373100
33471701
33570386
33669226
33768032
33866747
33965510
34064228
34162935
34261529
34360275
34459131
34557721
34656454
34754828
34853749
34952621
35051412
35150235
35248879
35347315
35446203
35544864
35643275
35741879
35840727
35939412
36038216
36136803
36235598
36334330
36432957
36531629
36630698
36729549
36828334
36927073
37025878
37124628
37223347
37322094
37420837
37519841
37618688
37717374
37815866
37914576
38013336
38111805
38210568
38309136
38407546
38506256
38605018
38703471
38802384
38901296
38999881
39098367
39197458
39296056
39394911
39493781
39592681
39691540
39790052
39888931
39987477
40086266
40184993
40283774
40382271
40480949
40579528
40678326
40777044
40875858
40974928
41073719
41172520
41271176
41370234
41469095
41567776
41666455
41765184
41863968
41962819
42061661
42160214
42258915
42357501
42456154
42554727
42653237
42751855
42850697
42949295
43047901
43146626
43245454
43344385
43442949
43541830
43640552
43739053
43837936
43936606
44035537
44134077
44232962
44331745
44430532
44529247
44628173
44726701
44825408
44924243
45022851
45121709
45220657
45319243
45417907
45516481
45615364
45714133
45812976
45912023
46010680
46109158
46207915
46306794
46405508
46504016
46602801
46701253
46800109
46898887
46997644
47096601
47195207
47293634
47392332
47491124
47589696
47688221
47786915
47885591
47984489
48083043
48181556
48280587
48379258
48477883
48576726
48675412
48774240
48872903
48971707
49070318
49169028
49267705
49366295
