0
208
387
586
817
1036
1191
1348
1546
1798
1960
2210
2455
2759
2898
3077
3347
3518
3819
4057
4187
4394
4593
4878
5065
5267
5381
5506
5695
5927
6249
6378
6560
6723
7012
7202
7465
7661
7905
8123
8422
8598
8819
9105
9360
9624
9748
9941
10132
10325
10510
10713
10895
11090
11233
11412
11596
11782
11975
12185
12290
12473
12606
12835
13009
13145
13376
13513
13708
13902
14099
14285
14569
14738
14882
15024
15243
15395
15592
15918
16115
16304
16512
16649
16867
17082
17269
17503
17650
17756
18006
18181
18427
18585
18685
18870
18985
19188
19452
19720
19883
20046
20177
20375
20593
20728
20970
21164
21336
21599
21863
21994
22182
22395
22596
22760
22959
23116
23282
23467
23674
23837
24074
24264
24406
24527
24803
24940
25109
25297
25509
25701
25888
26126
26375
26558
26743
27009
27206
27448
27656
27877
28093
28392
28584
28773
28951
29178
29388
29689
30038
30216
30457
30741
30954
31065
31249
31488
31694
31987
32128
32417
32617
32804
33057
33284
33540
33753
33926
34106
34317
34547
34810
35072
35369
35513
35664
35878
36081
36239
36509
36746
36951
37056
37218
37374
37576
37786
37942
38142
38326
38533
38676
38944
39119
39332
39558
39831
39989
40154
40433
40667
40796
40914
41121
41267
41590
41845
42013
42282
42517
42776
42958
43108
43270
43446
43671
43885
44131
44259
44440
44594
44806
45014
45165
45357
45518
45727
45864
46033
46226
46440
46613
46794
47028
47151
47264
47599
47730
47944
48081
48284
48486
48623
48799
48949
49126
49378
49499
49632
49835
50060
50298
50459
50642
50827
51110
51322
51537
51822
52075
52274
52422
52547
52792
53080
53272
53538
53708
53881
54020
54155
54405
54633
54764
54959
55114
55247
55452
55603
55752
55913
56089
56318
56504
56730
56996
57304
57453
57554
57685
57898
58074
58214
58476
58677
58948
59193
59414
59555
59759
59980
60268
60441
60625
60786
60951
61110
61327
61486
61680
61851
62047
62253
62537
62668
62824
62969
63185
63393
63599
63875
64127
64318
64488
64715
64939
65143
65267
65541
65843
66089
66301
66597
66836
67135
67313
67620
67857
68109
68270
68546
68741
68981
69191
69406
69577
69794
69972
70222
70422
70645
70867
71073
71274
71446
71657
71855
72067
72237
72529
72710
73016
73209
73430
73686
73942
74172
74371
74516
74747
74861
75063
75285
75461
75606
75780
75933
76191
76409
76591
76701
76921
77144
77418
77696
77880
78130
78384
78533
78677
78934
79166
79328
79601
79739
79932
80183
80382
80601
80802
81034
81189
81363
81551
81706
81896
82085
82286
82402
82550
82805
83001
83149
83357
83589
83800
84025
84251
84425
84654
84875
85085
85306
85462
85730
85852
86016
86250
86436
86605
86749
86874
87089
87286
87405
87680
87812
87988
88214
88481
88661
88885
89057
89267
89423
89677
89946
90190
90383
90497
90613
90875
91076
91301
91580
91764
91921
92101
92262
92471
92662
92883
93043
93212
93349
93577
93718
93883
94072
94200
94483
94715
94913
95154
95369
95530
95648
95801
95989
96261
96451
96708
97016
97265
97493
97748
97908
98191
98385
98665
98830
99043
99227
99478
99654
99913
100036
100227
100520
100700
