1
26066059
26061060
26152862
26052631
26042382
26073460
26110490
26078851
26062684
26088496
26004224
26047510
26081993
25990544
26140875
26122403
26105132
26083538
26090686
26075854
26095102
26082421
26054573
26034255
26005185
26014506
26079181
26088312
26053264
26052244
26051629
26048187
26044954
26128699
26003589
26080111
26105015
26071956
26103865
25933373
26054459
26050909
25969349
26019611
26037508
26087226
26084220
26037041
26124517
26027484
26037127
26083545
26003342
26070349
25963138
26067518
26112324
26000983
26070375
26038163
26012572
26074926
25986957
25960672
26063393
26002950
25954970
26043802
25979638
26075195
26051384
26007969
26064664
26077319
26049138
25998081
26047916
25956056
26050897
26006362
25945284
25984987
25965520
26014014
25995107
26014078
25993643
26040525
25999454
25980882
26067203
25985913
26061597
26000975
26049072
26048867
26057133
26004087
26009131
26032833
26084562
26060341
26020985
26018576
25994992
25994136
26077727
26033675
26012485
26076785
26023519
26103715
26002583
26010381
25955660
25971575
25989744
25990560
26063248
25984304
26052053
25974257
26009359
25922987
25975043
25983942
25984893
25967549
26055423
26106634
26082678
26071437
25959614
26036023
25994432
25928413
26007132
26002266
25988203
25995877
26018956
26003719
26020615
25990339
26011827
26047979
26089822
26039394
26068262
26051758
25980022
26016305
26061254
26060874
26006663
26009370
26046795
25991466
25979883
26007220
26039836
25996979
25994858
26049056
26043501
26028709
26039356
25972579
25994836
26042086
25973578
26001749
26057602
26074093
26054390
26096936
26038109
26062355
25965262
26067775
25994793
26108963
26039227
26049958
26025872
26059702
26023111
25969893
26058855
26034812
26013646
26039581
26040013
26002655
25973501
26011216
26094156
26092022
25987665
26080852
26003753
26068957
26001280
26037165
26076125
26045553
26105239
25948282
26034507
26123123
26025798
26032705
25979272
26043588
25997302
26073342
26086509
26059516
26016707
26064881
26070925
25937230
26054182
26001273
26023824
26109718
26052926
26069289
26051709
26064205
26055031
26068428
26080772
26049769
26008034
26019605
25974889
26149011
25999147
25925261
26083740
26045062
26043331
26065430
26036503
26088451
26085143
26110042
26054067
26076195
26080668
26017887
26030251
26024961
26043535
26003730
26058722
25988235
26050555
25990537
26019775
26036137
26072494
26019235
26032159
26032268
26048187
25958281
25968693
25976855
26058961
26065155
26014238
25987945
26039722
26063967
26021530
26065757
26022947
25986202
26041402
26018292
26031959
26015407
26073669
26078865
26050458
26006659
26071098
26098004
26031455
26009928
25987571
25957098
26049219
26023112
25999224
26019240
26006199
26018506
26035440
26014114
26052226
26108177
26071011
26088459
26015205
26020296
26036143
26076069
26026791
26058633
26058836
26086863
26043379
25997914
26035268
26101569
26021237
25988497
26049717
26019046
26008169
26061071
26038338
25983901
26013841
25996079
25981129
26030982
26059791
26050571
26037057
26090876
26021396
26016253
25948952
26038548
26036922
26015268
26083426
26028109
26056971
26077677
26045472
26059798
26054007
26022346
25990081
26008812
26063158
26104745
26064551
26129043
26109987
25986348
26061960
26100951
26047625
26055346
26096307
26064943
26019328
26054760
26087398
26070311
26087513
25991362
26072774
26105446
26057322
26073221
26063131
26127642
26045842
26065974
26084962
26083463
26141469
26039199
26109555
26041312
26035279
26043259
26151346
26069925
26057143
26116978
26031636
26051950
26092938
26081087
26063775
26000513
26027867
26137659
26082193
26144050
26026806
26120885
26054087
26159659
26115342
26074771
26024880
26069863
26102817
26073051
26047162
26119504
26053942
26124381
26012478
26127158
26048828
26128632
26087831
26066354
26066232
26078249
26154871
26171924
26167779
26057853
26122352
26125866
26075007
26070262
26153163
26064312
26112656
26140124
26098624
26064823
26140743
26139709
26147974
26123562
26060249
26159451
26120031
26183733
26193687
26159981
26109687
26173816
26146771
26085620
26199320
26174105
26147005
26189985
26184050
26144207
26071939
26157123
26093703
26150963
26122441
26166744
26157211
26145482
26113498
26098902
26184186
26154018
26080898
26183243
26137939
26140155
26262111
26073453
26127414
26196724
26147084
26082068
26202751
26209932
26112994
26170616
26151283
26231524
26158911
26216260
26174055
26172617
26159569
26178356
26222495
26111115
26164711
26219191
26187945
26123190
26130019
26101941
26142616
26261249
26146290
26178381
