0
108
217
338
413
555
650
790
864
960
1066
1189
1269
1390
1453
1527
1667
1761
1863
2004
2050
2073
2163
2271
2393
2513
2628
2804
2923
3004
3082
3221
3350
3396
3537
3649
3773
3878
4012
4103
4208
4253
4357
4442
4547
4671
4785
4864
4976
5028
5154
5219
5347
5426
5474
5564
5667
5766
5855
5975
6054
6125
6220
6346
6443
6560
6667
6812
6881
6963
7109
7174
7354
7459
7526
7637
7722
7858
7941
8044
8097
8166
8288
8388
8539
8620
8685
8796
8921
9011
9138
9214
9341
9454
9581
9708
9793
9916
10040
10181
10250
10344
10431
10537
10606
10695
10785
10877
10962
11029
11112
11197
11284
11406
11440
11511
11595
11697
11774
11845
11940
12020
12145
12230
12314
12426
12561
12636
12700
12762
12843
12906
13013
13181
13291
13350
13453
13505
13620
13747
13845
13941
14009
14069
14163
14246
14379
14451
14490
14576
14619
14706
14838
14994
15090
15137
15209
15300
15402
15461
15603
15698
15799
15940
16056
16125
16238
16322
16407
16484
16604
16658
16722
16808
16913
17003
17102
17181
17251
17312
17440
17494
17600
17705
17817
17871
17976
18069
18211
18310
18395
18535
18632
18755
18838
18950
19052
19189
19294
19404
19482
19597
19712
19870
20046
20156
20271
20396
20482
20554
20632
20765
20870
20987
21055
21192
21285
21399
21517
21641
21782
21844
21928
22024
22127
22248
22404
22509
22654
22736
22787
22913
22997
23101
23226
23312
23423
23464
23538
23605
23742
23819
23891
23974
24055
24150
24235
24353
24452
24545
24646
24786
24829
24911
25046
25157
25222
25306
25389
25467
25637
25771
25868
26032
26118
26237
26314
26381
26464
26553
26671
26754
26876
26929
27012
27121
27220
27304
27375
27476
27552
27636
27705
27808
27875
27981
28071
28166
28257
28321
28373
28538
28592
28701
28765
28853
28945
29005
29088
29186
29269
29387
29459
29490
29618
29707
29824
29902
30000
30062
30221
30317
30425
30573
30686
30791
30848
30897
31024
31166
31260
31390
31470
31541
31604
31651
31787
31892
31954
32052
32130
32202
32315
32384
32448
32530
32615
32721
32844
32928
33070
33232
33292
33336
33421
33521
33592
33664
33776
33890
34008
34123
34236
34301
34425
34525
34657
34730
34819
34888
34971
35036
35154
35224
35300
35386
35477
35557
35694
35759
35851
35939
36043
36136
36206
36356
36496
36580
36688
36788
36898
36995
37041
37179
37323
37447
37565
37725
37830
37962
38056
38208
38326
38452
38572
38700
38770
38891
38974
39092
39180
39276
39383
39501
39578
39689
39801
39884
39975
40063
40140
40256
40366
40470
40588
40683
40831
40918
41033
41175
41270
41402
41477
41549
41668
41716
41810
41896
41984
42050
42132
42199
42317
42420
42533
42566
42681
42792
42912
43053
43173
43280
43401
43461
43541
43652
43751
43835
43969
44030
44133
44231
44351
44443
44564
44647
44725
44806
44866
44959
45056
45147
45239
45290
45381
45499
45582
45654
45763
45879
45990
46124
46227
46302
46415
46507
46624
46712
46818
46933
46977
47063
47185
47271
47347
47423
47465
47570
47666
47722
47859
47918
48020
48158
48273
48359
48454
48536
48656
48726
48842
