0
93314
185750
278681
371452
464286
557267
650002
742413
834990
928311
1021054
1113186
1205866
1298803
1391525
1484321
1577244
1670286
1763036
1856121
1948758
2040995
2133953
2226819
2319490
2412135
2505054
2597672
2689897
2782815
2875557
2968384
3060944
3153550
3246685
3339582
3432430
3524526
3617327
3710339
3803012
3895998
3988461
4081182
4173995
4266603
4359553
4452521
4544854
4637973
4731113
4824546
4917593
5010865
5103578
5196555
5289176
5382333
5474726
5567749
5660547
5753509
5847038
5940259
6033410
6125697
6218702
6311120
6404058
6496461
6588835
6681737
6775091
6868485
6960923
7053388
7145906
7238678
7331070
7424602
7517204
7610388
7703081
7795707
7887783
7980343
8072737
8165424
8258607
8351291
8443971
8537124
8630637
8723543
8815870
8908168
9001340
9094190
9186792
9279706
9372351
9465124
9558082
9650719
9743212
9835881
9928737
10021747
10114714
10207639
10300346
10392994
10486073
10578900
10671936
10764776
10857401
10950620
11043772
11136653
11229820
11322655
11414794
11507127
11599987
11692454
11784923
11878100
11970842
12063515
12156253
12249007
12341886
12435691
12528536
12621329
12714143
12807329
12900013
12993074
13085865
13178868
13271836
13364875
13457216
13549795
13642981
13736001
13828205
13920799
14013083
14106266
14198747
14292045
14384589
14477637
14570273
14662574
14755597
14847805
14940611
15033551
15126487
15219078
15311549
15404269
15497138
15589901
15682144
15775008
15867698
15960367
16053156
16145984
16238884
16331466
16424586
16517479
16610773
16703674
16796756
16889595
16982384
17074854
17168016
17260746
17353121
17445414
17538177
17631302
17723432
17816498
17908910
18001810
18094912
18188264
18280409
18373234
18466215
18559349
18651997
18744431
18837076
18929951
19022975
19115683
19208821
19301108
19394299
19487236
19580080
19672886
19765849
19858604
19951551
20044357
20137026
20229672
20322884
20415720
20508258
20601010
20694064
20786339
20879020
20971514
21064315
21157280
21250174
21343392
21436243
21529070
21621646
21714040
21806685
21899208
21992008
22084870
22177638
22270648
22363650
22456428
22548984
22641427
22734561
22826881
22919605
23012593
23105524
23197889
23290374
23383090
23475770
23568653
23661230
23754210
23846787
23940277
24033113
24125880
24219210
24311807
24404736
24497372
24590035
24682999
24776298
24869275
24962531
25055756
25148962
25241526
25334156
25426930
25520412
25612962
25706037
25798451
25890807
25983765
26076016
26168724
26261538
26353972
26446576
26539430
26632317
26724795
26817186
26910568
27003164
27096012
27188892
27282027
27375373
27468287
27561285
27654031
27746835
27840032
27933041
28025215
28118390
28211508
28304825
28397927
28490778
28583679
28676753
28769188
28862329
28955462
29047846
29140120
29233141
29326166
29419106
29512063
29605314
29697765
29791113
29883732
29976408
30069798
30162536
30255489
30347551
30440472
30533244
30625496
30717849
30810534
30903138
30995779
31088393
31181614
31274809
31368069
31460660
31553243
31645929
31739410
31832229
31925426
32018298
32110875
32203221
32296381
32388772
32481126
32574111
32666988
32759804
32852830
32945830
33038468
33131599
33224190
33316880
33409626
33502503
33595049
33687979
33780349
33872909
33966012
34058675
34151278
34243883
34336883
34429354
34522464
34614998
34707629
34800449
34893439
34986370
35079482
35172399
35264995
35357867
35450266
35543121
35635714
35728981
35821504
35914442
36007511
36100111
36193004
36285471
36378679
36471461
36564411
36657038
36749705
36842232
36935510
37028378
37121055
37214067
37306876
37399755
37492593
37585417
37678453
37771554
37864504
37957035
38049814
38143126
38235939
38328596
38421555
38514763
38608020
38700877
38793815
38886641
38979355
39072255
39164751
39257588
39350650
39443642
39536631
39629542
39721748
39814428
39906935
39999749
40092190
40185513
40278238
40370902
40463962
40556392
40649587
40742720
40835444
40928348
41021014
41114524
41207118
41299269
41391741
41484290
41576607
41669484
41762542
41855348
41948250
42040997
42134009
42226577
42318603
42410817
42503983
42596942
42689518
42782964
42875939
42968472
43061523
43154290
43247403
43340425
43432572
43526086
43617922
43710732
43803658
43897012
43989745
44082157
44175159
44268411
44361286
44453709
44546562
44639658
44732556
44825078
44917923
45010732
45103575
45196026
45288482
45380996
45473530
45566551
45659600
45752733
45846038
45938929
46031548
46123861
46216760
46309891
46402479
