1
42784475
42664046
42609552
42757690
42666809
42792701
42576244
42748615
42705549
42604015
42795595
42880300
42576278
42871562
42838206
42676395
43021418
42701118
42680192
42705934
42636643
42585192
42741629
42789378
42539727
42752980
42744511
42795779
42739622
42881957
42534037
42883564
42555161
42747021
42613160
42754398
42676273
42801151
42632217
42665127
42593163
42594325
42670965
42775719
42736605
42695353
42622972
42662051
42635680
42658155
42622100
42631981
42722983
42702386
42643424
42686477
42799627
42941040
42696479
42736807
42690302
42595182
42737869
42849622
42581715
42590678
42604755
42832546
42874563
42566346
42566349
42674413
42809063
42660638
42858351
42779845
42663202
42715746
42616006
42749511
42669379
42729226
42612351
42477753
42701605
42536834
42819666
42675784
42558728
42622469
42614480
42810683
42805542
42923763
42827068
42726678
42798149
42553209
42711010
42631322
42736499
42608842
42913763
42674138
42754803
42767270
42598448
42584478
42727338
42721125
42724225
42869803
42489449
42748221
42700288
42767026
42688121
42521272
42678297
42735835
42703007
42750210
42722865
42747589
42988891
42702311
42555661
42756993
42565390
42889471
42760724
42640119
42527627
42805616
42670920
42485253
42817672
42892077
42627214
42783542
42473972
42690423
42917665
42674768
42849267
42791269
42758848
42557450
42630302
42752543
42668619
42747591
42741709
42855125
42724384
42636653
42684015
42683992
42742021
42670836
42623902
42728215
42921956
42779549
42765083
42802325
42803472
42442290
42677391
42662523
42712750
42602428
42567656
42529320
42708334
42572316
42682803
42816087
42606827
42722616
42681382
42556341
42812534
42736641
42608948
42705616
42659262
42531617
42708291
42752254
42632972
42584240
42499880
42879371
42842141
42702684
42776625
42521847
42451545
42758874
42739747
42550378
42677499
42707611
42673100
42703702
42698403
42580960
42635042
42867058
42767205
42612303
42704218
42627515
42598445
42706227
42644598
42776463
42668392
42610597
42739446
42647279
42461816
42839912
42833240
42504229
42787057
42615820
42759234
42674036
42683706
42623102
42797611
42621648
42753934
42746979
42424156
42551099
42567101
42651004
42640973
42723594
42477961
42874930
42788683
42750338
42491352
42500016
42624565
42588011
42663553
42431219
42718672
42766857
42592300
42811005
42625465
42732953
42597977
42691859
42603795
42791721
42669128
42695744
42590383
42603490
42625730
42621420
42689909
42525456
42758951
42669865
42737854
42575159
42542106
42448426
42644302
42535932
42737913
42633143
42644434
42692271
42592806
42671838
42631130
42690569
42638437
42774342
42651360
42757653
42628446
42760377
42831325
42671420
42604730
42804001
42611984
42427877
42672308
42758357
42486645
42649703
42621265
42479146
42598978
42610903
42642948
42887176
42481199
42782838
42737038
42800739
42601495
42646125
42558072
42635111
42433800
42860012
43010588
42750724
42513754
42799117
42638748
42683437
42811615
42586979
42733244
42760881
42583879
42664616
42798593
42658291
42814494
42722372
42849359
42823091
42611930
42632341
42583776
42708075
42608179
42602984
42581525
42694330
42768830
42779757
42645776
42674209
42673007
42824335
42679053
42859866
42718596
42686265
42676584
42718831
42679578
42812336
42676400
42450578
42786840
42658473
42601848
42763964
42707146
42710757
42754857
42688750
42607640
42958871
42720217
42837675
42549407
42731961
42851647
42637622
42546873
42591798
42762065
42743635
42658564
42582696
42885770
42524356
42754370
42646363
42681102
42680879
42725046
42808544
42772667
42705458
42636369
42496061
42569550
42562804
42768902
42454795
42521165
42733989
42612182
42655368
42670321
42659284
42404511
42640912
42687117
42710622
42756566
42759898
42618346
42656551
42748243
42800956
42638061
42557005
42768608
42629737
42541309
42750170
42805365
42540460
42603695
42781738
42566912
42890279
43011872
42702493
42730751
42667795
42764778
42664100
42934975
42606963
42639853
42646627
42686011
42602945
42647440
42687852
42609875
42785243
42774413
42753466
42934348
42721970
42603212
42537768
42751000
43009261
42783607
42867808
42526431
42562296
42734388
42564823
42727183
42785898
42589469
42870488
42632029
42679470
42710655
42710544
42724623
42742291
42732425
42697370
42629012
42565136
42679482
42755028
42579656
42525608
42783306
42770855
42609369
42802265
42661042
42642951
42783474
42622400
42870465
42779094
42812796
42748498
42629289
42601074
42661017
42656897
42502502
42601531
42865724
42858601
42663718
42561960
42921171
42674411
42844298
42687960
