1
42650203
42800692
42516553
42632140
42735213
42662595
42656465
42664665
42685798
42646634
42766994
42594719
42677715
42737593
42605674
42696249
42534805
42653449
42581138
42732132
42704178
42732896
42698224
42720618
42736296
42710719
42651492
42724520
42692583
42820427
42710571
42609026
42822480
42643949
42645230
42971435
42629518
42693750
42866995
42760295
42659947
42788422
42591830
42717272
42747719
42672440
42892598
42663549
42728765
42838304
42614692
42636747
42753675
42769883
42698205
42714912
42982176
42591592
42764987
42449104
42561800
42536895
42570132
42689714
42579738
42755621
42535166
42751530
42600506
42688649
42677983
42914123
42579806
42849079
42870438
42617153
42516077
42656492
42580936
42725529
42929772
42709823
42428932
42519735
42463806
42809597
42585996
42653310
42663662
42800804
42709421
42593093
42627485
42636898
42666118
42748116
42582641
42630011
42832989
42572743
42567263
42655679
42721157
42728507
42704211
42631992
42679816
42778506
42715693
42670225
42598774
42746063
42478785
42668381
42707147
42641632
42825226
42721904
42702694
42744745
42567504
42660725
42525690
42741358
42715962
42569684
42445994
42873892
42778989
42847394
42670560
42653877
42830892
42700385
42660408
42780578
42653931
42630272
42633557
43019114
42609575
42760111
42787113
42695683
42695987
42771250
42717965
42822278
42833357
42700086
42792609
42767096
42550559
42799505
42647837
42630219
42577302
42631805
42680193
42653392
42723747
42501272
42660965
42591194
42702264
42911346
42695245
42694869
42782367
42629655
42492914
42527204
42625843
42527843
42794760
42703270
42773092
42785428
42765256
42680232
42601221
42538521
42607411
42627799
42611381
42827022
42548494
42587794
42595605
42674687
42506171
42699614
42756643
42647338
42814243
42749027
42529260
42761266
42748421
42850396
42660633
42726608
42652463
42659424
42548815
42834363
42539320
42690606
42690548
42730824
42506853
42574365
42763188
42735986
42606671
42662627
42643555
42624461
42645529
42576794
42830800
42616296
42707734
42628920
42511794
42813216
42816360
42663798
42503640
42687004
42624156
42833505
42580811
42274271
42773842
42652412
42759928
42690665
42708606
42681713
42683391
42797473
42698035
42783025
42838638
42582010
42717997
42544600
42633954
42713968
42506398
42729064
42714668
42555628
42696613
42608797
42680242
42614199
42709355
42882569
42698919
42832801
42750799
42571730
42733117
42655051
42746101
42648606
42698512
42681240
42621722
42541065
42622291
42699097
42579742
42513487
42784218
42821549
42511264
42778756
42592195
42646809
42708215
42489262
42756792
42725708
42584830
42793221
42589938
42671565
42836445
42676289
42659804
42746685
42779454
42666668
42655105
42694870
42588295
42551588
42579414
42491277
42542381
42540447
42741231
42639242
42653565
42695643
42839363
42618186
42699835
42686958
42718699
42698620
42669764
42566478
42626239
42839234
42659153
42598929
42529442
42663083
42842598
42567233
42760824
42706536
42736184
42848262
42778022
42697076
42577373
42640337
42658061
42626633
42835048
42515495
42586207
42551045
42555853
42717428
42740925
42585208
42782241
42736604
42695506
42770003
42795360
42482760
42780721
42652233
42585736
42543729
42717628
42745086
42740597
42554128
42696422
42612168
42697659
42573086
42604183
42641693
42865113
42679361
42852754
42565674
42589984
42534842
42623229
42623559
42623231
42746351
42656714
42682466
42602243
42872958
42630868
42866016
42616917
42748639
42657930
42742686
42798483
42652847
42492830
42661547
42737269
42581086
42671222
42652460
42525565
42707267
42514603
42662400
42740453
42722194
42629234
42585444
42568200
42746625
42690460
42718652
42757184
42633181
42579726
42831973
42763237
42561601
42681861
42689360
42529520
42593360
42666966
42727332
42646049
42710795
42769792
42629459
42702558
42640161
42755759
42462129
42722779
42780021
42762217
42672074
42676212
42738796
42544604
42727050
42621007
42819815
42832564
42722164
42762732
42815948
42596216
42679362
42741539
42740115
42768772
42833282
42668161
42662798
42639324
42632675
42900910
42835990
42938302
42855954
42554200
42774004
42844593
42752716
42666915
42564698
42830525
42547800
43083918
42679785
42850097
42759650
42700104
42570890
42850083
42752608
42750419
42528000
42869306
42657288
42915820
42558144
42644709
42605141
42651805
42662169
42838753
42564505
42702861
42619506
42847690
42841487
42858055
42900506
42745664
42978470
42756999
42743096
42836785
42654721
42892314
42802091
42633308
42772785
42570162
42761871
42892858
42712946
42562893
42629522
