0
47
87
117
186
255
283
339
405
443
478
535
580
634
666
696
728
738
817
871
911
928
960
978
1018
1076
1096
1126
1150
1237
1292
1355
1432
1464
1531
1565
1600
1626
1701
1779
1857
1875
1918
1956
2006
2100
2166
2183
2213
2324
2374
2400
2499
2536
2548
2601
2661
2718
2718
2755
2765
2805
2860
2954
3023
3117
3187
3231
3264
3313
3370
3422
3519
3562
3595
3669
3734
3787
3859
3953
4026
4074
4166
4218
4247
4255
4334
4357
4395
4486
4556
4620
4678
4710
4746
4792
4854
4938
5008
5055
5102
5164
5232
5274
5279
5358
5403
5470
5526
5624
5724
5793
5880
5908
5955
6018
6076
6135
6217
6243
6302
6409
6487
6543
6598
6648
6699
6778
6801
6875
6930
6963
6977
7091
7165
7217
7296
7335
7365
7424
7492
7534
7599
7645
7675
7745
7762
7831
7900
7936
8004
8047
8088
8132
8199
8260
8313
8364
8411
8469
8503
8557
8615
8643
8698
8728
8789
8814
8840
8875
8928
9022
9072
9100
9130
9206
9271
9339
9392
9431
9505
9558
9571
9590
9651
9698
9727
9820
9881
9917
9970
10022
10108
10157
10164
10234
10271
10322
10357
10384
10464
10524
10552
10593
10620
10652
10734
10793
10859
10879
10942
10977
11039
11108
11174
11216
11276
11343
11403
11414
11452
11471
11550
11595
11635
11676
11734
11805
11860
11886
11943
12019
12056
12141
12190
12232
12263
12326
12374
12413
12465
12563
12576
12624
12728
12776
12789
12830
12869
12971
13090
13116
13167
13284
13364
13405
13414
13446
13498
13566
13611
13659
13708
13759
13794
13819
13906
13955
14089
14143
14212
14242
14299
14315
14390
14426
14451
14525
14575
14634
14667
14704
14758
14796
14859
14913
14966
15030
15143
15193
15239
15294
15324
15403
15492
15604
15665
15764
15820
15921
15948
15981
16027
16080
16146
16196
16216
16243
16328
16384
16436
16530
16608
16628
16669
16741
16771
16848
16903
16941
16974
17044
17128
17143
17180
17227
17261
17301
17324
17357
17409
17465
17547
17594
17655
17728
17769
17813
17897
17962
18017
18071
18117
18172
18219
18246
18287
18309
18342
18387
18418
18445
18489
18590
18659
18693
18737
18775
18806
18879
18927
18970
19032
19099
19161
19218
19246
19303
19348
19366
19394
19403
19423
19449
19498
19600
19646
19655
19705
19743
19808
19833
19872
19947
19983
20054
20075
20095
20163
20201
20216
20244
20290
20355
20462
20560
20600
20616
20702
20730
20758
20836
20882
20897
20957
20994
21054
21086
21127
21158
21191
21236
21289
21361
21445
21527
21584
21626
21709
21785
21825
21920
21973
22008
22071
22161
22174
22214
22321
22372
22420
22481
22568
22606
22635
22704
22707
22798
22875
22945
23066
23110
23188
23221
23268
23357
23399
23461
23522
23572
23643
23719
23737
23794
23878
23920
23983
24005
24113
24178
24240
24287
24349
24393
24469
24524
24592
24703
24712
24774
24855
24933
24999
25057
25099
25173
25218
25279
25351
25396
25425
25445
25550
25678
25735
25843
25939
26018
26070
26137
26186
26249
26320
26394
26435
26475
26525
26562
26608
26653
26732
