0
266
554
722
952
1214
1523
1683
1855
2013
2184
2399
2561
2828
2980
3179
3292
3518
3734
3879
4073
4245
4432
4614
4714
4971
5183
5321
5529
5752
5873
6021
6279
6454
6641
6829
7012
7197
7297
7530
7661
7844
8095
8232
8362
8502
8770
8989
9179
9387
9541
9786
9977
10221
10484
10753
10973
11121
11258
11479
11809
11981
12233
12433
12577
12741
12879
13105
13321
13492
13634
13817
13956
14180
14341
14461
14631
14820
15043
15219
15411
15689
16027
16179
16293
16378
16633
16828
16952
17164
17391
17619
17917
18127
18267
18481
18700
18955
19169
19323
19525
19696
19835
20043
20174
20397
20559
20791
20960
21251
21388
21521
21681
21868
22138
22309
22594
22808
23023
23215
23369
23646
23851
23997
24237
24497
24791
25014
25312
25560
25820
26027
26290
26576
26811
26988
27207
27473
27670
27890
28059
28270
28518
28698
28940
29134
29330
29539
29799
29973
30171
30381
30545
30763
30953
31212
31398
31701
31889
32106
32331
32625
32818
33061
33222
33473
33588
33759
33963
34178
34317
34472
34603
34872
35064
35287
35410
35579
35797
36072
36372
36540
36769
37038
37228
37375
37578
37831
38013
38240
38415
38570
38790
39038
39279
39473
39695
39887
40024
40217
40407
40579
40766
40982
41096
41238
41500
41658
41828
42010
42283
42442
42682
42945
43132
43324
43567
43778
43995
44129
44393
44550
44711
44934
45127
45297
45442
45607
45809
45949
46090
46330
46554
46658
46930
47181
47371
47584
47742
47929
48103
48337
48606
48876
49106
49235
49325
49573
49802
50034
50259
50482
50639
50805
51009
51194
51398
51634
51775
51927
52067
52331
52461
52572
52798
52935
53173
53452
53633
53839
54080
54262
54373
54505
54700
54986
55143
55405
55677
55878
56202
56469
56577
56872
57083
57337
57538
57707
57950
58175
58384
58610
58719
58955
59204
59423
59608
59848
59972
60062
60180
60350
60658
60927
61187
61472
61729
61947
62067
62294
62515
62677
62950
63140
63382
63619
63895
64083
64322
64462
64673
64837
65031
65218
65447
65701
65872
66043
66297
66420
66705
66910
66994
67188
67366
67538
67820
67992
68175
68345
68540
68755
68963
69162
69416
69739
69888
70059
70286
70491
70755
71024
71175
71398
71572
71869
72038
72245
72368
72487
72683
72848
73194
73361
73505
73673
73961
74168
74411
74615
74861
75099
75381
75569
75787
76060
76274
76593
76727
76923
77090
77293
77476
77694
77867
78070
78202
78345
78559
78744
78946
79159
79259
79420
79575
79780
79943
80086
80309
80448
80651
80826
81044
81207
81475
81677
81798
81955
82171
82319
82502
82832
83052
83222
83423
83588
83795
83982
84156
84405
84561
84659
84915
85077
85314
85463
85614
85786
85890
86084
86348
86632
86811
86959
87112
87301
87519
87665
87872
88071
88261
88494
88754
88918
89099
89341
89525
89696
89844
90040
90217
90358
90592
90735
90976
91169
91337
91435
91727
91840
92020
92213
92424
92624
92805
93026
93266
93429
93655
93911
94112
94324
94582
94800
95021
95276
95525
95716
95865
96089
96291
96579
96957
97136
97390
97641
97873
97991
98164
98347
98622
98903
99053
99359
99529
99735
99979
100215
100454
100688
100883
