0
26
64
152
290
409
458
556
665
703
729
785
904
949
1072
1083
1114
1203
1279
1374
1470
1533
1604
1635
1680
1725
1786
1835
1907
1929
1960
2063
2123
2143
2212
2330
2407
2488
2595
2649
2719
2778
2834
2883
2925
3048
3070
3148
3243
3275
3317
3337
3337
3415
3463
3501
3598
3648
3678
3793
3899
3955
4017
4065
4142
4210
4305
4422
4537
4601
4613
4613
4711
4787
4859
4964
5040
5077
5116
5145
5211
5283
5372
5396
5438
5443
5565
5601
5630
5714
5739
5842
5955
6016
6077
6172
6191
6201
6236
6304
6393
6445
6580
6726
6794
6929
7051
7072
7187
7289
7389
7446
7541
7595
7670
7717
7805
7835
7898
8013
8094
8179
8295
8324
8324
8364
8454
8568
8675
8743
8949
9033
9077
9121
9206
9311
9314
9427
9499
9601
9674
9792
9847
9934
9956
10032
10080
10163
10237
10337
10416
10466
10494
10618
10648
10748
10806
10819
10876
10963
11028
11113
11206
11246
11289
11354
11440
11516
11631
11714
11844
11873
11944
12072
12125
12292
12384
12405
12496
12568
12694
12751
12832
12859
12876
12926
13011
13170
13208
13239
13304
13430
13491
13576
13619
13710
13776
13905
13959
14047
14165
14257
14344
14344
14406
14457
14527
14568
14662
14698
14757
14793
14854
14901
14953
14983
15060
15073
15126
15154
15214
15240
15283
15351
15389
15463
15519
15593
15693
15796
15851
15871
15904
15981
16020
16119
16279
16338
16418
16457
16484
16572
16676
16725
16800
16809
16834
16943
16975
17070
17110
17112
17179
17200
17266
17392
17526
17580
17615
17637
17692
17778
17814
17920
18002
18049
18140
18228
18256
18311
18407
18449
18488
18559
18590
18630
18665
18740
18788
18885
18937
18970
18971
19102
19117
19177
19249
19325
19375
19445
19510
19642
19697
19748
19840
19920
20027
20088
20165
20231
20359
20418
20477
20532
20601
20702
20827
20986
21069
21150
21278
21338
21358
21438
21550
21621
21713
21719
21848
21898
21953
22041
22126
22212
22268
22313
22349
22396
22497
22632
22703
22827
22875
22904
22991
23040
23111
23226
23289
23344
23357
23415
23469
23593
23649
23676
23753
23804
23869
23883
23992
24051
24150
24232
24350
24390
24432
24542
24609
24635
24674
24755
24804
24975
25055
25081
25227
25273
25395
25465
25497
25537
25588
25656
25716
25825
25850
25898
25958
26052
26144
26186
26262
26300
26351
26381
26454
26508
26605
26664
26712
26772
26784
26808
26982
27014
27105
27132
27209
27264
27306
27376
27420
27467
27555
27586
27606
27701
27783
27875
27901
27963
28001
28139
28217
28281
28412
28528
28576
28613
28635
28716
28843
28888
29003
29069
29081
29112
29128
29221
29315
29339
29405
29435
29469
29562
29598
29613
29659
29686
29778
29865
29931
30037
30189
30199
30213
30254
30316
30388
30427
30499
30582
30644
30737
30822
30839
30925
31004
31131
31170
31214
31244
31303
31316
31386
31436
31476
31512
31580
31638
31748
31778
31809
31839
31941
31993
32061
32163
32284
32343
32380
32448
32526
32602
32614
32748
32850
32963
33046
33198
33278
33431
33503
33646
33718
33821
33888
33991
34058
34146
