1
453379502
453838415
454186764
453451922
453513017
453797297
453718521
453362543
453392560
453537005
453711767
453032605
452484782
452938188
454160904
454305419
453960245
453292606
453527429
453283668
453920843
453531102
453631933
453416110
453964316
454025831
454179067
453821977
453324132
454399383
453782554
453963409
453762451
454242423
453507065
454342110
453750599
454076651
453544194
453951092
454003215
453243652
454067545
454295566
453682084
454270138
454203462
454352363
454188830
454413476
