0
27
27
97
102
151
159
169
193
211
243
308
360
450
456
460
472
531
549
581
657
681
727
770
810
810
865
896
901
925
970
973
986
1029
1045
1124
1130
1145
1153
1167
1245
1255
1277
1344
1373
1390
1437
1472
1535
1567
1608
1651
1717
1768
1796
1846
1869
1937
1985
2019
2037
2062
2158
2235
2307
2371
2437
2494
2502
2535
2562
2635
2692
2709
2762
2811
2822
2830
2890
2958
3001
3012
3025
3047
3082
3116
3215
3290
3324
3343
3348
3405
3415
3465
3539
3565
3573
3575
3599
3662
3737
3737
3759
3784
3808
3832
3874
3930
3976
4006
4065
4114
4133
4180
4219
4231
4252
4280
4321
4405
4470
4487
4530
4590
4664
4686
4723
4730
4759
4803
4803
4873
4910
4935
4935
5009
5053
5086
5114
5159
5159
5187
5188
5253
5273
5327
5369
5409
5409
5417
5466
5544
5549
5607
5643
5672
5680
5714
5738
5756
5803
5810
5829
5832
5901
5970
5995
6012
6039
6096
6138
6195
6273
6326
6403
6405
6407
6450
6505
6547
6585
6630
6641
6651
6656
6697
6768
6781
6788
6812
6813
6889
6902
6902
6906
6933
6968
7015
7050
7119
7199
7251
7252
7252
7306
7353
7368
7378
7435
7480
7551
7588
7610
7629
7694
7745
7811
7815
7836
7839
7865
7906
7909
7930
7946
7981
8000
8061
8074
8075
8092
8122
8177
8217
8272
8314
8397
8415
8435
8479
8498
8524
8583
8638
8698
8772
8851
8944
9000
9046
9150
9186
9245
9283
9315
9403
9442
9485
9509
9562
9613
9641
9680
9734
9752
9785
9861
9883
9903
9946
9975
9986
10015
10097
10128
10223
10242
10282
10326
10400
10436
10512
10537
10573
10605
10607
10648
10677
10725
10730
10749
10828
10858
10894
10912
10925
10961
11021
11116
11130
11184
11235
11280
11283
11309
11341
11409
11474
11488
11489
11528
11604
11652
11664
11733
11771
11772
11790
11796
11824
11842
11874
11889
11897
11938
11956
11996
12020
12065
12105
12148
12246
12266
12292
12319
12338
12363
12371
12427
12466
12499
12566
12588
12595
12596
12596
12616
12647
12676
12689
12743
12753
12822
12878
12931
12944
12970
12995
13041
13080
13141
13232
13292
13296
13296
13317
13381
13417
13457
13524
13525
13525
13531
13577
13592
13643
13660
13673
13678
13740
13752
13754
13800
13817
13866
13903
13940
13977
14019
14060
14060
14060
14104
14167
14182
14243
14340
14411
14492
14542
14577
14628
14700
14729
14789
14815
14866
14904
14933
14979
14994
15039
15095
15172
15213
15279
15300
15303
15303
15338
15422
15490
15525
15611
15694
15722
15734
15760
15807
15845
15904
15924
15977
16031
16100
16134
16179
16194
16224
16251
16276
16307
16380
16444
16457
16478
16519
16556
16612
16674
16680
16682
16722
16759
16841
16864
16901
16930
16939
16984
17012
17058
17137
17236
17238
17262
17286
17361
17434
17513
17529
17575
17610
17658
17696
17753
17773
17781
17805
17828
17911
17940
17944
17960
18045
18095
18139
18177
18238
18250
18337
18371
18422
18463
18512
18578
18584
18584
18616
18670
18689
