1
30527508
30549176
30425145
30524557
30703397
30404731
30682616
30563436
30541436
30435645
30550382
30471835
30354485
30544157
30483888
30502349
30540183
30473124
30452320
30530858
30420982
30375775
30426407
30634599
30542144
30521124
30708436
30559589
30494985
30583468
30580024
30444251
30570705
30573836
30603633
30597486
30549029
30501483
30348030
30494093
30458085
30409373
30425350
30528969
30527437
30519397
30421292
30480319
30390060
30566757
30472876
30521600
30591584
30448732
30538366
30501781
30456362
30665655
30351283
30337997
30492105
30590014
30479299
30458577
30393862
30547714
30351354
30482510
30425602
30499189
30472077
30522375
30645621
30341442
30520124
30509124
30512901
30569871
30554683
30392305
30581162
30571638
30427711
30362709
30442442
30548900
30555104
30491901
30366414
30678038
30570468
30405154
30402105
30519339
30438797
30465118
30468813
30601748
30634322
30513503
30523887
30426103
30533056
30552047
30659062
30482403
30489621
30460895
30449777
30312839
30533188
30552742
30366725
30497414
30592917
30404044
30495280
30479944
30535737
30533653
30635736
30498679
30478834
30478315
30486766
30425827
30533252
30586845
30590591
30524345
30556564
30538020
30559981
30480505
30509805
30438792
30560154
30417503
30597263
30503924
30565783
30510930
30629326
30400132
30570699
30402160
30537437
30505499
30551487
30381993
30562557
30553302
30404869
30578427
30526198
30434911
30486493
30526103
30478781
30474783
30616568
30485700
30429780
30430334
30494513
30510505
30614817
30457437
30596709
30518860
30376056
30431371
30563508
30445120
30364944
30518421
30504933
30472602
30475640
30517927
30450536
30383342
30499193
30634193
30368608
30589800
30522171
30567761
30561278
30487849
30455557
30592715
30505212
30476107
30454756
30426280
30518346
30397098
30528880
30487275
30482250
30400601
30340377
30589322
30520279
30439371
30508351
30370633
30572369
30346257
30573190
30546888
30443849
30527868
30444581
30457189
30495589
30464234
30389708
30637131
30354389
30469479
30488389
30498215
30481788
30574631
30515780
30454497
30454334
30416323
30509546
30360845
30515639
30508999
30428790
30453292
30434223
30533197
30457455
30580400
30525513
30349752
30510935
30485986
30389622
30392307
30458457
30363550
30598260
30530696
30460837
30504045
30490668
30549689
30601858
30467193
30497090
30486923
30580551
30537242
30501682
30445127
30315801
30540405
30426444
30418103
30509985
30488756
30476957
30404871
30412169
30540290
30571037
30567437
30483711
30545240
30438815
30554220
30522766
30482149
30382547
30460524
30513165
30551313
30489609
30436349
30648023
30485371
30444152
30529075
30569708
30502709
30460863
30566999
30516086
30619599
30486170
30371013
30500047
30571395
30522856
30565604
30519672
30655725
30347001
30505918
30571114
30490703
30410604
30453891
30486625
30620136
30584366
30592518
30468098
30513646
30452256
30416000
30554037
30488446
30631570
30497254
30570295
30377827
30482628
30589471
30411911
30404867
30369399
30478593
30539980
30601352
30538032
30357457
30575838
30441561
30561961
30465041
30389682
30490569
30461947
30392198
30430467
30615352
30484930
30460981
30539159
30561770
30577618
30560962
30432326
30443983
30475207
30599745
30423765
30516992
30359004
30399565
30566240
30490447
30525752
30518479
30486870
30601416
30480931
30346859
30490973
30489195
30545558
30424567
30528428
30440508
30477208
30455689
30546742
30572653
30509808
30519637
30387736
30426473
30450416
30471683
30477000
30495877
30428549
30515536
30405255
30449453
30576035
30377607
30479180
30422110
30488528
30457745
30402282
30445954
30446593
30532725
30609206
30511461
30436283
30477867
30400536
30520178
30587471
30610805
30587475
30623256
30513356
30557422
30458593
30432083
30512169
30551054
30386636
30460086
30716283
30431512
30472396
30527905
30540197
30479366
30520178
30456972
30430537
30636050
30439999
30460485
30421458
30498026
30535602
30494831
30463503
30602233
30544366
30579521
30436469
30540031
30437311
30407566
30303208
30475016
30476356
30434219
30533264
30383264
30555602
30536501
30425521
30367839
30547220
30523106
30420104
30484373
30633872
30444202
30302217
30403285
30590766
30465322
30478436
30533957
30505635
30435534
30545803
30467896
30395971
30407263
30562952
30481792
30454900
30586143
30493196
30520016
30484749
30701151
30387266
30533370
30507893
30530268
30414970
30460321
30566123
30365091
30548938
30442677
30412099
30468971
30452663
30401614
30459634
30493910
30489602
30570876
30616966
30261263
30494903
30433890
30519010
30612883
