1
31678159
31723915
31598074
31586181
31654754
31703214
31698156
31759926
31698425
31598095
31662681
31737016
31691681
31575509
31780828
31701445
31763056
31702603
31747111
31677797
31602077
31796573
31711378
31647250
31808627
31727919
31717893
31637825
31712606
31708773
31803416
31696249
31631106
31675747
31697107
31689546
31644624
31601722
31696761
31715375
31688021
31662505
31677805
31662976
31734242
31641634
31705851
31656838
31680357
31691375
31679577
31807667
31575068
31782005
31700417
31625982
31662127
31743023
31695124
31784096
31763150
31774763
31722536
31705590
31642277
31714484
31689861
31624364
31717672
31690081
31663984
31604374
31772405
31655926
31666337
31733527
31689906
31681806
31633888
31687595
31801978
31688671
31726326
31684330
31600489
31667780
31808196
31665306
31697557
31673181
31643667
31671280
31673597
31632330
31596127
31608390
31628071
31655424
31642917
31669829
31743807
31566607
31655425
31787481
31754756
31707183
31706071
31740266
31564195
31699261
31629523
31695231
31689665
31704317
31677244
31803722
31642978
31614513
31621809
31603070
31729548
31596900
31537537
31668154
31685748
31745000
31739374
31634775
31697977
31665361
31787727
31594988
31718155
31673687
31810451
31744740
31764223
31672692
31730312
31646874
31682742
31694696
31694001
31603839
31636698
31764966
31516776
31629784
31708983
31696997
31636434
31674978
31731488
31724361
31730949
31657913
31654139
31599504
31735563
31625962
31681468
31613869
31782564
31738291
31676826
31651534
31692156
31589387
31728249
31746871
31697872
31788386
31640202
31751533
31679094
31734143
31720886
31714930
31681384
31670420
31623384
31692806
31617334
31707489
31599514
31715302
31577534
31633751
31719989
31725572
31654099
31724542
31697662
31661517
31752444
31719150
31732257
31699573
31824821
31820077
31644329
31796235
31692516
31636591
31638690
31617685
31734182
31695099
31691467
31638975
31667503
31693981
31559598
31621847
31733944
31607447
31726431
31757022
31740830
31700470
31648092
31704992
31726762
31686376
31777326
31754906
31639253
31678245
31735313
31735127
31740706
31763094
31830720
31722949
31757255
31712044
31653572
31654554
31734297
31692416
31756528
31660214
31615971
31667471
31681867
31654311
31658616
31648984
31720766
31638948
31754293
31653093
31749594
31690771
31729107
31647990
31597038
31705917
31720199
31692041
31727849
31645904
31715040
31575999
31634312
31670264
31641071
31769633
31736060
31645786
31765625
31779501
31600352
31666224
31660903
31719065
31751137
31736337
31732725
31713554
31703455
31716150
31731326
31672693
31623885
31696616
31766434
31648173
31710502
31712105
31704383
31584981
31745318
31712199
31658836
31701128
31816831
31654329
31718663
31668568
31818831
31655069
31629247
31787222
31704776
31749354
31687401
31688643
31657511
31663250
31714512
31645180
31665538
31699111
31711358
31674711
31689300
31671290
31696842
31686545
31658277
31754066
31613971
31643855
31708503
31716636
31762948
31707771
31694747
31683726
31709880
31734920
31631979
31709182
31683532
31606574
31760012
31671465
31665539
31635314
31625590
31672899
31704748
31675242
31694481
31708014
31670710
31754893
31629334
31698641
31688470
31668670
31621444
31734428
31685487
31708864
31709142
31612849
31756228
31668607
31598110
31641599
31728825
31770429
31590738
31712913
31707862
31671193
31625395
31725366
31638256
31682035
31702616
31783633
31572735
31734843
31672865
31695247
31579809
31593566
31694793
31656083
31750355
31672678
31688700
31621431
31613937
31696563
31675320
31650481
31697701
31688098
31692606
31664925
31752993
31794619
31680910
31714723
31805476
31685347
31688016
31730520
31662886
31748969
31703148
31642663
31683948
31767140
31710520
31670297
31666169
31700908
31695042
31745983
31710656
31726278
31686051
31638004
31758721
31711124
31702057
31677978
31662594
31749150
31651442
31585047
31781537
31728570
31684121
31762707
31757126
31692089
31701877
31611304
31730027
31534590
31671446
31612805
31609875
31748188
31655387
31716736
31681978
31716629
31777889
31755241
31608683
31693890
31741277
31672320
31685389
31717765
31601532
31582603
31709141
31732810
31639954
31630797
31660831
31603676
31646968
31690212
31669584
31622037
31755091
31690063
31742039
31730852
31606932
31635604
31710719
31681023
31664258
31734307
31677569
31566398
31806887
31698933
31628993
31706973
31638657
31726625
31724069
31747331
31766169
31689702
31683585
31705705
31697335
31704210
31590602
31769293
31779150
31807234
31657561
31735087
31680407
31605249
31664628
31722046
