0
60
79
90
140
202
245
268
305
324
395
408
441
457
471
518
607
688
741
793
847
878
895
920
991
1028
1063
1063
1150
1160
1164
1216
1263
1311
1311
1324
1329
1338
1389
1479
1499
1580
1587
1587
1635
1639
1680
1755
1769
1784
1784
1802
1822
1926
1933
1942
1966
1970
1986
2011
2064
2085
2142
2169
2245
2245
2260
2329
2340
2352
2376
2376
2430
2546
2562
2572
2648
2681
2736
2758
2764
2767
2789
2814
2837
2904
2904
2920
2991
3004
3048
3053
3092
3106
3113
3117
3180
3181
3238
3251
3273
3291
3291
3304
3404
3404
3462
3478
3485
3510
3530
3548
3560
3561
3598
3612
3612
3671
3699
3742
3747
3769
3772
3849
3890
3927
4008
4081
4090
4090
4094
4137
4187
4205
4272
4282
4282
4290
4290
4343
4387
4387
4412
4412
4464
4482
4493
4493
4514
4537
4562
4611
4634
4715
4789
4789
4789
4825
4870
4883
4891
4925
4978
5021
5055
5090
5103
5127
5179
5244
5259
5268
5277
5302
5314
5337
5350
5356
5376
5407
5416
5473
5473
5482
5507
5540
5557
5571
5640
5710
5720
5726
5754
5772
5800
5814
5880
5936
5980
6018
6135
6204
6263
6320
6386
6419
6459
6495
6579
6585
6638
6662
6715
6720
6766
6783
6858
6858
6895
6952
6977
6991
7001
7022
7039
7069
7116
7153
7204
7261
7289
7317
7388
7403
7487
7496
7496
7541
7543
7578
7600
7644
7644
7656
7665
7740
7766
7780
7786
7813
7872
7928
7967
7987
8047
8103
8103
8117
8141
8204
8240
8277
8277
8310
8363
8408
8415
8482
8518
8518
8523
8526
8530
8553
8561
8589
8594
8606
8653
8684
8690
8718
8771
8799
8851
8901
8923
8952
8971
8978
8990
9043
9085
9088
9133
9184
9193
9193
9193
9193
9236
9260
9266
9307
9307
9352
9401
9468
9475
9502
9521
9564
9574
9615
9679
9748
9775
9775
9775
9828
9846
9902
9948
9974
9974
9974
9974
10012
10033
10073
10073
10078
10103
10135
10138
10157
10199
10238
10243
10298
10320
10356
10400
10400
10400
10428
10473
10490
10531
10612
10700
10761
10781
10853
10859
10927
10957
11024
11032
11083
11088
11137
11183
11197
11215
11241
11318
11365
11378
11438
11438
11438
11467
11529
11579
11634
11695
11806
11826
11830
11834
11875
11928
11950
11990
12041
12070
12111
12185
12191
12235
12261
12271
12283
12322
12384
12455
12455
12471
12485
12539
12551
12638
12651
12651
12669
12707
12752
12776
12818
12835
12835
12851
12901
12927
13004
13095
13107
13107
13141
13214
13246
13347
13369
13376
13436
13450
13517
13548
13587
13588
13588
13603
13647
13726
13726
13726
13806
13841
13872
13914
13959
13983
14035
14081
14130
14143
14214
14237
14282
14282
14303
14355
14372
14372
14422
14432
14433
14438
14453
14461
14481
14507
14520
14545
14545
14546
14563
14563
14574
14608
14615
14664
14666
14694
14768
14814
14827
14827
14850
14872
14883
14958
15050
15091
15091
15097
15097
15138
15176
15204
15222
15222
15288
15290
15330
15332
15337
15351
15360
15378
