1
391373977
390302561
391248832
390915844
390371735
390887373
390377068
390404140
390220089
390367450
390566873
389708646
390233427
390317075
390465672
389763658
390103282
390394453
390771819
390793097
390500231
390292718
390988300
390888022
390415992
390286139
390564731
390788009
390269183
390234091
390312508
390796767
390565527
390565959
390173506
390003768
390674012
390660317
390865873
390873954
391067338
391519301
391471107
390852869
391363021
391537586
391727613
391753862
391750306
392127077
