1
565063142
564415338
563982058
563426631
563381147
563686956
563720420
563609525
563394399
563157591
563895881
563519219
563064380
562865745
563311209
563035878
563107024
562916242
563113377
563106799
563561757
562945727
563742325
563634249
562993578
563484095
562880390
563207329
562155054
562740141
562880375
563018948
562615283
562861120
561381424
561779514
562201793
561680865
563557504
563213009
562341022
563405407
562745054
563280923
563760062
563694377
563322302
562743200
563411723
562667411
