1
45886210
45929984
45972067
45832078
45771035
45874408
45957906
45817934
46098447
46180951
45694847
45706125
45817870
45705029
45746663
45825852
45893615
45917422
45934688
45977322
45949167
45670358
46000078
45738244
45937126
45941193
45833820
45826948
45840051
45723156
45709905
45772630
45796591
45859539
45955344
45794398
45834154
45968963
45608032
45914130
45893711
45820963
45793096
45819789
45797461
45833516
46078971
45862582
45938622
45918883
45880089
45786525
45981291
45943284
45904986
45825929
45870873
45733951
45924754
45710636
45859143
45899487
45959934
45765483
45996246
45910236
45781077
46040102
45811393
45842039
45853677
45860997
45947072
45834059
45758635
45856652
45747936
45841663
45937827
45968079
45817144
45897896
45775594
45733272
45877129
45772482
45855053
45759572
45774420
45893952
45812712
45961639
46113617
45827131
45848527
46093741
45858353
45808987
45805786
45862186
45665755
45828452
45929213
45924035
45928752
45817970
45631238
45953160
45858216
45951487
45940437
45789803
45861313
45759016
45893186
45787236
45878626
45785757
45663349
45693652
45784489
45997174
45831993
45796364
45779527
45675513
45827168
45964661
46056256
46143659
45745830
46048289
45824775
45870751
45945917
45780882
45748121
45967216
45897725
46003954
45827902
45723129
45923034
45790934
46029964
45764659
45864927
45823009
45750440
46067569
45850619
45957469
45821606
45695950
45938574
45914236
45873718
45925688
45844346
46052549
45970968
45911128
45883998
45847894
46116876
45959598
45825838
45774469
45764624
45931929
45734707
45775697
45965308
45835777
45956815
45880196
45677410
45991080
45891615
46158532
46052178
45811702
45804363
45785042
45934696
45863179
45882009
45915016
45830796
46020299
45912489
45855685
45845105
45908756
46064244
45807632
45878660
45887367
45948475
45746786
46024074
46089551
45812198
45888032
45810385
45891365
45831054
45861318
45714690
45875702
45801830
45899478
46048735
45859885
45775263
45953930
45775116
46023267
45867108
45730489
45954421
45831664
45605684
45827838
45971130
45841795
45870214
45817902
45946915
46013714
45763922
45920380
45828923
45744892
45779967
46073713
45862751
45633817
45845149
45905026
45924739
45816097
45757334
45807734
45921699
45873984
46142490
45709567
45886485
45795165
45867368
45776772
45979817
45791503
46030832
45872427
45892073
45630787
46000726
45938302
45789300
45820656
45951369
45958892
45855589
45732410
45828458
45912366
45827315
45850508
45956311
46014404
45487928
45867982
45924771
45674762
45877595
45821836
45904628
45948060
45947621
45787940
45701193
45721152
45809985
45713489
45879584
45827208
45886310
45873572
45954442
45856128
45931718
46027791
45684547
45843868
45778365
45859370
46005994
45828648
45793233
45752592
45660173
45918914
45803387
45655257
45822383
45888959
45906428
45710963
45904534
45801803
45754969
45961246
45947530
45737748
45910421
45772270
45834094
45791787
46047383
45650645
46003597
45864421
45910561
45887115
45998124
45706341
45886422
45948253
45739401
45961447
45494275
45897407
45914923
45831629
45780224
45758552
45691549
45761200
45712678
45783433
45974886
45724700
45915028
45784805
45983386
45813449
46091455
45838771
45551618
45727006
45953946
46043726
46036198
45717544
45839673
45937916
45948103
45926760
45998270
45747888
45907571
45878692
45910565
45867106
45985115
45821563
45884546
45911731
45986634
45926981
45731465
45920016
45771230
45910043
45727536
45680726
45738853
45980104
45906824
45868090
45850421
45769812
45889166
45749875
45973568
45949815
45784433
45810981
45733850
45838142
46057421
45829159
45705954
45858239
45834558
45769659
45994950
45901113
45849512
45619455
45962381
45797750
45843022
46092216
46017494
45828294
45868508
45923439
45925051
45806972
45656574
45660304
46110034
45913355
45725700
45931845
45938744
45834344
45877200
45991609
45815471
45791748
45918175
45948936
45883423
45859693
45895079
45757244
45719685
46108907
45684518
45593365
45816073
46046967
45674507
45797213
45718607
45670500
45699307
45900574
45910806
45940397
46007286
45865548
45707615
45917911
45858017
45790940
45894093
45694933
45889338
45775820
45968603
45666513
45990047
45702228
45823869
45853644
45808671
45932916
46058036
45878153
45921689
45860366
45693309
46136764
45916123
45664813
45876718
45854864
45762148
45957847
45794447
45647356
45980728
45923135
45838563
46079830
45969046
45733709
45773664
45697217
45970094
45990246
45888968
45951409
45682915
45695671
45756184
45834430
45743825
45829271
45927418
45830232
45882612
45803174
45844119
45871009
