1
45660549
46075293
45996238
45903169
45728460
45917195
45847012
45842960
46002288
45943711
45912238
45928485
45931175
45910972
45911468
46026954
45838618
45780667
46014587
45845601
45759422
46139525
46002687
45874832
45974060
45981030
45693376
46041625
45880930
45767241
45678508
45894335
45792652
46000253
45839381
45725134
45794292
45825592
45965509
46101098
45996852
45939211
45860747
45755845
45771355
45680790
45743290
45691199
45901874
45938173
45932936
46011995
45887191
45798220
45869354
45841449
45755885
45765803
45745241
45727519
45789194
45787848
45857792
45854063
45737252
45843083
45906099
45899157
45864425
45940037
45838128
45871409
45918904
46007369
45902113
45827649
45822260
45854006
46017315
45884130
45653259
45880430
45999933
45869634
45553335
45904557
45991722
45999823
45660532
45864257
45818548
45886233
45829841
45727068
45901388
45901948
45931996
45798338
45702419
45946724
45842091
45810700
45775442
45912475
45913127
46071702
45732431
45643800
45802653
45779990
46079271
45945977
45763248
45801632
45732461
45972100
45873658
45835004
45963692
45778048
45898442
45722663
45846008
45678430
45662553
45986149
45968621
45846056
45897126
45744129
45811902
45873796
45951304
45959122
45641048
45956451
45766129
45905251
45922008
45843743
45971527
45964992
45788185
45791777
45806910
45669360
45944412
45871760
45679439
45718041
45850027
46002548
45850411
45819309
45847301
45622859
45920493
45734843
45993113
45862152
45867885
45852302
45720718
45925219
45820897
45798250
45838411
45927255
45997430
45892843
45911297
45723524
45645359
45760139
45666925
45767407
45779482
45739543
45929909
45791751
45816166
45850169
45896998
45777597
45898874
45946643
45833177
45846226
45954966
45610661
45806346
46019106
45839473
45802025
45711071
45895088
45927562
45714818
45985713
46107416
45669045
46076092
45884841
45943515
45693347
45663045
46051470
45780837
46069540
45741683
45828654
45803402
45691689
45877157
45946979
45824321
45892437
45932644
46017374
45922513
45957522
45857236
45779097
45897780
45761837
45610997
46115590
45899186
45871903
45766518
45953901
45763539
45979468
45871469
45824640
45918457
46038446
45877128
46052722
45729043
45769007
45679434
45823484
45804616
45811434
45830777
45936398
45716835
45980369
46095780
45735278
45970375
46032286
45748674
45894967
46024699
45984801
45740627
45660161
45873321
45801173
45832086
45889402
45890953
45778257
45921246
45722904
45752629
45928957
46009199
45846838
45703895
45723840
45970265
45841475
45909900
45829100
45792612
45881531
45919302
45929588
45515271
45885357
45855014
45692132
45843097
45741154
45918420
45928172
45864151
45973030
45776018
45983906
45777850
45759937
45721629
45905481
45832416
45817297
45985483
45787454
46011532
45638933
45863764
45828868
46106626
46021008
45883347
45937303
45884371
45828910
45849057
45873071
45893191
45882128
45852017
45956752
45842123
45822570
45815282
46063328
46101319
45959348
45908572
45772698
45921769
46059095
45969157
45697679
45856686
45787097
45777696
46149979
45843224
45979872
45757827
45878012
45850085
45932146
45971212
45798861
45865451
45927898
45800712
45782570
45688004
45839512
45923462
45665367
45877339
45800501
45802757
45900442
45770794
45969547
45983136
46043969
45958719
45973657
46116147
45994528
45818580
45976968
45764176
46077632
45881062
45743173
45889926
45826672
45948807
45773220
45958150
45548918
45911819
45929389
45614068
45837955
45803440
45947998
46059239
45710151
45721083
45867634
45864501
45628299
46070753
45892320
45747392
45903213
45948557
45800523
45912102
45971280
46018552
45925331
45687753
45589953
45948844
45902936
45752589
45796428
45931159
45824049
45867198
45959495
45699661
45933643
45804750
46091440
46097476
45758246
45876194
45799172
45553022
45928687
45673503
45794224
45845850
45842454
45764944
45813180
45885946
45848919
45757609
45800411
45850018
45807669
45799524
45773286
45660307
45827045
45960260
45702023
45948219
45854095
45767117
45917298
45899364
45792314
45808777
46091295
45840883
45875798
45926555
45706192
45900917
46091187
45820838
45874177
46108004
45737461
45720461
45926915
45852834
45923020
45853693
45986579
45926875
45775816
45915633
46081643
45641923
45790577
45962184
45888593
45761444
45976234
45984429
45823061
45809372
45575884
45679761
45706041
45797135
45822384
45733291
45915731
45766614
45888476
45553015
45874189
46065745
45792188
45877345
45960865
45914446
45816245
45643938
45787302
45757228
45866720
46047725
45724633
45781548
45645853
45881328
45924529
45790943
45950268
46107323
