0
73
143
156
189
243
323
335
355
358
367
400
400
453
488
506
506
574
612
622
643
681
681
684
684
752
801
805
826
844
844
844
900
948
978
1002
1017
1044
1044
1071
1081
1088
1127
1127
1140
1140
1198
1255
1261
1279
1286
1335
1361
1402
1462
1528
1572
1573
1573
1597
1660
1675
1720
1738
1738
1742
1742
1778
1833
1834
1836
1861
1861
1927
1934
1934
1938
1952
1989
2009
2043
2099
2200
2209
2209
2209
2257
2289
2289
2295
2329
2372
2436
2456
2476
2508
2531
2596
2625
2625
2640
2662
2662
2695
2695
2709
2709
2757
2757
2826
2826
2826
2831
2854
2899
2915
2949
2978
3043
3050
3053
3084
3097
3115
3162
3207
3265
3308
3400
3462
3527
3562
3643
3690
3733
3746
3763
3837
3873
3895
3907
3958
3988
4010
4067
4080
4110
4117
4183
4197
4199
4216
4233
4247
4273
4330
4357
4439
4451
4487
4508
4574
4587
4665
4668
4710
4710
4727
4746
4800
4808
4808
4820
4891
4908
4933
4935
4946
4971
5043
5114
5118
5171
5217
5248
5248
5267
5308
5342
5393
5412
5412
5444
5496
5542
5567
5613
5638
5639
5643
5643
5658
5682
5714
5714
5717
5768
5775
5802
5820
5879
5884
5926
6004
6020
6037
6062
6070
6081
6081
6144
6167
6204
6241
6258
6258
6258
6258
6296
6296
6315
6335
6349
6349
6419
6471
6508
6517
6533
6550
6589
6606
6682
6741
6802
6802
6802
6846
6859
6884
6929
6975
6975
6975
6975
7003
7015
7063
7063
7063
7063
7122
7123
7123
7162
7184
7229
7284
7295
7318
7369
7385
7385
7385
7417
7466
7470
7538
7610
7670
7747
7815
7819
7875
7912
7935
7974
7994
8033
8062
8081
8122
8124
8164
8231
8264
8292
8349
8353
8353
8353
8378
8468
8525
8560
8642
8705
8724
8724
8748
8788
8806
8848
8861
8910
8940
9009
9041
9094
9094
9122
9129
9147
9176
9232
9286
9288
9294
9348
9359
9422
9465
9465
9473
9500
9511
9575
9601
9613
9625
9627
9667
9697
9744
9788
9886
9894
9911
9944
10001
10065
10134
10141
10193
10217
10288
10295
10350
10351
10351
10359
10371
10450
10475
10475
10475
10549
10599
10638
10668
10721
10740
10807
10835
10866
10912
10929
10999
10999
11013
11017
11066
11081
11117
11129
11140
11140
11140
11163
11171
11177
11214
11214
11232
11232
11253
11255
11255
11275
11287
11339
11341
11366
11400
11456
11495
11495
11497
11529
11538
11584
11678
11710
11723
11723
11725
11755
11771
11798
11822
11838
11838
11900
11900
11937
11937
11938
11953
11953
11973
12046
12120
12146
12146
12146
12175
12201
12202
12255
12285
12298
12329
12372
12402
12417
12476
12478
12491
12491
12526
12529
12529
12575
12577
12647
12666
12666
12666
12742
12742
12743
12773
12825
12841
12863
12884
12917
12962
12990
13039
13066
13114
13149
13171
13206
13254
13292
13320
13346
13358
13387
13469
13568
13602
13645
13717
13755
13755
13790
13799
13867
13921
13921
13997
14006
14010
14042
14098
14132
14158
14168
