1
31740299
31684201
31637920
31718443
31689809
31621655
31695249
31767023
31685607
31685373
31635332
31727293
31708709
31648217
31667499
31709894
31619150
31802612
31716058
31661988
31732027
31727573
31654807
31666802
31751518
31636147
31683267
31667435
31629507
31593672
31709099
31652481
31657401
31563289
31584258
31702016
31670337
31701792
31800581
31762722
31701493
31726569
31561865
31613649
31771593
31646629
31813404
31735719
31614527
31772296
31717778
31672021
31756969
31663725
31723052
31669590
31768383
31543954
31694826
31755221
31611653
31720474
31720198
31719483
31710557
31758432
31602750
31607501
31657549
31706540
31656538
31675969
31718528
31689792
31640286
31763185
31743415
31665569
31747626
31741361
31747428
31760648
31753438
31790394
31652303
31702152
31627929
31709249
31716962
31650053
31628966
31695823
31673000
31653426
31667121
31721539
31680167
31686571
31739790
31661783
31670233
31731524
31656366
31599413
31695185
31671510
31611790
31710881
31692343
31630477
31624403
31703184
31646033
31763645
31722981
31689223
31650457
31679100
31724730
31704957
31682848
31610600
31709085
31647145
31601135
31677983
31670837
31652812
31626287
31752300
31655479
31596389
31694135
31661331
31705894
31671712
31657045
31663972
31722597
31711644
31728537
31631877
31672363
31694731
31683856
31712176
31708570
31572810
31667604
31703444
31638018
31629762
31560998
31578346
31694736
31654881
31681127
31765553
31646621
31652289
31623481
31628727
31780395
31696278
31705017
31636732
31769121
31662849
31665293
31694281
31611636
31637660
31700866
31679784
31724915
31712357
31722950
31706754
31751539
31769532
31728969
31764606
31715250
31611157
31758936
31762950
31694697
31590196
31724269
31687947
31651363
31736152
31722159
31763994
31654211
31780323
31784462
31656461
31694737
31763192
31610896
31734602
31656526
31773864
31736388
31783436
31704196
31580648
31648901
31716569
31692245
31633150
31768953
31758645
31664467
31595676
31625155
31754332
31666606
31711965
31769387
31651432
31662443
31688058
31606426
31739471
31749332
31763503
31763116
31724083
31816772
31716985
31786144
31722493
31667979
31756704
31627620
31715826
31784562
31667264
31695567
31764285
31598012
31715496
31660763
31623383
31728960
31683689
31653690
31704236
31732903
31760818
31768769
31658500
31751842
31714733
31595784
31712599
31699760
31620978
31792742
31706547
31754122
31649939
31649415
31607825
31778354
31668654
31760480
31709728
31645064
31663818
31683512
31785537
31569714
31732405
31694749
31728368
31657093
31654470
31640280
31727356
31629034
31769633
31708788
31590421
31807244
31617567
31659357
31726193
31720313
31655901
31838052
31626881
31679064
31628501
31683868
31719721
31620183
31834959
31622686
31790444
31575200
31723430
31723357
31763964
31744941
31730898
31690437
31792122
31680494
31674179
31751979
31761357
31731443
31615010
31748463
31635406
31691193
31798883
31647490
31778994
31699825
31736791
31736489
31691693
31674010
31712751
31779168
31715286
31646555
31717790
31811798
31652732
31708926
31736975
31617186
31682833
31722508
31776605
31729920
31677498
31674214
31724054
31656281
31723873
31670024
31670389
31765941
31735253
31669716
31614465
31755597
31634833
31693603
31706481
31643881
31768534
31659593
31745799
31670183
31670132
31711285
31629273
31797899
31633210
31752895
31654144
31662563
31670865
31698589
31585907
31675946
31625064
31646269
31739586
31647972
31706512
31594333
31708106
31645927
31619451
31620039
31724706
31690384
31587690
31652784
31607464
31730305
31696951
31596858
31612762
31711954
31669161
31615499
31605277
31654136
31677937
31624036
31643707
31738970
31598569
31780672
31770867
31803774
31624047
31616411
31625575
31679807
31701839
31737964
31799388
31672518
31744784
31694326
31752376
31739134
31797636
31579813
31697060
31769384
31613357
31658490
31720546
31711198
31797066
31666430
31622997
31692828
31742391
31664464
31692834
31727123
31641551
31698900
31568528
31606123
31741741
31706635
31753860
31625869
31723479
31610040
31638770
31734565
31670484
31725986
31632404
31648923
31596504
31664209
31616258
31705169
31729245
31674178
31670342
31672780
31669154
31738376
31615026
31676883
31698618
31719985
31683415
31800861
31657180
31690296
31629224
31721830
31740847
31802302
31701595
31764645
31661073
31693225
31609342
31709669
31617352
31825726
31692755
31631278
31813096
31680307
31633524
31659342
31650442
31701983
31666582
31801391
31700225
31718962
31598203
31761674
31753602
31647167
31671686
31623506
31702895
31600257
31685774
