1
32192916
32267169
32399946
32299120
32311795
32368434
32172331
32274970
32216514
32302469
32203281
32283554
32241212
32246588
32242995
32261660
32393374
32230627
32335314
32246529
32302825
32326466
32232270
32214798
32288394
32314820
32166851
32276590
32288264
32331114
32263149
32261641
32198256
32243992
32244224
32306948
32223125
32324911
32200258
32347441
32268517
32257309
32305011
32303748
32230366
32151902
32269115
32196059
32334333
32299400
32277692
32256736
32198092
32274305
32255750
32177111
32288617
32207224
32209499
32181348
32220477
32302033
32221895
32215524
32187000
32329569
32236559
32212144
32102196
32129884
32272784
32242034
32227286
32189187
32241511
32201097
32139810
32297907
32337800
32199832
32192236
32232191
32145354
32224917
32232627
32220478
32303204
32140236
32289566
32260287
32237085
32119441
32274966
32197925
32229253
32219228
32221448
32161744
32151967
32196023
32226911
32236932
32155661
32185247
32203608
32160126
32330922
32248620
32263239
32234523
32202241
32157124
32183835
32234570
32259886
32289580
32180321
32224404
32172591
32199585
32300540
32184137
32184657
32213402
32226368
32230963
32231303
32087154
32141064
32202770
32212389
32229584
32166702
32238005
32241965
32168054
32146826
32160106
32163175
32144948
32232916
32198617
32202937
32182051
32140529
32146761
32257807
32223233
32248813
32202224
32164420
32064405
32211012
32223596
32300482
32226355
32136499
32217819
32239718
32086272
32230708
32151994
32160852
32123190
32143768
32147276
32255897
32124110
32132275
32174528
32140686
32102451
32171720
32134793
32223039
32145481
32106693
32195061
32214755
32191074
32202655
32109763
32134498
32189680
32152838
32041250
32180994
32284610
32149838
32141362
32079261
32188988
32206052
32184583
32157192
32096470
32147467
32257435
32153402
32140857
32155090
32161524
32144705
32244301
32038307
32133473
32087330
32162987
32044415
32206468
32251264
32189506
32148267
32182452
32170410
32122121
32286635
32175295
32221088
32219723
32219173
32127361
32169955
32126136
32131987
32189367
32079544
32214387
32254763
32154345
32209891
32105456
32239942
32159874
32212952
32090728
32089156
32171439
32155820
32181889
32114344
32126176
32131179
32137468
32133030
32134867
32210622
32171893
32151100
32193435
32224817
32046089
32193160
32085548
32160043
32094743
32189688
32165995
32177367
32164041
32136002
32178433
32237639
32157259
32089991
32131631
32127063
32118437
32037156
32155885
32052678
32176050
32081313
32199542
32123621
32180943
32165497
32097485
32048210
32157628
32135291
32049411
32228102
32178365
32250044
32187740
32136139
32087886
32125502
32168931
32089436
32215883
32202992
32319831
32136769
32204824
32166455
32176320
32116011
32214958
31996857
32147272
32103356
32132953
32077298
32140996
32048744
32104713
32071635
32185117
32146942
32216161
32088057
32141237
32156154
32007290
32210715
32212898
32121388
32124717
32164360
32166077
32265053
32081404
32166705
32013045
32112230
32195755
32229220
32160764
32229536
32240852
32162196
32137166
32084465
32157085
32151827
32118068
32214178
32180379
32101258
32101071
32123036
32104015
32058328
32092515
32142571
32129117
32129436
32148795
32162029
32189664
32204939
32134325
32244549
32219611
32203408
32062938
32117316
32165292
32084507
32224799
32166871
32032703
32165119
32202053
32211155
32061526
32077994
32133264
32197404
32144716
32195495
32271319
32151327
32241165
32032917
32136763
32258766
32083334
32166860
32189401
32182469
32180345
32240149
32061161
32149589
32062685
32165123
32083956
32159752
32124918
32154573
32189504
32171819
32129767
32102304
32145480
32157719
32132450
32214376
31970920
32119262
32115740
32115895
32212274
32178687
32166320
32046907
32059876
32217525
32212328
32121133
32122717
32104725
32069577
32149163
32094826
32122051
32108052
32170449
32139276
32127624
32134179
32169012
32057640
32199608
32154832
32191645
32215741
32166431
32104377
32229224
32159543
32195806
32098447
32243663
32065203
32191134
32259761
32138012
32118251
32131740
32162518
32163503
32187399
32213153
32300149
32273068
32148612
32066245
32160479
32164434
32239281
32171890
32236973
32144517
32170096
32137308
32188405
32153867
32192911
32175815
32295593
32117929
32111917
32145917
32205478
32220461
32294488
32269585
32226348
32210509
32092279
32190490
32188123
32218925
32136551
32237168
32166042
32181736
32237227
32152970
32213607
32190849
32283741
32216844
32199197
32284749
32206153
32205197
32158969
32238766
32188680
32077522
32170499
32251741
32150817
32195194
32246899
