0
256
449
619
865
1072
1325
1525
1767
1965
2247
2461
2670
2832
3009
3272
3587
3896
4132
4349
4612
4778
4952
5117
5387
5619
5850
6000
6283
6492
6657
6932
7162
7466
7626
7801
8009
8192
8418
8711
8954
9241
9393
9528
9792
9937
10133
10417
10593
10803
10897
11066
11235
11509
11645
11812
11983
12177
12382
12599
12845
13035
13237
13450
13708
13846
14048
14327
14552
14695
14848
15004
15224
15527
15722
15938
16190
16446
16686
16865
16972
17159
17360
17545
17774
18021
18136
18295
18541
18696
18879
19007
19240
19410
19593
19699
19969
20051
20319
20501
20688
20889
21023
21183
21470
21573
21805
22003
22138
22331
22510
22634
22822
23022
23227
23383
23470
23755
23930
24158
24331
24521
24702
24982
25204
25390
25682
25915
26133
26254
26433
26681
26939
27170
27405
27565
27726
27885
28022
28307
28489
28619
28817
28954
29186
29344
29501
29619
29840
30025
30171
30418
30613
30947
31167
31310
31430
31644
31855
31993
32123
32382
32598
32888
33111
33270
33452
33669
33907
34132
34315
34484
34638
34820
35038
35212
35384
35547
35725
35921
36151
36398
36523
36686
36888
37097
37278
37457
37795
38026
38212
38359
38589
38831
39026
39194
39447
39767
40005
40227
40553
40799
41008
41268
41526
41789
42023
42218
42510
42640
42895
43053
43311
43489
43734
43882
44161
44309
44540
44785
44992
45164
45371
45562
45789
45994
46238
46462
46699
46942
47142
47360
47620
47842
48147
48252
48443
48647
48753
48980
49157
49376
49493
49661
49858
50088
50310
50494
50642
50876
51091
51355
51589
51825
52083
52295
52445
52632
52828
53131
53303
53491
53635
53864
54115
54332
54516
54760
54979
55102
55316
55470
55604
55802
55994
56207
56347
56514
56716
56902
57088
57301
57523
57711
57986
58160
58357
58634
58837
59052
59235
59461
59649
59741
59947
60209
60385
60525
60695
60796
61030
61196
61332
61604
61717
61964
62204
62476
62631
62843
63034
63231
63399
63603
63910
64112
64322
64442
64565
64857
65066
65311
65534
65703
65897
66090
66238
66428
66645
66848
67026
67163
67355
67545
67688
67873
68058
68277
68460
68682
68899
69128
69340
69471
69623
69797
70065
70268
70464
70746
70995
71310
71463
71720
71871
72147
72373
72648
72842
73063
73231
73508
73720
73871
74066
74239
74527
74730
74908
75138
75242
75332
75507
75745
76024
76280
76532
76859
77064
77217
77376
77602
77860
78029
78286
78509
78733
78966
79221
79412
79618
79793
79934
80145
80344
80598
80837
80994
81173
81358
81580
81778
82062
82194
82319
82502
82685
82958
83089
83339
83524
83643
83851
84089
84271
84554
84850
85061
85171
85401
85676
85878
86190
86337
86515
86704
86934
87179
87342
87513
87649
87806
88024
88279
88532
88672
88830
89107
89302
89539
89754
90032
90246
90499
90690
90946
91133
91437
91690
91908
92033
92228
92480
92662
92779
92993
93209
93354
93521
93705
93868
94104
94310
94471
94630
94732
94923
95119
95275
95449
95635
95767
96013
96184
96324
96610
96840
97021
97150
97307
97504
97621
97937
98206
98443
98575
98798
98930
99137
99323
99554
99746
99890
100115
100265
100512
100666
100832
100972
101080
101289
