1
29563204
30130550
29975478
29891542
29774617
30087815
29920024
30023337
29928710
29871470
29909270
29775276
30003864
29750028
30160552
29869701
29978909
29695634
30079684
29970587
29947535
30108433
29762131
29896690
30055601
29659264
30030523
30037267
29863170
29854142
29869179
30164049
30010838
29734434
29815483
29762822
29900949
29564165
29723331
30003148
30089907
29714922
29757591
29782286
29724282
30121681
29549321
29693193
29744300
29901900
29967781
29732722
29849803
29970802
29729151
29904255
29878751
29835922
29845946
30028390
29959801
29785304
29860264
29673730
29919844
29607855
29918184
29580864
29723218
30056737
29465946
29704870
30044771
29972184
29864581
30053947
29896272
29696549
29743223
29982183
29831516
29919110
29663788
29854022
30128015
29789044
30039467
29779824
29912541
29734356
29657820
29960294
29745588
29904508
29848442
29736575
29973424
29958409
29855568
29928828
