0
161
286
437
615
896
1096
1360
1669
1913
2133
2391
2539
2836
3026
3287
3467
3683
3864
4092
4295
4553
4678
4871
5158
5329
5521
5800
5906
5966
6133
6362
6610
6865
7132
7461
7676
7858
8022
8240
8499
8612
8876
9104
9357
9563
9852
10046
10286
10389
10616
10778
11004
11229
11440
11643
11889
12008
12267
12420
12673
12861
12974
13183
13381
13567
13765
14004
14170
14319
14520
14756
14950
15170
15399
15706
15842
16025
16312
16467
16806
17003
17141
17352
17547
17826
18006
18199
18317
18443
18656
18873
19184
19348
19500
19722
19973
20152
20425
20612
20845
21083
21344
21594
21773
22047
22302
22559
22704
22884
23079
23285
23448
23634
23816
23994
24177
24333
24506
24697
24868
25112
25214
25371
25540
25748
25905
26075
26260
26396
26619
26806
26984
27202
27466
27635
27793
27944
28130
28281
28493
28827
29059
29201
29430
29541
29758
29995
30198
30407
30552
30688
30896
31070
31329
31475
31584
31765
31885
32079
32341
32622
32825
32935
33099
33284
33515
33640
33906
34086
34287
34550
34779
34922
35110
35315
35511
35683
35929
36063
36201
36376
36585
36788
36994
37171
37321
37441
37729
37854
38066
38265
38484
38626
38842
39053
39313
39504
39689
39953
40136
40391
40582
40827
41036
41327
41526
41739
41888
42124
42325
42647
42973
43213
43435
43692
43886
44021
44203
44479
44698
44946
45080
45367
45561
45783
46024
46267
46557
46717
46899
47083
47291
47512
47816
48020
48315
48481
48609
48856
49019
49237
49500
49689
49913
50007
50172
50322
50575
50758
50917
51092
51280
51503
51681
51913
52115
52323
52526
52829
52960
53116
53427
53652
53793
53942
54102
54256
54589
54844
55004
55324
55520
55773
55953
56100
56272
56443
56680
56872
57135
57255
57438
57643
57841
58010
58157
58365
58549
58733
58859
59083
59229
59450
59631
59807
60018
60144
60262
60598
60718
60928
61068
61269
61470
61603
61768
61927
62133
62366
62506
62604
62863
63062
63286
63455
63641
63788
64111
64305
64523
64819
65041
65262
65399
65537
65784
66070
66285
66555
66719
66876
66994
67138
67423
67622
67755
67945
68109
68256
68452
68616
68745
68923
69096
69321
69538
69722
70021
70304
70465
70553
70713
70934
71087
71238
71468
71705
71964
72189
72406
72558
72797
73012
73277
73445
73627
73788
73959
74130
74348
74510
74677
74881
75078
75289
75562
75665
75842
76017
76230
76411
76583
76891
77156
77317
77514
77734
77959
78152
78274
78561
78855
79107
79335
79658
79890
80146
80333
80632
80880
81121
81316
81595
81751
82021
82198
82423
82625
82837
83017
83250
83432
83666
83901
84085
84295
84498
84671
84898
85096
85300
85547
85728
86032
86238
86464
86743
86960
87239
87393
87558
87788
87898
88093
88291
88484
88616
88785
88948
89186
89403
89606
89694
89927
90159
90399
90675
90897
91128
91390
91525
91711
91942
92152
92335
92603
92733
92963
93174
93417
93615
93847
94038
94209
94409
94555
94737
94939
95124
95325
95450
95617
95847
96011
96169
96367
96606
96818
97058
97262
97449
97690
97913
98148
98332
98543
98769
98884
99060
99319
99515
99643
99807
99919
100139
100338
100459
100712
100850
101055
