0
98673
197457
296149
394990
493835
592463
691129
790060
888866
987432
1086046
1184861
1283663
1382567
1481495
1580093
1678616
1777327
1876177
1974836
2073505
2172329
2270884
2369766
2468481
2567268
2666136
2764817
2863329
2961893
3060758
3159366
3257769
3356480
3455348
3554070
3652733
3751277
3850130
3948835
4047539
4146373
4245240
4344026
4442779
4541537
4640201
4738788
4837424
4936065
5035069
5134028
5232861
5331674
5430286
5528915
5627771
5726443
5825169
5923710
6022572
6121470
6220168
6318932
6417568
6516495
6615517
6714012
6812719
6911658
7010572
7109162
7207898
7306525
7405215
7504067
7602626
7701306
7799988
7898621
7997232
8096162
8194997
8293738
8392679
8491485
8590001
8688918
8787769
8886570
8985566
9084516
9183169
9282045
9380827
9479338
9578179
9676645
9774935
9873346
9972045
10070868
10169568
10268379
10367006
10465750
10564404
10663205
10762051
10860753
10959726
11058529
11157319
11255930
11354470
11453108
11551989
11650857
11749517
11848256
11946731
12045216
12143752
12242547
12341295
12439993
12538721
12637465
12736340
12835151
12934020
13032814
13131818
13230755
13329726
13428368
13527168
13626055
13724773
13823608
13922313
14021235
14120130
14218820
14317651
14416224
14515052
14613741
14712428
14811346
14910034
15008729
15107465
15206173
15304937
15403764
15502615
15601409
15700121
15798859
15897727
15996510
16095406
16194227
16293019
16391715
16490426
16589117
16688103
16786728
16885371
16983996
17082730
17181546
17280135
17379072
17477928
17576325
17675176
17773720
17872438
17970982
18069818
18168373
18266941
18365659
18464404
18563162
18661681
18760390
18859230
18957996
19056596
19155186
19253986
19352552
19451529
19550189
19648753
19747543
19846212
19945053
20043853
20142452
20241293
20339918
20438729
20537476
20636216
20735040
20833894
20932737
21031468
21130293
21229192
21327820
21426441
21525133
21623664
21722276
21820886
21919651
22018604
22117527
22216362
22314993
22413674
22512435
22611086
22710024
22809051
22907873
23006693
23105417
23204142
23302830
23401532
23499868
23598487
23697568
23796249
23895079
23993683
24092474
24191329
24289952
24388568
24487173
24585965
24684796
24783460
24882345
24981222
25080177
25179153
25277613
25376183
25475046
25573780
25672384
25771222
25869807
25968423
26067104
26165883
26264397
26363192
26461752
26560439
26659465
26758320
26856762
26955594
27054375
27153035
27251943
27350622
27449464
27548348
27647196
27745675
27844541
27943211
28041693
28140449
28238991
28337380
28435839
28534697
28633385
28732163
28831213
28929892
29028365
29127016
29225849
29324465
29423220
29522186
29620857
29719590
29818286
29917110
30015956
30114861
30213493
30312403
30410977
30509648
30608195
30707062
30805621
30904473
31003173
31101916
31200606
31299276
31398072
31496729
31595460
31694488
31793480
31892210
31990965
32089958
32188614
32287424
32386106
32484699
32583261
32682179
32780712
32879529
32978238
33077230
33175558
33274294
33373154
33471838
33570521
33669057
33767528
33866316
33965002
34063867
34162446
34261150
34359759
34458650
34557224
34655963
34754927
34853765
34952642
35051400
35150072
35248872
35347657
35446136
35544869
35643719
35742357
35841022
35939902
36038554
36137131
36235870
36334592
36433431
36531957
36630829
36729359
36828084
36926954
37025736
37124644
37223223
37321823
37420900
37519621
37618254
37716917
37815767
37914477
38013415
38112174
38210691
38309481
38408242
38506883
38605772
38704502
38803503
38902184
39000810
39099556
39198219
39296877
39395602
39494343
39593201
39692166
39790938
39889461
39988234
40086903
40185373
40284002
40382699
40481461
40580442
40679289
40777943
40876568
40975390
41074389
41172813
41271672
41370553
41469333
41568195
41666799
41765535
41864284
41963114
42061619
42160375
42259312
42357996
42456807
42555603
42654234
42752912
42851568
42950487
43049137
43147852
43246428
43344967
43443850
43542731
43641469
43740315
43838819
43937522
44036332
44134828
44233303
44332000
44430656
44529422
44628138
44726948
44825596
44924383
45022957
45121776
45220672
45319579
45418275
45517159
45615894
45714740
45813378
45912025
46010961
46109924
46208733
46307341
46405918
46504653
46603199
46701924
46800578
46899035
46997588
47096362
47194977
47293619
47392493
47491337
47589865
47688507
47787405
47886109
47985020
48083919
48182701
48281426
48380105
48478986
48577455
48676338
48774975
48873855
48972371
49071009
49169667
49268423
49367136
