1
528072811
527258288
526993380
527431986
527109448
527027987
526970171
526390907
526672546
526771408
527183722
527043051
527067219
527646370
527798602
526841272
526360982
526733792
526969137
527050918
527678284
526756234
526580356
527271486
526979482
526758658
526751106
527647375
526710901
527324466
527147127
527573765
527764867
527164658
527762511
527454074
527593014
527523837
527409295
527025492
526679011
527304072
527457588
527592873
527116689
527311687
526589192
526911946
526994582
527766301
