1
35540589
35428492
35577992
35624514
35503375
35543644
35589581
35614636
35407117
35544989
35619415
35588197
35556696
35561452
35663188
35569863
35469287
35481411
35672334
35541801
35543423
35657710
35653064
35491807
35456394
35501528
35435536
35445030
35414866
35656846
35517967
35612116
35558134
35489034
35648862
35653661
35546577
35637307
35577604
35571678
35471047
35604363
35391970
35567324
35501368
35415247
35505111
35588439
35541574
35651142
35463230
35565424
35415614
35532763
35595450
35650844
35477325
35610257
35466794
35498331
35592748
35516025
35626915
35487546
35572284
35653080
35617957
35569645
35589637
35430643
35440120
35457918
35620894
35536509
35467850
35611091
35635471
35500716
35513218
35522127
35480311
35538133
35628091
35563650
35489629
35498043
35613340
35447946
35697377
35583602
35565381
35478934
35609565
35601009
35569600
35576976
35463816
35486284
35467748
35472825
35423879
35538455
35520427
35486400
35412554
35525317
35486031
35673163
35422324
35651504
35470680
35556442
35583576
35513987
35503784
35577536
35485061
35495383
35637211
35546195
35517450
35630957
35642348
35487441
35499900
35435790
35430746
35585797
35609266
35625324
35704766
35584131
35542387
35499753
35588706
35561075
35651280
35493476
35668415
35482036
35514390
35548837
35532012
35483760
35566898
35635655
35656499
35579459
35465685
35545283
35562698
35619903
35631110
35602671
35652793
35488343
35613717
35502676
35480349
35606898
35490649
35613383
35619570
35529841
35558040
35644157
35480061
35566083
35567706
35623405
35538918
35527392
35560184
35434063
35389373
35584227
35451282
35449908
35513203
35541748
35503016
35434916
35577882
35539118
35470308
35615486
35592257
35601236
35534015
35475679
35500193
35429852
35654042
35496047
35520975
35550773
35514279
35643103
35469013
35570128
35522792
35494418
35617586
35594168
35526004
35539806
35622916
35530579
35592285
35389993
35526464
35496882
35476587
35559551
35545067
35497482
35394126
35587919
35446058
35499611
35508902
35546199
35630875
35652678
35647376
35531295
35485852
35524896
35567278
35512055
35617271
35641315
35554687
35495004
35579692
35554873
35689079
35593361
35470287
35577886
35473519
35560361
35523849
35570998
35679056
35503993
35470923
35554898
35624681
35452961
35620254
35418560
35583360
35386420
35545421
35556098
35559009
35603984
35547171
35510287
35507770
35513037
35685002
35521412
35526901
35543402
35513146
35631094
35589089
35580801
35551091
35503324
35540525
35466723
35505095
35553582
35500498
35531544
35500442
35576568
35572823
35491299
35573284
35599097
35503518
35664334
35495889
35467108
35518198
35644433
35581777
35525410
35513762
35509399
35527012
35549522
35594707
35614621
35667021
35500260
35510813
35545337
35426530
35439552
35522475
35530301
35634288
35526600
35455906
35540030
35440231
35516738
35503139
35545136
35608391
35677792
35466123
35702573
35420729
35568746
35649590
35615258
35559438
35512552
35454819
35610305
35576786
35515044
35533328
35561024
35504125
35525645
35618680
35572031
35582946
35517684
35521280
35578159
35467082
35571309
35597485
35458342
35530839
35577408
35612804
35630029
35508323
35443365
35591767
35631498
35482306
35521874
35623920
35648205
35594612
35489188
35491778
35499717
35563286
35380831
35555952
35523429
35638258
35567375
35443684
35632663
35541367
35637744
35571456
35524935
35547638
35486514
35648705
35613310
35635456
35548123
35454520
35652914
35606025
35495643
35598521
35411781
35505390
35556863
35546815
35562401
35567277
35414487
35551708
35508226
35573143
35495134
35523653
35626994
35648148
35540792
35641544
35622820
35559444
35578695
35444417
35526456
35517912
35634643
35400421
35590270
35616629
35498393
35544111
35574137
35446869
35633133
35641027
35492884
35466099
35521035
35592053
35655027
35558902
35601599
35558449
35548794
35651876
35692465
35480735
35366772
35513920
35534464
35460603
35581949
35555136
35526887
35490225
35542921
35528410
35491492
35592100
35607302
35557646
35551282
35576373
35475225
35487872
35576897
35649352
35503775
35507461
35572616
35600209
35499877
35527940
35601472
35474328
35517898
35510299
35457909
35479508
35616573
35668780
35570866
35502755
35538546
35479443
35553242
35536441
35494948
35501449
35503222
35549393
35502592
35455616
35517554
35607945
35393228
35459065
35550322
35519979
35568758
35557130
35449474
35450028
35693723
35518907
35604464
35495520
35546947
35505326
35534054
35453443
35603005
35489984
35530507
35592741
35460426
35509512
35548357
35323553
35423480
35499600
35549706
