0
97
167
255
322
425
517
566
611
682
828
953
1069
1166
1275
1376
1405
1480
1518
1637
1731
1769
1852
1925
1981
2018
2110
2228
2313
2344
2371
2429
2496
2584
2729
2843
2903
2942
2973
3064
3098
3191
3294
3371
3396
3421
3470
3581
3687
3705
3767
3814
3858
3921
3993
4092
4166
4232
4338
4407
4466
4547
4630
4666
4711
4777
4837
4963
5060
5091
5183
5289
5409
5452
5526
5544
5620
5688
5708
5823
5880
5932
5938
6056
6145
6202
6269
6344
6353
6419
6439
6534
6585
6660
6733
6802
6807
6837
6904
7028
7064
7148
7219
7272
7289
7360
7422
7473
7565
7587
7624
7644
7756
7872
7917
7956
8000
8101
8176
8268
8388
8464
8581
8619
8631
8712
8832
8900
8978
9064
9086
9122
9142
9202
9311
9339
9381
9427
9459
9568
9608
9620
9660
9702
9760
9840
9894
10000
10134
10205
10219
10232
10333
10404
10429
10462
10547
10624
10736
10806
10855
10896
10999
11092
11183
11203
11254
11282
11329
11397
11418
11481
11518
11579
11616
11746
11788
11804
11827
11896
11990
12062
12146
12224
12336
12379
12429
12518
12578
12637
12734
12834
12930
13048
13172
13299
13394
13468
13628
13686
13798
13877
13943
14071
14153
14219
14264
14350
14457
14507
14588
14666
14715
14762
14893
14948
15006
15078
15135
15171
15227
15361
15421
15566
15612
15672
15756
15873
15955
16063
16110
16173
16230
16234
16317
16373
16458
16473
16510
16633
16679
16749
16794
16833
16897
17005
17147
17200
17289
17373
17466
17485
17545
17621
17708
17800
17835
17857
17916
18030
18127
18178
18270
18359
18378
18429
18456
18522
18569
18646
18676
18707
18789
18813
18892
18939
19048
19113
19196
19339
19378
19436
19506
19552
19624
19641
19732
19795
19867
19974
20021
20049
20081
20086
20131
20188
20239
20287
20387
20420
20516
20619
20704
20749
20801
20857
20931
21001
21114
21244
21339
21352
21361
21411
21523
21593
21673
21781
21803
21850
21889
21956
22001
22102
22126
22166
22183
22298
22343
22357
22445
22476
22586
22671
22718
22792
22875
22931
22942
22949
23038
23133
23173
23280
23400
23514
23651
23752
23802
23896
24016
24081
24193
24239
24339
24409
24461
24540
24557
24639
24717
24838
24900
25010
25054
25070
25082
25151
25273
25401
25475
25609
25733
25805
25838
25900
25996
26060
26166
26222
26322
26407
26523
26581
26676
26710
26769
26829
26886
26957
27073
27161
27199
27234
27312
27374
27470
27560
27570
27605
27684
27750
27863
27921
27995
28036
28077
28153
28238
28322
28438
28582
28616
28681
28751
28873
28984
29100
29151
29234
29310
29414
29468
29563
29595
29615
29674
29723
29876
29930
29962
30002
30132
30219
30295
30357
30454
30495
30631
30690
30792
30865
30954
31075
31091
31107
31178
31258
31314
31376
31419
31494
31521
31561
31621
31687
31728
31805
31816
31869
31893
31929
31983
32002
32072
32098
32191
32248
32319
32399
32488
32577
32604
32643
32702
32754
32850
33003
33081
33149
33192
33224
33303
33353
33424
33507
33554
33563
33672
33710
33794
33832
33857
33899
33939
33988
34132
34220
34318
34347
34377
