0
53
58
105
121
196
196
235
292
316
329
338
360
377
408
456
493
551
604
634
660
731
746
831
839
839
884
884
919
941
986
986
997
1038
1080
1109
1123
1129
1164
1215
1297
1311
1355
1405
1448
1448
1462
1486
1550
1594
1624
1624
1657
1711
1760
1762
1837
1865
1865
1876
1876
1879
1903
1910
1939
1943
1963
2002
2032
2039
2081
2118
2145
2213
2247
2269
2303
2316
2325
2337
2388
2432
2434
2479
2528
2537
2537
2537
2537
2579
2603
2609
2650
2650
2702
2757
2812
2821
2847
2866
2912
2923
2962
3034
3095
3122
3122
3135
3176
3206
3251
3296
3321
3321
3321
3331
3359
3382
3419
3419
3423
3454
3480
3483
3502
3544
3583
3592
3642
3664
3701
3744
3744
3744
3772
3828
3834
3876
3980
4047
4127
4129
4203
4211
4277
4308
4374
4399
4435
4440
4492
4536
4546
4568
4593
4669
4725
4749
4789
4789
4789
4816
4896
4934
4984
5043
5154
5174
5178
5182
5229
5275
5296
5339
5386
5414
5472
5530
5537
5579
5606
5613
5626
5665
5741
5797
5800
5815
5844
5883
5919
5987
5995
5995
6015
6052
6105
6122
6164
6182
6183
6199
6250
6275
6353
6444
6457
6457
6492
6567
6605
6710
6722
6746
6787
6807
6867
6898
6936
6936
6936
6952
7013
7075
7075
7076
7154
7191
7222
7263
7311
7332
7408
7432
7481
7495
7566
7606
7635
7635
7657
7710
7726
7726
7776
7788
7788
7792
7808
7817
7835
7862
7876
7902
7902
7903
7920
7921
7931
7964
7971
8018
8021
8049
8124
8171
8184
8184
8208
8229
8240
8338
8426
8445
8445
8451
8477
8492
8530
8558
8576
8576
8642
8645
8686
8690
8694
8713
8715
8736
8766
8832
8923
8927
8927
8929
8985
8996
9006
9074
9095
9126
9174
9215
9215
9264
9287
9289
9304
9342
9342
9348
9373
9402
9476
9478
9493
9497
9497
9582
9589
9608
9671
9687
9703
9723
9760
9819
9847
9856
9900
9963
10018
10024
10063
10094
10156
10177
10215
10225
10241
10313
10397
10451
10521
10576
10631
10634
10649
10680
10751
10787
10819
10837
10914
10917
10920
10972
11019
11068
11068
11081
11093
11106
11153
11248
11305
11337
11345
11345
11393
11396
11438
11510
11528
11539
11539
11557
11609
11689
11689
11700
11724
11730
11745
11784
11836
11874
11899
11953
12002
12002
12052
12088
12099
12112
12137
12153
12217
12304
12320
12354
12404
12464
12495
12525
12525
12529
12575
12575
12626
12666
12683
12683
12754
12767
12812
12829
12866
12868
12878
12878
12941
12941
12998
13020
13042
13050
13051
13084
13163
13163
13222
13241
13247
13272
13293
13311
13324
13351
13364
13375
13375
13437
13476
13506
13512
13534
13562
13620
13658
13712
13773
13851
13854
13854
13875
13911
13962
13999
14036
14047
14047
14054
14087
14149
14151
14151
14177
14177
14247
14253
14257
14257
14281
14309
14348
14381
14430
14492
14559
14559
14559
14610
14652
14654
14659
14704
14746
14814
14830
14857
14872
14897
14960
15009
15026
15043
15043
15067
15101
