1
526973597
526580371
528213111
526853437
527813239
527751735
527353101
526469019
526383633
526538043
526952987
526621645
526187083
526196985
527664018
527302957
526890136
526790804
527276428
527188160
527555738
527383776
527161437
527238200
527339796
527599353
527424692
527352966
527191194
527382621
526916157
526763829
526875718
527035291
526841096
527011313
526849917
526858847
526343314
526833165
526874244
526563746
528025616
527789804
526660170
528029725
527456684
527885753
527926977
528040662
