1
25142046
25119132
25086060
25130714
25100149
25048107
25193426
25030468
25025432
24988410
25119400
25121716
25112784
25057346
25047809
25084206
25014572
25138751
25148896
25131625
25055360
25109926
25121348
25111632
25125660
25119187
25161930
25093682
25094155
25047638
25164173
25049299
25092550
25086439
25037446
25136180
25197465
25089124
25182053
25023906
25112845
25133326
25073840
25070066
25078984
25086043
25178870
25188568
25100931
25093116
25207194
25053530
25134695
25129640
25133648
25144062
25090510
25072946
25127609
25064013
25095642
25138827
25028443
25091763
25111627
25141665
25150173
25033950
25009913
25154978
25129294
25098520
25191648
25078053
25166394
25186631
25068855
25154954
25030729
25133149
24982840
25125278
25147907
25131549
25088542
24998380
25164792
25124583
25153461
25158374
25082639
25050318
25104390
25179913
25111379
25238109
25143551
25099225
25170499
25041558
25059731
25113952
25094511
25065465
25092155
25135525
25133449
25086372
25105568
25123564
25144240
25053616
25065793
25124394
25112693
25154771
25068696
25107514
25181971
25102076
25198626
25066470
25095103
25067438
25106175
25053030
25094553
25186432
25073157
25156264
25011989
25104450
25156300
25106207
25068665
25097063
25114510
25096598
25153876
25066292
25071012
25074780
25119257
25114974
25172779
24984952
25066325
25130733
25089007
25070405
25123348
25119390
25107090
25034166
25098161
25124063
25147608
25178461
25152383
25084787
25128617
25157220
25060670
25042229
25119015
25116204
25064494
25101459
25161847
25140814
25123619
25127303
25131800
25051610
25085959
25099571
25092203
25025989
25190875
25103719
25103977
25060429
25092905
25060423
25009008
25101867
25102766
25096926
25090775
25174090
25064741
24984690
25028300
25126445
25050630
25068929
25192240
25024032
25087627
25045232
25076900
25065886
25161791
25127090
25080071
25025196
25152417
25085700
25050740
25008060
25047056
25073171
25124507
25206424
25147021
25072754
25098247
25090502
25056176
25104552
25042866
25083933
25075121
25167893
25123175
25191637
25046558
25127142
25041534
25101430
25088545
25105948
25065291
25153925
25181398
25012298
25160137
25122617
25062402
25129592
25051122
24991622
25121244
25052992
25118038
25016735
25153882
24974783
25103628
25115536
25102676
25221635
25121894
25146972
25101565
25076734
25004285
25177314
25087889
25101754
25091540
25125337
25106275
25068022
25129625
25081322
24962866
25127660
25162020
25080575
25129097
25053541
25144502
25091616
25123711
25058520
25140957
25086695
25098722
25180854
25074820
25053044
25065155
25027655
25063667
25012499
25077070
25089261
25118552
25145697
25090082
25056686
25184044
25189905
25078453
25217796
25109035
25083276
25101591
25049076
25052376
25165154
25116140
25083567
25139190
25105938
25116781
25082896
25062090
25096747
25056466
25068808
25185718
25164590
25054471
25196807
25077705
25065288
25172589
25099848
25139983
25115872
25080038
25208631
25128645
25087347
25112839
25111231
25107069
25052696
25102038
25084082
25105376
25094785
25100139
25062709
25030752
25110153
25099359
25105102
25177046
25069039
25020158
25075232
25077268
25076187
25175513
25014444
24984457
25079690
25105684
25082283
25131164
25104774
25057618
25062994
25064088
25145457
25040942
24994264
25053639
25102634
24985617
25090776
25060937
25147468
25127959
25090169
24990567
25163149
25195763
25098626
25096716
25087362
25179462
25039724
25125452
25038876
25099942
25166632
25157587
25089020
25138525
25096405
25031747
25182989
25121280
25150288
25138313
25079043
25034961
25060937
25078579
25146572
25079020
25120289
25106078
25057010
25057857
25041169
25114585
25075612
25084941
25192894
25089247
25099361
25090506
25114059
25129907
25119890
25129084
25149498
25108187
25051507
25071691
25118437
25144788
25066929
25059397
25156712
25019718
25132993
25121386
25126136
25109238
25081935
25096056
25248304
25130824
25070154
25047802
25103596
25055900
25095406
24954026
25093343
25122239
25156665
25083346
25019862
25121696
25064338
25123600
25104808
25100978
25143439
25066999
25103303
25077180
25041737
25085351
25097339
25036923
25074432
25207920
25163643
24980147
25109803
25157302
25073681
25104513
25098535
25123062
25060554
25134599
25141925
25035565
25034945
25054277
25129270
25087823
25107213
25172828
25042160
25166967
25138792
24989185
24990351
25071925
25140685
25144345
25083378
25072149
25032227
25057538
25125001
25028856
25039474
25094795
25048135
25041874
25039426
25104281
25116129
25177881
25131744
25021760
25168651
25060353
25081376
