0
98880
197770
296555
395393
494042
592465
691352
790010
888417
987043
1085866
1184537
1283348
1381944
1480755
1579476
1678100
1776760
1875829
1974672
2073473
2172202
2271015
2369751
2468461
2567229
2665963
2764972
2863817
2962498
3060965
3159710
3258458
3356917
3455668
3554256
3652682
3751391
3850142
3948579
4047502
4146417
4245004
4343493
4442600
4541181
4640057
4738924
4837806
4936680
5035164
5134068
5232611
5331413
5430118
5528905
5627429
5726087
5824676
5923458
6022163
6121004
6220057
6318847
6417654
6516311
6615361
6714202
6812911
6911572
7010301
7109083
7207943
7306793
7405318
7504046
7602636
7701277
7799842
7898369
7996981
8095842
8194435
8293018
8391739
8490562
8589504
8688070
8786965
8885682
8984136
9083062
9181739
9280648
9379188
9478072
9576862
9675671
9774396
9873293
9971841
10070525
10169393
10267983
10366840
10465777
10564377
10663032
10761632
10860502
10959265
11058111
11157160
11255815
11354297
11453052
11551939
11650633
11749155
11847961
11946374
12045240
12144018
12242776
12341743
12440324
12538766
12637474
12736249
12834836
12933343
13032037
13130731
13229623
13328180
13426702
13525755
13624423
13723029
13821876
13920537
14019390
14118047
14216876
14315478
14414176
14512844
14611436
14710240
14809398
14908258
15006930
15105744
15204297
15303129
15401735
15500436
15598977
15697679
15796736
15895204
15993979
16092763
16191605
16290524
16389208
16487950
16586896
16685752
16784453
16883246
16981779
17080525
17179334
17277921
17376775
17475509
17574080
17672698
17771568
17870301
17968985
18067797
18166583
18265326
18364170
18463083
18561780
18660776
18759858
18858519
18957294
19056212
19154765
19253424
19352027
19450381
19548806
19647513
19746325
19844959
19943800
20042616
20141312
20239962
20338715
20437500
20536441
20635134
20733988
20832709
20931460
21029970
21128720
21227568
21326330
21425018
21523576
21622145
21720706
21819227
21917947
22016751
22115680
22214408
22313009
22411843
22510628
22609423
22708296
22807133
22905963
23005080
23103745
23202513
23301427
23400266
23499039
23597625
23696477
23795295
23893980
23992851
24091454
24190012
24288831
24387388
24486359
24585146
24683787
24782588
24881368
24980018
25078902
25177924
25276795
25375604
25474285
25572977
25671612
25770393
25869422
25968150
26066831
26165569
26264359
26363112
26461936
26560528
26659114
26757797
26856666
26955267
27054060
27153027
27251546
27350316
27448851
27547689
27646402
27744975
27843548
27942166
28040909
28139615
28238422
28336831
28435573
28534335
28633181
28731936
28830411
28929107
29027847
29126667
29225464
29324067
29422912
29521554
29620407
29719257
29817932
29916674
30015269
30114118
30212855
30311643
30410540
30509079
30607903
30706794
30805658
30904426
31003230
31101634
31200403
31298991
31397598
31496105
31594769
31693741
31792600
31891464
31990037
32088857
32187674
32286280
32385150
32484221
32582999
32681847
32780563
32879220
32977910
33076609
33175181
33273648
33372572
33471316
33570083
33668699
33767394
33866168
33964829
34063495
34162156
34260872
34359838
34458330
34557164
34656066
34754893
34853884
34952566
35050923
35149886
35248812
35347376
35446071
35544879
35643423
35742187
35840885
35939443
36038255
36136812
36235461
36334499
36433292
36531926
36630536
36729331
36828085
36927012
37025770
37124426
37223356
37322347
37420849
37519681
37618172
37716790
37815512
37914065
38012396
38110757
38209593
38308366
38407051
38506013
38604814
38703333
38801830
38900538
38999117
39097949
39196794
39295755
39394428
39493078
39591763
39690609
39789595
39888412
39987175
40085909
40184550
40283240
40382024
40480732
40579562
40678326
40777100
40875752
40974493
41073374
41172089
41270885
41369787
41468691
41567562
41666276
41765082
41863703
41962459
42061079
42159704
42258287
42357193
42455771
42554669
42653419
42752356
42850877
42949533
43048544
43147148
43245802
43344342
43442715
43541481
43640240
43739226
43837886
43936549
44035074
44134228
44232845
44331659
44430631
44529351
44628318
44727034
44825855
44924664
45023360
45122111
45220744
45319696
45418438
45516868
45615785
45714455
45813108
45911960
46010640
46109538
46208096
46306980
46405553
46504298
46603194
46702023
46800963
46899503
46998069
47097001
47195787
47294450
47393067
47491782
47590346
47689440
47788180
47886642
47985505
48084222
48182804
48281712
48380278
48479199
48577968
48676702
48775377
48874167
48972839
49071542
49170278
49269158
49368006
