1
390887247
390763844
390796932
390501093
390063042
390021004
390410533
390186132
390212108
390610936
390622953
390493516
390148875
390256862
389934271
390366331
390407374
390243753
390371192
390460450
390546560
390716561
390616801
390799245
390319341
390890419
390587030
390457782
390695335
390293345
390493635
390248429
390433247
390756581
390117907
390510946
390688924
390974435
390563001
390756880
391099877
391532029
391647113
391413894
391202590
391998268
391783122
391629028
391792908
392177759
