0
0
0
9
30
85
91
180
284
334
381
455
455
528
558
606
628
669
688
722
745
794
799
837
910
938
973
1036
1036
1036
1046
1098
1158
1210
1252
1382
1414
1422
1426
1468
1521
1521
1571
1594
1663
1681
1767
1779
1828
1828
1863
1870
1912
1946
1998
2046
2064
2064
2133
2142
2214
2246
2246
2265
2302
2314
2372
2412
2415
2430
2437
2491
2515
2584
2624
2704
2704
2727
2799
2813
2914
2969
2969
3019
3039
3114
3129
3182
3182
3182
3197
3227
3321
3321
3322
3352
3429
3459
3511
3519
3576
3598
3681
3722
3746
3808
3833
3886
3886
3908
3929
3976
3976
4027
4029
4039
4039
4057
4065
4084
4086
4125
4125
4150
4152
4169
4169
4178
4211
4219
4263
4268
4296
4353
4418
4431
4431
4449
4478
4489
4544
4653
4683
4692
4693
4699
4736
4779
4806
4825
4825
4825
4894
4894
4938
4943
4943
4966
4966
4990
5070
5159
5178
5179
5179
5206
5242
5247
5324
5345
5361
5422
5452
5462
5483
5532
5535
5550
5586
5588
5595
5602
5648
5683
5724
5740
5744
5744
5830
5830
5844
5886
5924
5933
5959
5982
6054
6078
6098
6149
6196
6252
6275
6306
6331
6396
6416
6445
6466
6481
6528
6611
6698
6741
6791
6850
6887
6888
6927
6999
7029
7071
7071
7158
7166
7172
7223
7269
7313
7317
7331
7332
7345
7395
7486
7502
7580
7591
7595
7628
7647
7688
7759
7776
7792
7792
7811
7830
7917
7943
7955
7981
7986
8000
8003
8065
8090
8137
8174
8257
8257
8272
8341
8354
8354
8367
8391
8408
8523
8574
8574
8659
8660
8745
8771
8780
8783
8799
8831
8852
8913
8921
8938
8979
9013
9067
9073
9111
9125
9132
9135
9170
9199
9257
9270
9291
9310
9310
9311
9422
9422
9480
9485
9503
9529
9546
9569
9581
9581
9618
9627
9633
9682
9720
9764
9766
9793
9797
9874
9916
9954
10034
10105
10114
10114
10118
10151
10212
10228
10298
10308
10308
10316
10316
10357
10413
10413
10438
10438
10444
10508
10518
10518
10537
10542
10591
10640
10662
10718
10817
10817
10817
10829
10868
10908
10912
10948
10994
11024
11073
11114
11114
11150
11183
11266
11281
11289
11298
11322
11322
11357
11372
11375
11393
11425
11433
11490
11490
11499
11518
11547
11573
11588
11640
11719
11734
11739
11756
11785
11814
11814
11892
11925
11994
12027
12125
12183
12279
12305
12402
12429
12472
12498
12561
12594
12639
12671
12724
12730
12765
12790
12866
12869
12907
12964
12987
13000
13005
13027
13044
13076
13093
13162
13181
13256
13289
13327
13390
13416
13474
13510
13510
13557
13558
13593
13615
13660
13660
13672
13676
13756
13783
13799
13799
13818
13881
13929
13987
14003
14056
14124
14124
14124
14160
14202
14225
14297
14297
14330
14373
14422
14437
14502
14515
14539
14546
14550
14555
14578
14585
14615
14615
14631
14678
14708
14708
14730
14794
14824
14859
14928
14950
14974
14997
15006
15019
15056
15114
15116
15161
15211
15219
15220
15220
15220
15264
15288
15288
15332
15334
15350
