1
30414246
30460846
30399462
30458134
30458560
30430753
30462704
30477210
30507887
30524923
30424173
30539512
30680627
30404080
30662708
30560487
30553093
30425124
30528147
30464695
30366075
30544174
30473654
30461542
30513258
30452684
30472492
30505055
30451394
30388306
30392669
30650713
30520776
30549253
30671577
30580724
30491488
30573291
30584813
30448955
30569305
30576730
30605804
30612785
30544514
30490773
30338794
30506325
30454970
30391615
30411023
30498163
30533538
30506337
30442920
30478557
30427491
30526613
30476527
30527322
30560751
30465453
30539280
30508014
30454444
30693386
30360988
30328522
30497210
30577267
30499134
30456312
30420765
30539446
30352342
30469752
30407705
30501826
30469501
30509138
30618842
30352939
30525559
30495515
30493490
30553974
30553167
30398566
30610090
30594238
30403606
30374956
30444741
30541496
30580875
30498718
30377896
30689568
30574745
30398412
30403550
30507185
30426651
30453094
30460252
30616170
30632523
30512989
30530273
30446626
30558759
30561108
30644576
30504696
30511048
30474514
30461440
30296860
30526965
30544397
30397818
30493154
30588239
30422831
30501468
30464540
30528200
30522754
30644503
30507740
30494389
30481691
30470789
30449518
30530407
30585902
30596671
30532170
30568971
30508627
30555010
30486077
30518965
30429998
30566714
30415708
30616052
30492165
30570055
30534682
30627710
30403022
30556553
30406142
30526200
30494852
30569691
30378835
30554960
30539184
30416640
30566824
30512109
30409746
30488084
30535065
30442329
30479085
30642374
30490604
30436038
30445105
30501543
30516040
30606685
30445139
30626813
30498258
30374341
30433937
30572284
30440410
30388912
30518516
30532698
30475155
30463597
30529990
30439512
30365460
30524510
30619907
30357468
30599574
30523170
30542512
30568137
30493365
30469810
30613901
30486550
30485155
30447945
30452944
30535229
30385630
30536898
30489632
30498375
30412569
30343850
30607942
30495256
30435805
30484678
30400562
30581918
30312091
30572806
30557101
30421287
30520496
30466299
30460784
30494871
30476227
30389460
30616507
30366675
30475495
30512537
30508042
30457937
30562525
30495457
30483246
30453873
30433792
30523160
30371642
30534415
30501694
30421409
30472208
30416342
30541976
30423586
30568995
30545144
30351789
30504502
30483127
30395362
30378801
30457425
30362380
30557328
30506982
30487882
30509568
30502877
30549471
30596444
30464127
30464858
30485461
30596949
30527471
30531919
30444026
30330669
30534959
30410335
30409719
30484795
30506247
30466411
30415988
30400182
30548893
30556166
30597786
30482968
30524636
30445776
30514583
30550942
30469166
30386835
30457878
30503977
30544890
30489396
30432524
30650638
30508242
30439570
30514366
30571943
30485714
30444970
30587664
30486130
30630895
30505726
30394697
30480652
30549616
30550282
30577478
30523339
30660246
30345517
30492177
30586971
30509482
30413349
30478340
30493427
30607706
30589306
30570253
30477494
30536169
30419979
30407312
30555615
30490600
30607823
30538832
30560741
30368142
30501121
30596003
30415300
30421021
30364201
30492192
30515408
30613833
30536533
30328211
30581134
30442206
30543324
30456501
30399876
30469382
30460197
30387608
30420094
30634801
30490476
30457725
30559126
30564620
30602507
30554312
30447739
30456781
30470821
30581510
30407739
30514583
30404721
30366606
30582288
30472112
30537166
30521950
30470245
30612796
30466064
30366003
30496840
30483980
30539639
30425358
30534898
30449010
30466019
30455384
30551985
30563848
30529805
30522552
30364151
30434069
30435412
30460881
30477771
30488520
30408925
30505506
30405170
30448730
30591281
30390709
30497752
30445295
30471072
30475659
30405717
30441912
30426342
30539901
30557503
30524846
30433348
30478684
30396248
30537145
30565859
30618289
30591799
30611446
30538151
30549705
30469317
30443946
30518066
30526703
30409133
30467455
30707675
30480195
30471223
30480437
30588570
30470390
30506737
30487983
30458068
30615838
30455228
30466244
30398051
30514615
30507657
30498036
30459977
30616445
30545480
30559659
30411899
30519405
30464957
30403536
30305901
30468411
30463922
30435954
30533687
30366938
30558515
30514295
30449528
30370449
30534741
30499322
30436597
30474232
30654810
30446448
30306249
30364573
30605055
30463390
30474326
30553473
30509109
30422110
30543860
30481341
30401188
30438660
30545142
30480815
30480572
30565753
30501303
30530394
30480244
30702200
30374046
30515649
30476481
30517558
30422166
30450899
30566189
30374959
30530309
30437762
30396311
30455284
30438220
30396374
30461938
30501588
