1
454327281
454128602
454360372
454110422
453851177
453929262
453634227
453943253
453345380
454150748
453573441
453889157
453550784
453502897
454104887
453452455
454046430
453357789
454082418
453501244
453756909
453612554
453662231
454949350
453646995
453797801
454485729
454294912
453671974
453803762
454167605
454184269
453639665
453238529
453328167
454402426
454196051
454251995
452943192
453586948
453722575
454187132
453963773
454196068
453720597
454405160
454342794
454520122
454333078
453943124
