1
42812130
42785699
42654182
42741794
42773832
42590472
42771021
42791581
42623061
42642645
42681352
42808005
42900810
42736569
42875116
42554015
42548534
42694376
42879932
42632519
42670905
42726856
42732609
42808159
42837718
42690989
42562769
42847630
42886329
42801434
42776569
42644252
42632746
42771929
42698848
42839628
42695462
42548365
42808465
42754228
42530736
42769622
42742239
42639124
42792231
42794673
42717263
42778624
42633166
42557213
42843675
42693048
42621281
42800343
42722795
42447445
42631927
42589621
42708690
42570775
42692885
42770169
42836220
42847823
42568472
42457699
42730593
42521037
42651917
42579977
42680001
42660235
42673441
42763410
42688428
42674388
42768676
42642048
42671928
42709332
42703137
42796942
42697208
42534366
42646340
42627238
42705520
42607107
42673002
42779166
42834225
42622034
42542193
42588525
42613141
42599530
42666969
42760815
42563393
42776739
42590880
42742139
42612082
42692868
42716346
42762192
42632104
42746670
42861744
42759023
42746255
42780337
42582501
42761358
42606067
42439613
42657556
42719542
42701051
42642013
42606549
42478497
42619400
42735836
42608792
42859732
42552960
42716050
42755568
42829371
42477736
42872052
42563426
42490332
42475605
42888814
42960884
42858684
42602741
42623019
42655711
42760668
42756417
42765871
42656970
42755249
42711318
42636013
42804067
42697410
42670157
42700683
42785893
42780415
42753835
42568068
42595697
42655495
42669459
42593280
42631431
42666315
42779739
42757281
42536588
42665875
42694627
42862473
42682927
42829859
42775999
42722357
42647412
42727189
42706720
42938026
42571140
42542182
42631485
42773833
42517587
42855146
42650054
42713318
42606411
42728323
42735365
42800196
42803154
42755738
42634398
42677718
42854395
42642430
42510971
42674038
42636579
42938106
42616443
42487069
42744838
42698695
42730683
42624515
42703187
42684972
42626693
42776392
42731768
42745335
42574885
42605262
42555171
42599374
42853310
42492717
42426244
42675049
42747505
42547010
42793682
42500661
42496346
42602616
42691885
42759519
42647122
42711013
42652765
42589332
42633211
42708181
42593389
42695447
42647935
42617915
42626326
42644418
42590668
42669200
42605549
42671994
42617771
42745053
42846830
42692326
42729974
42616463
42563284
42703113
42979599
42517920
42628005
42557267
42725206
42602420
42674357
42645663
42495427
42717830
42728296
42623199
42976456
42820736
42687006
42477063
42670911
42951436
42841658
42724972
42575553
42583666
42690470
42618992
42621452
42564561
42710187
42772576
42545997
42625723
42865059
42531107
42648493
42567164
42818455
42643999
42565960
42621282
42565297
42580534
42680751
42552347
42629762
42764339
42496526
42822332
42712177
42540591
42638777
42584599
42754945
42734695
42703731
42748122
42597126
42666978
42612773
42587083
42428450
42568479
42676267
42793918
42721732
42427822
42765854
42662286
42709545
42692416
42696335
42741356
42664221
42804226
42658958
42697200
42583694
42744841
42672273
42847897
42843799
42875668
42362319
42774769
42631640
42589917
42625163
42621837
42942682
42686831
42720434
42927390
42633375
42587738
42703010
42667159
42707029
42702873
42724646
42530005
42656890
42562383
42508228
42569545
42634694
42711044
42814260
42724639
42655174
42611031
42561429
42767963
42640001
42546914
42684975
42713707
42587988
42780158
42711109
42649694
42846629
42831092
42618489
42933212
42691386
42693979
42660932
42559652
42678592
42670828
42792701
42493540
42666856
42756113
42817214
42615897
42831363
42704054
42793803
42569312
42692412
42575602
42812870
42546663
42793791
42751901
42469031
42733304
42524411
42730800
42800829
42769000
42678573
42566227
42723947
42619602
42592189
42729540
42654755
42573529
42739043
42694975
42686552
42726943
42900257
42648606
42748317
42742497
42611989
42657851
42735253
42702702
42550614
42616613
42796491
42823149
42586312
42552649
42667210
42812194
42685609
42886605
42696743
42770445
42642422
42567918
42763696
42726272
42628718
42662074
42507453
42642443
42658955
42852721
42744178
42520999
42658563
42626861
42771037
42822077
42826747
42914945
42679804
42825439
42736257
42643458
42640887
42733567
42654760
42895338
42765350
42693419
42853729
42612055
42679675
42679645
42800990
42746706
42817460
42538924
42749699
42736043
42791874
42814582
42630478
42553954
42815946
42705228
42815826
42697977
42742477
43065427
42763788
42600379
42805906
42693212
42820241
42793917
42759255
42515182
42872651
42654413
42651819
42732140
42917059
42740829
42840746
42535836
42727747
42903782
42740468
42926264
