1
333830462
667929920
1001742161
1335610285
1669332710
2003212984
-1958377946
-1624964417
-1291615469
-958477623
-625385952
-292300314
40776900
373631350
706366341
1039293140
1372130512
1705027091
2037938986
-1924129859
-1591214242
-1258485179
-925537800
-592434975
-259596871
73494641
406387062
739157401
1071459644
1404487549
1737274415
2069873178
-1892451134
-1559978274
-1227482596
-895129653
-562652320
-229730690
102615624
435641711
768420164
1101529810
1434030370
1767175929
2100234349
-1861427146
-1528468196
-1195277870
-862187887
-528913903
