0
14
33
75
109
237
283
307
345
443
516
584
628
708
734
842
888
970
1024
1100
1183
1201
1223
1270
1327
1375
1421
1459
1517
1548
1578
1629
1672
1708
1766
1774
1819
1834
1859
1900
1923
1976
2000
2071
2116
2169
2231
2303
2371
2394
2427
2477
2522
2598
2713
2778
2830
2856
2892
2962
2996
3061
3122
3164
3171
3254
3286
3346
3374
3397
3435
3476
3513
3622
3687
3770
3789
3813
3860
3926
3954
4017
4082
4142
4191
4268
4315
4339
4427
4462
4498
4514
4570
4594
4622
4685
4721
4797
4849
4889
4889
4944
4996
5015
5056
5153
5194
5257
5302
5359
5422
5470
5546
5611
5664
5732
5800
5840
5913
5992
6046
6083
6111
6166
6293
6392
6485
6543
6642
6693
6710
6767
6794
6901
6979
6999
7069
7131
7160
7204
7274
7369
7441
7461
7491
7531
7593
7674
7762
7872
7899
7932
7947
8015
8049
8123
8208
8253
8288
8297
8335
8462
8513
8526
8566
8614
8651
8683
8764
8817
8874
8927
9002
9059
9100
9164
9228
9278
9310
9372
9407
9501
9594
9616
9676
9756
9862
9904
9943
9974
10016
10070
10088
10174
10212
10260
10268
10359
10445
10466
10522
10573
10589
10635
10646
10729
10806
10842
10892
10938
10955
10987
11076
11137
11197
11241
11319
11357
11357
11433
11462
11496
11566
11582
11610
11647
11722
11798
11836
11880
11901
11980
12035
12112
12197
12284
12347
12377
12393
12448
12557
12590
12662
12715
12736
12763
12781
12844
12910
12955
12984
13024
13043
13132
13158
13171
13201
13235
13298
13353
13400
13485
13617
13635
13645
13645
13720
13774
13796
13845
13901
13947
14038
14088
14110
14170
14224
14311
14372
14388
14436
14482
14494
14554
14570
14612
14641
14701
14722
14816
14844
14856
14878
14929
15013
15054
15128
15214
15269
15318
15346
15425
15475
15506
15597
15660
15762
15829
15946
16019
16116
16178
16274
16354
16415
16458
16513
16604
16667
16731
16773
16833
16907
16945
17045
17076
17133
17186
17264
17308
17343
17391
17435
17480
17527
17616
17669
17786
17833
17875
17946
18036
18084
18163
18204
18270
18291
18332
18383
18452
18474
18501
18519
18618
18657
18719
18746
18777
18829
18940
19034
19078
19133
19213
19267
19282
19336
19425
19465
19534
19562
19579
19637
19727
19799
19856
19914
19975
19993
20036
20074
20111
20151
20209
20232
20261
20337
20363
20394
20440
20527
20576
20653
20747
20796
20840
20895
20936
20974
20998
21093
21132
21193
21265
21307
21336
21362
21368
21427
21447
21485
21551
21604
21620
21714
21791
21840
21882
21919
21962
22019
22086
22181
22264
22342
22351
22351
22418
22484
22529
22609
22664
22690
22722
22754
22804
22860
22938
22964
22982
22998
23095
23121
23134
23203
23221
23299
23380
23414
23465
23534
23568
23577
23594
23651
23728
23757
23850
23949
24015
24133
24225
24234
24337
24401
24471
24529
24565
24641
24699
24735
24800
24803
24878
24956
25020
25083
25162
25188
25198
25223
25273
25397
25477
25534
25661
25741
25796
25812
25886
25957
25985
26066
26107
26193
26259
26336
26382
26466
26486
26541
