1
564882601
564741718
564310181
563453124
563208517
563364818
563784091
563793204
563341885
563776029
563776500
563880811
562601684
561903958
563114635
563103693
563391455
562950919
562770576
562497226
563374029
563057583
562259641
562838102
563583208
562555732
563023186
562530977
563457413
563454929
562442539
563660157
563120486
563339487
562763735
563419017
562731788
561906945
562932653
562652103
563380448
562853342
562936544
561950631
562024878
562594841
562605388
562395548
564154276
563320781
