0
71
141
226
314
403
497
580
675
811
919
1009
1123
1196
1296
1374
1449
1553
1668
1740
1855
1930
1993
2113
2180
2222
2277
2331
2404
2464
2585
2720
2782
2844
2940
3040
3132
3194
3279
3434
3525
3637
3711
3790
3922
3997
4065
4142
4249
4335
4481
4631
4717
4788
4917
4964
5051
5189
5268
5362
5436
5551
5629
5678
5761
5828
5900
5993
6102
6228
6348
6491
6542
6642
6750
6831
6905
7046
7167
7245
7337
7493
7533
7617
7766
7880
7977
8077
8207
8292
8365
8464
8521
8640
8726
8826
8975
9056
9165
9255
9354
9490
9573
9694
9789
9880
9996
10120
10167
10265
10375
10492
10614
10705
10845
10944
11066
11203
11281
11353
11476
11560
11702
11809
11874
11990
12132
12244
12352
12463
12567
12712
12800
12887
12991
13069
13152
13235
13373
13525
13652
13800
13948
14086
14173
14251
14327
14413
14536
14643
14695
14780
14858
14944
15057
15143
15249
15325
15415
15551
15700
15817
15947
15986
16074
16156
16241
16322
16384
16448
16537
16646
16700
16809
16894
17016
17139
17234
17328
17449
17563
17665
17761
17857
17937
18069
18135
18223
18289
18370
18454
18530
18701
18813
18892
18963
19043
19153
19266
19343
19481
19555
19635
19723
19839
19930
19986
20056
20140
20204
20266
20364
20473
20544
20613
20696
20757
20833
20938
21028
21077
21176
21299
21404
21496
21617
21690
21796
21894
21992
22070
22171
22319
22397
22445
22561
22682
22776
22910
23010
23054
23162
23287
23358
23467
23591
23642
23716
23770
23890
23961
24004
24081
24134
24222
24329
24432
24576
24706
24837
24897
24971
25090
25166
25257
25391
25490
25577
25695
25813
25903
25990
26147
26267
26369
26489
26576
26653
26712
26828
26909
27000
27131
27226
27353
27445
27512
27584
27678
27820
27961
28044
28153
28247
28330
28458
28513
28605
28731
28830
28912
29043
29204
29315
29432
29555
29623
29710
29813
29900
30048
30152
30235
30341
30483
30607
30671
30773
30874
30988
31093
31147
31299
31400
31448
31523
31679
31777
31894
31995
32078
32165
32280
32366
32425
32545
32650
32732
32833
32902
33030
33122
33241
33324
33421
33528
33651
33740
33866
33948
34070
34148
34237
34334
34442
34525
34626
34704
34792
34895
34949
35038
35117
35216
35337
35425
35529
35614
35718
35839
35917
35993
36088
36175
36250
36316
36371
36473
36559
36641
36788
36903
36986
37086
37212
37314
37393
37457
37548
37643
37734
37798
37903
38019
38080
38138
38239
38307
38397
38515
38638
38716
38789
38883
38964
39072
39207
39317
39378
39487
39644
39714
39786
39862
39946
40078
40168
40271
40366
40468
40603
40655
40741
40852
40943
41048
41164
41277
41321
41436
41569
41638
41735
41876
41975
42044
42133
42281
42353
42425
42486
42595
42729
42846
42928
43030
43162
43289
43331
43389
43481
43583
43675
43777
43869
43949
44066
44144
44213
44329
44457
44611
44734
44844
44916
45032
45143
45208
45298
45390
45483
45603
45667
45760
45834
45923
46035
46144
46253
46331
46475
46589
46703
46816
46911
47046
47148
47299
47414
47537
47689
47803
47901
47975
48061
48149
48237
48345
48443
48495
48580
