1
25111429
25058006
25082826
25093897
25119439
25060057
25016700
25065481
25150308
25058945
25041513
25066347
25085726
25076285
25064879
25010390
25063936
25131901
25195421
25044050
25070478
25170938
25047696
25111459
25052628
25060822
25033952
25096467
25136238
25035719
25048723
25139821
25104122
25117326
25095512
25116083
25048478
25099585
25182605
25105556
25134898
25097044
25148161
25077193
25084780
25125010
24991190
25043187
25080527
25147858
25165299
25016185
25036643
25102871
25176835
25092121
25023229
25168975
25148291
25074528
25031637
25116651
25108851
25042308
25086750
25111625
25060350
25080593
25046969
25048107
25172779
25111930
25060267
25021901
25172000
25210379
25114962
25073235
25127933
25154853
25096181
25195610
25148767
25109267
25108146
25048449
25152142
25096241
25166210
25171180
25125265
25070054
25139079
25082984
25139090
25170505
25087349
25100761
25133247
25098263
25050483
25073968
25035176
25059753
25108780
25056592
25068000
25122272
24999171
25159430
25135799
25072927
25171072
25139788
25070980
25055367
25097980
25030276
25116542
25124310
25034523
25128857
25172933
25217812
25073163
25106760
25066990
25121892
25090818
25122048
25113068
25077067
25079344
25116101
25080381
25052010
25094155
25028789
25056999
25123365
25076707
25170019
25190417
25131046
25184229
25057605
25077715
25198224
25116106
25041587
25041013
25096132
25188985
25117241
25093296
25094907
25105800
25029042
25104820
25131853
25127761
25197991
25105270
25144358
25097857
25052378
25055622
25113971
25142484
25098227
25081871
25029652
25146988
25115751
25018042
25041329
25122043
25074454
25172168
25152675
25042225
25124025
25215849
25108158
25167033
25136080
25026840
25093344
25172194
25129931
25150574
25149255
25076481
25126493
25083079
25131485
25067927
25028885
25056545
25100124
25091933
25177628
25100886
25044443
25175944
25116560
25141867
25081914
25181134
25122342
25099618
25056161
25079076
25067763
25092296
25157675
25071252
25080686
25064256
25075901
25094559
25047025
25078197
25138907
25131051
25128277
25188969
25077658
25094262
25109753
25082008
25147613
25135071
25099065
25086021
25005861
25153494
25139642
25107441
25138791
25124959
25178522
25125188
25088445
25098916
25013298
25149413
25087666
24998267
25088077
25150575
25065730
25182894
25078275
25135762
25149263
25088245
25177562
25016048
25156119
25072247
25111181
25067944
25048535
25034574
25072060
25038394
25089955
25131771
25175657
25153878
25134971
25121006
25030551
25106326
25005847
25103797
25072174
24991632
25095401
25114520
25152320
25079894
25118781
25013765
25117303
25127023
25086418
25062698
25074690
25158719
25076182
25047633
25165909
25047562
25032253
25163874
25097299
25098270
25096962
25104328
25140233
25111566
25114112
25135764
25041308
25178215
25137766
25046679
25130822
25106617
25053788
25131716
25080069
25017560
25032292
25077385
25079965
25106903
25155489
25066366
25100434
25089958
25123398
25035272
25024130
25070110
25111061
25056320
25185307
25096340
25029312
25094473
25155896
25125925
25090781
25126472
25023608
25105409
25164304
25162186
25110001
25070373
25159008
25083471
25115258
25190264
25086715
25084112
25202484
25122596
25058854
25204341
25093101
25115594
24995369
25075070
25098939
25038040
25127462
25227149
25074599
25168600
25113882
25125913
25064003
25152866
25115242
25009616
25103902
25113690
25044186
24999917
25175710
25102594
25038810
25028433
25082331
25156665
25139447
25119918
25057211
25111729
25037712
25070251
25145676
25074706
25173364
25132102
25121453
25159826
25055013
25150370
25139431
25118137
25099280
25126275
25115836
25135334
25121763
25035725
25031495
25119423
25060436
25063333
25161330
25116685
25161291
25128446
25049625
25116133
25196980
25116805
25114296
25053853
25121098
25119926
25091772
25071746
25015433
25129527
25069194
25097092
25215077
25058639
25106209
25038513
25120684
25071067
25080421
25217829
25120994
25113001
25074921
25117286
25079876
25008936
25169985
25144369
25010454
25121784
25003551
25070703
25029123
24974712
25085349
25129597
25193213
25037269
25098072
25190940
25182210
25133825
25190669
25050680
25163749
25044736
25054183
25109478
25116886
25132778
25052059
25090923
25122175
25089956
25107647
25096634
25075015
25087894
25078650
25102438
25213619
24982740
25112956
25143699
25143250
25103031
25091799
25105217
25156539
25023233
25079812
25183828
25101040
25102590
25107279
25047228
25030743
25108082
25203463
25032252
25060647
25108430
25202195
25147114
25054970
25143752
25096495
25105411
25088571
