1
42653882
42629836
42809970
42705677
42756388
42750864
42719676
42720499
42609797
42769391
42584800
42821927
42736402
42448649
42872249
42873765
42906308
42805491
42708852
42844842
42729833
42675367
42723027
42709782
42697949
42689653
42949872
42681079
42801555
42706280
42845814
42673580
42791268
42605142
42872489
42962522
42705850
42786747
42823724
42712721
42581884
42700440
42705485
42624752
42646004
42625972
42778718
42575048
42718701
42644595
42611341
42649810
42946942
42785987
42728957
42828966
42662452
42476356
42591014
42634639
42555079
42636059
42739685
42783390
42937805
42727476
42800031
42671576
42612683
42573947
42700198
42689256
42734991
42525701
42739236
42639972
42636971
42597416
42571950
42766556
42670889
42828118
42824152
42595965
42813246
42666418
42938651
42812859
42665021
42681127
42671182
42515288
42896739
42617232
42488198
42779742
42736935
42722609
42446551
42661586
42856994
42771527
42509159
42677668
42646597
42709132
42529197
42776021
42692799
42668568
42696688
42574616
42599711
43019497
42574010
42620890
42652042
42691756
42794216
42768349
42368867
42526657
42779850
42582092
42724027
42691138
42717778
42576703
42740181
42849486
42707690
42850263
42729404
42607796
42642326
42716351
42638675
42547681
42704867
42580409
42623508
42708917
42624034
42578952
42777216
42652147
42914790
42731811
42752179
42789187
42599659
42775815
42811398
42721876
42604584
42791210
42566855
42589745
42638116
42540275
42766649
42550598
42500800
42882787
42694978
42633458
42716152
42638528
42692493
42644653
42575471
42704890
42755649
42607519
42663037
42604000
42654842
42628759
42830641
42579523
42696680
42722458
42803946
42607944
42725648
42533967
42621288
42533304
42576966
42557992
42504762
42650308
42798587
42632242
42648309
42823895
42636379
42780069
42555313
42818273
42616820
42689946
42598755
42656124
42668917
42724724
42647762
42524830
42610156
42784756
42591567
42722959
42740882
42743735
42737541
42779830
42804105
42544396
42455248
42699933
42766862
42681486
42634271
42583594
42551093
42407115
42732149
42702618
42677117
42704731
42774705
42607500
42835946
42710336
42667004
42690705
42721360
42601232
42571150
42644193
42692179
42746032
42659904
42665927
42679400
42608875
42710785
42689199
42344008
42945505
42635515
42800171
42694318
42514001
42602762
42593391
42762053
42622132
42645576
42700008
42685542
42536526
42856654
42612194
42839444
42699199
42641462
42569921
42792663
42927096
42653723
42440823
42693062
42794070
42466408
42614237
42755843
42671348
42501369
42553216
42653187
42772315
42625579
42727491
42600890
42534836
42656800
42711293
42589149
42876399
42638176
42558334
42670014
42881681
42620220
42446032
42710160
42463605
42609484
42578790
42773425
42616488
42600705
42831608
42679649
42589128
42614905
42673932
42542138
42608154
42737184
42624199
42696317
42761134
42629387
42582609
42639560
42514523
42680952
42863149
42761603
42770857
42810060
42666763
42506095
42866033
42685830
42684525
42778149
42695623
42738969
42587139
42715936
42636660
42985568
42795921
42816863
42562760
42774495
42856911
42748643
42611229
42636000
42761325
42641112
42825592
42700736
42814938
42750388
42641996
42640393
42815387
42578017
42795391
42581900
42763665
42713867
42788184
42633370
42518979
42605745
42688631
42584156
42850138
42448635
42740871
42715650
42755068
42832042
42880777
42889637
42577727
42919625
42695541
42788614
42736351
42716409
42755656
42897337
42635589
42699840
42547242
42766627
42653680
42722053
42635824
42462505
42819175
42619293
42528417
42795876
42714452
42873338
42726575
42492120
42727807
42572050
42421656
42686123
42733576
42826808
42526841
42624803
42711957
42817337
42813408
42778978
42680913
42673735
42622074
42611620
42818350
42547485
42691516
42623043
42749943
42617423
42851567
42607937
42859920
42598266
42800655
42868682
42745156
42628627
42699733
42600419
42522334
42759255
42662725
42674137
42620651
42665869
42530938
42835326
42590341
42696652
42626063
42560667
42628724
42512845
42610540
42633729
42666874
42713100
42751191
42692785
42658586
42741062
42544221
42742153
42816381
42653198
42762582
42603254
42656729
42815353
42624260
42478445
43055502
42695072
42733136
42850850
42761788
42625237
42765871
42653758
42668921
42799022
42597249
42939877
42772810
42665404
42891318
42706945
42554559
42919268
42703213
42635783
42768206
42837755
42646833
42799411
42544104
42464318
42561084
42504325
42666359
42562946
42794906
42610146
42681371
42585443
42679395
42727665
42886672
42623967
42798933
42949604
42647275
