1
31645394
31713161
31732299
31660772
31653639
31675181
31799139
31664243
31612425
31661726
31657540
31702427
31715309
31576940
31707340
31668007
31657763
31692351
31712536
31678962
31763430
31770519
31699338
31772416
31774515
31588936
31682702
31610794
31706116
31665376
31647814
31760371
31601475
31699346
31698215
31705408
31722801
31602121
31743100
31772521
31680208
31735402
31648910
31658282
31725806
31636611
31576873
31625180
31765934
31643618
31694027
31697408
31742649
31654309
31710368
31748189
31702217
31760809
31697314
31730981
31634712
31760163
31734123
31647040
31709453
31725278
31680043
31664417
31700677
31689089
31583444
31698959
31581744
31602438
31731529
31657219
31652264
31783978
31701898
31729215
31754335
31620800
31761321
31646076
31721736
31715285
31642465
31693762
31752953
31629492
31739827
31610016
31861637
31659091
31679305
31644653
31697055
31709595
31740773
31698379
31736198
31680738
31714314
31784028
31823559
31724287
31654277
31687181
31614847
31670785
31655796
31798835
31624639
31709263
31646745
31703557
31663752
31746849
31718440
31654860
31651343
31703599
31658706
31666582
31811727
31698563
31762581
31732859
31713917
31611182
31698711
31603827
31678469
31714521
31640817
31595926
31650859
31734633
31725542
31747630
31676194
31655350
31589205
31647028
31796495
31589533
31709870
31630577
31775101
31572852
31636900
31687695
31654495
31671809
31759656
31752980
31690675
31725434
31645553
31655443
31652064
31702012
31632567
31754499
31565883
31739918
31646881
31686998
31749520
31612296
31605025
31646705
31752499
31712443
31765795
31724994
31703523
31640906
31710266
31716502
31720865
31714339
31708224
31672983
31735475
31751175
31760811
31650895
31702397
31722908
31708290
31671055
31663308
31659787
31644769
31669811
31692485
31715588
31590933
31801916
31678738
31672619
31676247
31730271
31702866
31736325
31659305
31650115
31684234
31588802
31706657
31690138
31685375
31727467
31765701
31647992
31706898
31701837
31705912
31631673
31689673
31628700
31576247
31697086
31711579
31636992
31691607
31699602
31754250
31718608
31592887
31710849
31680510
31678223
31795209
31657130
31703285
31723202
31699760
31650276
31718453
31751837
31697972
31595070
31648298
31665792
31588642
31623639
31673793
31784794
31614322
31598183
31745570
31613190
31666018
31694925
31718388
31668913
31677500
31762208
31627595
31739737
31665926
31622499
31627070
31663265
31646784
31692227
31700651
31769947
31648770
31726336
31672483
31735196
31670304
31712460
31670240
31633284
31635435
31655617
31772891
31746451
31658122
31677654
31680030
31659975
31618193
31739944
31629048
31755529
31621308
31693218
31649129
31707506
31775362
31622265
31626665
31708072
31721901
31796570
31601402
31695460
31696406
31694608
31684361
31768800
31685832
31687452
31736247
31669018
31645632
31590879
31715716
31656014
31745171
31769809
31648825
31720792
31674378
31649628
31599259
31617038
31716762
31634371
31708249
31678671
31645725
31740872
31704216
31669897
31731007
31696136
31693386
31712236
31641485
31666326
31545933
31639259
31663400
31648800
31645870
31704684
31686145
31701357
31632895
31668398
31708242
31635216
31708401
31677707
31718000
31761919
31722327
31688034
31673950
31711348
31688284
31607352
31660822
31773935
31653824
31694200
31757578
31630865
31698893
31698438
31616333
31597700
31616590
31749650
31789060
31713780
31737092
31667396
31640957
31650732
31723824
31802527
31670716
31734684
31672258
31698017
31645735
31610717
31705214
31656319
31653210
31694613
31732726
31762003
31663708
31663266
31587981
31723967
31681545
31706527
31671001
31599010
31667961
31655901
31674765
31778531
31755945
31707742
31656225
31590376
31781342
31545820
31671294
31622662
31738711
31703324
31769706
31649656
31651797
31726054
31821304
31746588
31654350
31746280
31695950
31662931
31755110
31609908
31717063
31672737
31677499
31673128
31688488
31865623
31756560
31653069
31678900
31803888
31772176
31685021
31569061
31773582
31597383
31768327
31658645
31697590
31702776
31700786
31646065
31657578
31690131
31707927
31696350
31687020
31634442
31801160
31697640
31694127
31632411
31687037
31676083
31664497
31629471
31676435
31745726
31765895
31716716
31689011
31609397
31642645
31706408
31668265
31712420
31641203
31606416
31753829
31617434
31737468
31706476
31664950
31724124
31671250
31645784
31646376
31724316
31764337
31760392
31713001
31709447
31765941
31723720
31556342
31716541
31711962
31639714
31816260
31614473
31698700
31649545
31661748
31683252
31749689
31799866
31694884
