1
28257708
28312864
28234533
28280042
28439297
28376858
28447299
28355933
28414731
28372715
28354435
28324563
28349461
28272803
28364082
28386535
28388457
28334403
28426430
28372024
28373645
28287622
28312253
28380856
28366358
28373867
28407709
28363637
28354403
28350845
28342413
28312589
28399594
28402671
28426288
28361595
28343605
28367055
28331720
28365846
28349217
28398517
28364972
28404270
28376734
28333297
28332569
28295039
28426445
28365550
28277815
28432521
28332114
28255398
28350713
28275238
28338571
28406625
28330069
28276767
28308929
28412571
28318071
28366696
28326451
28375959
28362735
28324769
28357210
28407087
28353394
28306869
28419946
28275607
28340747
28330356
28319181
28345855
28323959
28350901
28327553
28388136
28296744
28316086
28383336
28409556
28348938
28311056
28281119
28341433
28380015
28350609
28261169
28356903
28318807
28355089
28361654
28361214
28395129
28339562
28276029
28350499
28390524
28320906
28396604
28284256
28349518
28428018
28414497
28355801
28243125
28346954
28387708
28264773
28342373
28326468
28312124
28351774
28328855
28250007
28342269
28380741
28314599
28320635
28353200
28281276
28373078
28371064
28315806
28349180
28356880
28297106
28306129
28345199
28293155
28349776
28378353
28294104
28329732
28252118
28275045
28248038
28285709
28151319
28256253
28189857
28274611
28254474
28278678
28182272
28282703
28224778
28282530
28293311
28314308
28192879
28198595
28217818
28291689
28286927
28255108
28233829
28244442
28234145
28228606
28320494
28278159
28237355
28225752
28287384
28189385
28198525
28208730
28225086
28191559
28247519
28209091
28206316
28235667
28207292
28216832
28264028
28252419
28303576
28168195
28301400
28196525
28158491
28213816
28195554
28279001
28261110
28226170
28238793
28231483
28204910
28256688
28181712
28221970
28211497
28221159
28170504
28220984
28256043
28327193
28275082
28282906
28220556
28301806
28168497
28218880
28372839
28311833
28313206
28281884
28314220
28316935
28304023
28232376
28302463
28229199
28345419
28353170
28305281
28244419
28283612
28280676
28323068
28345577
28334973
28357366
28328836
28386598
28301842
28328115
28228970
28325523
28289661
28276121
28305764
28266659
28307099
28397308
28291846
28350081
28299791
28291786
28326632
28369511
28386830
28386063
28408401
28334487
28307247
28394480
28390727
28306155
28270153
28322770
28307573
28307278
28306171
28312258
28372705
28333623
28326442
28275191
28340600
28337100
28319041
28354700
28318529
28339114
28332986
28349549
28315103
28365480
28383700
28329720
28323525
28344907
28363846
28291155
28323432
28291144
28387128
28319790
28230227
28224984
28286879
28265498
28234062
28204892
28316386
28277229
28333018
28256631
28308841
28224500
28267179
28212276
28325842
28265411
28308834
28256787
28231373
28207530
28201426
28244621
28247810
28280138
28280556
28280765
28304438
28254695
28224969
28250305
28277497
28268457
28266097
28296267
28206885
28323426
28226000
28242393
28334476
28206968
28271137
28207767
28287668
28254483
28275147
28277543
28234751
28248194
28191054
28280662
28272825
28242026
28267218
28305214
28224898
28191639
28249679
28203556
28232602
28290936
28279983
28270258
28391759
28231718
28236186
28286117
28328278
28284584
28245662
28249281
28269364
28315189
28306260
28183467
28255612
28212651
28212502
28203504
28283123
28274263
28286626
28346344
28196136
28280688
28319763
28250763
28268636
28227049
28298827
28231104
28260591
28250792
28234767
28267991
28232903
28277608
28381487
28211250
28283080
28210592
28252281
28299949
28286500
28240093
28319893
28354414
28258790
28234097
28258958
28248332
28315482
28294660
28269292
28280291
28280458
28208508
28254899
28317105
28350592
28328783
28318425
28309694
28320104
28326072
28223372
28271818
28257348
28169354
28258182
28310742
28237962
28196252
28267672
28318382
28279143
28276803
28278698
28324894
28303237
28242185
28284270
28319444
28367150
28284346
28205620
28311988
28295770
28307443
28296630
28243029
28343290
28246933
28230171
28215705
28286911
28290547
28262311
28316399
28306973
28256371
28272915
28276191
28249377
28325880
28295750
28316106
28237089
28399563
28281411
28227678
28240677
28268599
28362994
28264799
28267666
28255475
28249423
28245470
28232758
28276785
28295692
28283915
28215215
28262870
28306921
28340959
28336065
28301001
28317761
28271530
28229428
28309400
28312537
28307586
28322721
28345704
28214381
28345236
28343058
28271626
28344220
28211434
28312108
28269127
28344880
28322541
28267231
28372679
28262229
28347160
28356318
28271166
28365359
