1
28281213
28291653
28236368
28351836
28322373
28251996
28291545
28266931
28310040
28278567
28357668
28309507
28253200
28254592
28352356
28318462
28394101
28388727
28307399
28365566
28297585
28387204
28329796
28348776
28305175
28331430
28252153
28321845
28344847
28238066
28250460
28303583
28259770
28233643
28314180
28352061
28280094
28262637
28188878
28210175
28315084
28261739
28291377
28244710
28272224
28288123
28290445
28321663
28259178
28310362
28241878
28273958
28337451
28363277
28275114
28231295
28264949
28326274
28312346
28345055
28315372
28211217
28276112
28319236
28323600
28195004
28277105
28240767
28294086
28174297
28350449
28215700
28282756
28212960
28299424
28232698
28289340
28343115
28307052
28267261
28363272
28275414
28320184
28292392
28264296
28258080
28268980
28330582
28288857
28320469
28228485
28272004
28365170
28247415
28334052
28324881
28266467
28369722
28205414
28291498
28335572
28203131
28266438
28268780
28257863
28265745
28259900
28263435
28226965
28302348
28257858
28235285
28320625
28289424
28269727
28213159
28264172
28217743
28247778
28237968
28302721
28221770
28292919
28238175
28299255
28273410
28239469
28251354
28261218
28266827
28322318
28267723
28176185
28138384
28236974
28243370
28237013
28268671
28326710
28367642
28359244
28381277
28324219
28336651
28323587
28315821
28344697
28344854
28340487
28304793
28380468
28341322
28320418
28304801
28387380
28372685
28301930
28384411
28403417
28262233
28333789
28302763
28218850
28382515
28296183
28227112
28325262
28253886
28286727
28274173
28308615
28326488
28291480
28405739
28331808
28336217
28246530
28320314
28290334
28326607
28289178
28232505
28279566
28293249
28330409
28217423
28292666
28241110
28376030
28257309
28248794
28325841
28248750
28302684
28422279
28338657
28292709
28309658
28289600
28374477
28381774
28296485
28259268
28277016
28346711
28329968
28350396
28255032
28313197
28276997
28308698
28321795
28304550
28319693
28306560
28313182
28307717
28348991
28272728
28372882
28263236
28346980
28297336
28269526
28281255
28312186
28280867
28333823
28353567
28305313
28334647
28353735
28280109
28281136
28262982
28286523
28285737
28352463
28309408
28230147
28289066
28285013
28290054
28331834
28387014
28244747
28283085
28363155
28309522
28317305
28356589
28319194
28375492
28326528
28351747
28319458
28309484
28240255
28328345
28289113
28409948
28329086
28278041
28341900
28322721
28326485
28350211
28304217
28295612
28351170
28318784
28344745
28395121
28354922
28259409
28317077
28268387
28332957
28396099
28401528
28279129
28264372
28349539
28311041
28318501
28315449
28308593
28303235
28282403
28257269
28266060
28413932
28382193
28237093
28371262
28385816
28393043
28323595
28357811
28296119
28330254
28312964
28320232
28356041
28328553
28336235
28319590
28320012
28355191
28350847
28357147
28272793
28363313
28363618
28340004
28321715
28289558
28334665
28398572
28307547
28276913
28437770
28348387
28419783
28236225
28348677
28303459
28353983
28376427
28306494
28349760
28372716
28294000
28281540
28337066
28352955
28326307
28268658
28314599
28344461
28324019
28296089
28350080
28304938
28351787
28373865
28287924
28308728
28417082
28333584
28368088
28392034
28344848
28312495
28284348
28357291
28348310
28385608
28273403
28308702
28310745
28278611
28318908
28285265
28367399
28342443
28390545
28340721
28378649
28391544
28265125
28305865
28456625
28307291
28345600
28343844
28258881
28332236
28355757
28316991
28382728
28354754
28381562
28347840
28273923
28335886
28357941
28395278
28301439
28357815
28415894
28369276
28332065
28377214
28393986
28220436
28336655
28262459
28424844
28342513
28279170
28324532
28301109
28343244
28343736
28389228
28372503
28375231
28366654
28367994
28429270
28347766
28329101
28321876
28366506
28338439
28392328
28391792
28394401
28390795
28345304
28368538
28355136
28531630
28318525
28274324
28435738
28287838
28408108
28300219
28235218
28329522
28396287
28299408
28355341
28385719
28361346
28345182
28378724
28388414
28283994
28302857
28393042
28402046
28344252
28288997
28323412
28324620
28352694
28281035
28333949
28306331
28351771
28415592
28329051
28289644
28354621
28312924
28353949
28361384
28212747
28347575
28406311
28371418
28387148
28330447
28428691
28385729
28427330
28423538
28399669
28345798
28352459
28412938
28311076
28396598
28360207
28348781
28377710
28308815
28329929
28326494
28311491
28378644
28426423
28400126
28360565
28340979
28338992
28396739
28339372
28378547
28294867
28347395
28385139
28337465
28435710
28237535
28371677
28353813
