1
527449996
526216255
526892352
526453403
526640154
526735091
527314943
526441981
525998474
527079855
526561806
526161588
526450567
527240630
527405167
527355550
527007263
527520810
527621258
527067697
527016457
526937123
526643216
526593504
526629638
526277523
526046920
526209431
526890836
527011203
527384365
526648666
526238892
526621724
526417556
527054788
526335341
528058195
527119091
527019779
527281759
526900243
527363471
526860888
527604292
527242415
526547436
526569146
527221514
526989236
