1
527777981
526753777
527475058
527328415
527182408
526938297
527147393
526514390
526212014
526227409
526655044
526328274
526730208
526288215
525567367
526324937
526187426
526323253
525526676
527356032
526408404
526140947
526555590
526516684
526901480
526645231
527154414
526896626
525960450
525658602
526358224
526338171
527068216
526903285
527547956
527415244
527626909
526780932
526214399
526503931
526890281
526929883
526882659
526389760
526372343
527698188
527535517
526884642
527164603
528334417
