1
19612656
19511468
19591918
19482820
19526664
19545490
19606249
19477314
19619874
19568030
19707801
19550454
19555227
19574666
19542646
19513854
19650891
19498245
19579715
19561274
19568280
19588996
19421368
19698854
19639813
19542396
19540214
19529736
19646123
19595835
19469184
19523131
19679863
19575468
19688336
19537272
19433600
19532155
19480982
19487754
19467783
19535690
19587396
19551340
19503833
19438356
19548611
19663470
19604005
19521924
19580463
19587319
19500434
19599482
19421332
19473170
19537466
19561633
19550862
19561690
19504863
19455083
19627776
19513066
19445248
19441497
19570041
19622498
19539719
19512786
19601213
19506755
19562564
19531391
19451602
19589905
19541671
19543853
19521792
19518821
19431584
19593902
19661951
19587315
19459596
19515993
19619384
19492536
19502527
19483085
19575182
19633628
19533466
19489952
19478595
19635400
19710914
19632097
19519043
19544225
