0
92698
185331
277978
371107
464404
557390
650040
742729
835560
929086
1021810
1114908
1207714
1300083
1392783
1485900
1578227
1670624
1763601
1856304
1949139
2042179
2135506
2227866
2321195
2413717
2506330
2599025
2692027
2784585
2877283
2969884
3062347
3155579
3248117
3340515
3433355
3526323
3618790
3711814
3804328
3896918
3989839
4083034
4175787
4268926
4361932
4454324
4547215
4639703
4732421
4825076
4918357
5011035
5103949
5196964
5289398
5382469
5474968
5567762
5660801
5753690
5846418
5938954
6031662
6124651
6217781
6310367
6403521
6496251
6588982
6681760
6774695
6867888
6960878
7053712
7146350
7239152
7332463
7425102
7517865
7610806
7704100
7797490
7890156
7983218
8076011
8168556
8261686
8353992
8446947
8540045
8632984
8725908
8818828
8911235
9003684
9096210
9189066
9281603
9374772
9467501
9560165
9653169
9745768
9838914
9932195
10024701
10117766
10210360
10304020
10396411
10488520
10581084
10673615
10765975
10858859
10951889
11044644
11137592
11230177
11323221
11415785
11507771
11600084
11693360
11786200
11878851
11972186
12065167
12157946
12250999
12343550
12436610
12529470
12621928
12715276
12807342
12900025
12993138
13086235
13179072
13271539
13364489
13457792
13550510
13643076
13735813
13829112
13921769
14014302
14107330
14200118
14292858
14385181
14477807
14570226
14662681
14755926
14848960
14942049
15035390
15128171
15220787
15313165
15405952
15499167
15591726
15684233
15776832
15869520
15962513
16055860
16149007
16241905
16334903
16427735
16520362
16612990
16705654
16798875
16891647
16984905
17078091
17170976
17263704
17356425
17449280
17542336
17634877
17727617
17820711
17913436
18006404
18099209
18192163
18284982
18378218
18470642
18563812
18656627
18749804
18842364
18935297
19028545
19121959
19214439
19307144
19399937
19492987
19586307
19678824
19771480
19863781
19956936
20049564
20142009
20234177
20327016
20420019
20512960
20605702
20698404
20791379
20883819
20976530
21069751
21162680
21255145
21347550
21440143
21532883
21625611
21717751
21810462
21903629
21996002
22088956
22182117
22275159
22367753
22459869
22552326
22645657
22738305
22831048
22924241
23017152
23109753
23202675
23295491
23387967
23480676
23573760
23666886
23760293
23853842
23946926
24039887
24132198
24224887
24317772
24410593
24503208
24596163
24689071
24782623
24875398
24967896
25060819
25153123
25245634
25338642
25431223
25524073
25616658
25709260
25802574
25895830
25987982
26080329
26173105
26265826
26358609
26451713
26544507
26637846
26730251
26822715
26914608
27007601
27099845
27192949
27285913
27378725
27471849
27564819
27658232
27750851
27843274
27935490
28028110
28120805
28213623
28306635
28399777
28492281
28585166
28678100
28770626
28863342
28956250
29049586
29142704
29234859
29327640
29420571
29512792
29605928
29698788
29791539
29884563
29978047
30070861
30163727
30256775
30350461
30442904
30535757
30628666
30721482
30814119
30906992
31000264
31092872
31185582
31278092
31371118
31464500
31557013
31649757
31742446
31835458
31928104
32020642
32113852
32206380
32298840
32391830
32484344
32577383
32670546
32763559
32855914
32948185
33041047
33134035
33226811
33319366
33411999
33504735
33597113
33689864
33782573
33875316
33968279
34060975
34154256
34246623
34339570
34432312
34525482
34618319
34711005
34803761
34896557
34989080
35082373
35175566
35268274
35361201
35453817
35546775
35639906
35733057
35825974
35918792
36011318
36104531
36197272
36289652
36382230
36474706
36567639
36660836
36753312
36845786
36938200
37030958
37124256
37217214
37309620
37402600
37495739
37588805
37681417
37774109
37866392
37959155
38052009
38144833
38238193
38330838
38424090
38516949
38609624
38702607
38795084
38888050
38981156
39074080
39166469
39259708
39352688
39444965
39537997
39630968
39723807
39816354
39908976
40001852
40094121
40187082
40280279
40372857
40465704
40558423
40651180
40743676
40836396
40928585
41021411
41113791
41206753
41299782
41392408
41485268
41578085
41671191
41764218
41857541
41950493
42043234
42136125
42228341
42320528
42413274
42506004
42598739
42691291
42783995
42876652
42969595
43062253
43155208
43248294
43341069
43433494
43525895
43618081
43710477
43803501
43896242
43989727
44082750
44176021
44268895
44361726
44454401
44547161
44640236
44733375
44826252
44918411
45010983
45103750
45196369
45289070
45381697
45474435
45567458
45660415
45752969
45845791
45938859
46031439
46124629
46217272
46310680
46403639
