0
51
105
244
355
393
437
508
590
652
714
812
948
1042
1126
1302
1399
1481
1622
1708
1803
1896
1953
2092
2126
2221
2276
2369
2432
2523
2569
2699
2711
2795
2889
2963
3009
3070
3134
3200
3258
3358
3434
3547
3647
3702
3779
3897
3960
4095
4125
4156
4244
4266
4343
4397
4478
4495
4531
4606
4690
4751
4820
4853
4929
5016
5134
5208
5293
5394
5480
5510
5566
5627
5749
5823
5872
5885
5955
6064
6149
6191
6312
6384
6402
6467
6492
6525
6586
6636
6709
6744
6798
6850
6916
6959
7040
7136
7204
7330
7384
7444
7536
7577
7641
7677
7767
7833
7856
7948
8039
8081
8111
8125
8127
8212
8278
8305
8406
8443
8536
8644
8742
8782
8837
8895
8973
9033
9109
9251
9332
9394
9403
9424
9533
9596
9701
9784
9839
9877
9917
9962
10015
10112
10162
10195
10224
10290
10357
10395
10447
10515
10603
10660
10739
10810
10884
10955
10969
10985
11051
11154
11192
11270
11431
11535
11676
11717
11837
11880
11994
12081
12201
12275
12350
12392
12483
12570
12595
12663
12714
12840
12946
13009
13101
13119
13125
13194
13321
13411
13505
13603
13782
13843
13886
13926
14018
14104
14162
14266
14343
14420
14517
14608
14676
14750
14807
14839
14903
14978
15105
15192
15230
15270
15324
15408
15478
15592
15609
15626
15683
15769
15886
15917
16016
16067
16091
16155
16257
16320
16458
16591
16649
16675
16772
16909
16984
17139
17175
17225
17317
17400
17492
17552
17614
17644
17671
17736
17853
17961
17985
18022
18150
18222
18297
18356
18460
18517
18635
18676
18784
18841
18982
19064
19120
19126
19201
19288
19344
19361
19447
19501
19540
19586
19643
19682
19744
19804
19836
19888
19890
19934
19979
20017
20052
20116
20149
20266
20297
20355
20489
20570
20626
20641
20699
20757
20785
20962
21085
21171
21194
21244
21298
21359
21443
21515
21566
21586
21695
21734
21818
21842
21877
21920
21943
22005
22079
22200
22322
22357
22397
22417
22514
22570
22615
22700
22772
22841
22943
23019
23027
23130
23194
23219
23268
23344
23372
23398
23474
23519
23636
23674
23715
23740
23746
23880
23915
23961
24074
24138
24187
24256
24332
24436
24497
24551
24616
24724
24833
24884
24969
25049
25152
25226
25308
25354
25424
25557
25684
25795
25914
26007
26103
26132
26192
26256
26383
26448
26511
26536
26668
26713
26753
26844
26940
27048
27060
27113
27170
27218
27314
27453
27584
27647
27688
27712
27810
27845
27926
28044
28103
28146
28171
28222
28328
28438
28455
28493
28552
28604
28668
28740
28842
28916
28971
29080
29162
29193
29291
29380
29418
29462
29528
29592
29699
29811
29847
29941
30043
30153
30210
30283
30301
30339
30441
30466
30567
30640
30685
30699
30816
30873
30961
31024
31101
31112
31176
31185
31294
31313
31420
31488
31542
31568
31601
31663
31784
31802
31893
31967
32009
32052
32121
32166
32230
32312
32349
32390
32410
32521
32607
32677
32701
32764
32841
32943
33026
33094
33199
33328
33372
33397
33463
33555
33656
33734
33799
33855
33865
33911
33971
34081
34110
34130
34200
34233
34343
34381
34396
34409
34479
