0
0
0
71
71
71
77
131
145
186
193
229
237
294
302
321
356
360
404
404
410
417
449
449
478
478
478
478
479
479
479
479
495
495
499
499
499
499
499
507
507
526
526
537
565
619
619
619
619
638
638
665
734
757
757
757
757
771
790
801
801
801
801
842
842
863
863
863
863
863
868
919
974
976
976
976
983
996
996
1040
1044
1044
1064
1086
1094
1095
1134
1134
1134
1147
1151
1151
1151
1180
1186
1227
1227
1227
1227
1279
1279
1279
1288
1320
1331
1331
1336
1378
1388
1401
1428
1451
1493
1509
1513
1541
1568
1579
1585
1594
1594
1617
1679
1752
1769
1788
1846
1879
1879
1897
1940
1960
1996
1996
2049
2053
2053
2077
2116
2131
2142
2142
2142
2142
2177
2250
2265
2320
2320
2320
2331
2343
2360
2411
2422
2437
2437
2437
2437
2501
2523
2523
2534
2534
2534
2534
2571
2578
2595
2608
2671
2676
2676
2722
2724
2724
2724
2731
2732
2811
2853
2853
2904
2904
2961
2964
2969
2969
2969
2982
2983
3033
3041
3043
3051
3088
3112
3112
3128
3133
3133
3133
3146
3170
3203
3203
3213
3217
3217
3217
3294
3294
3324
3324
3326
3332
3332
3346
3346
3346
3366
3366
3366
3391
3420
3449
3449
3457
3457
3490
3505
3524
3582
3643
3643
3643
3643
3656
3705
3706
3748
3748
3748
3748
3748
3770
3809
3809
3815
3815
3815
3857
3857
3857
3859
3859
3883
3912
3921
3952
4031
4031
4031
4031
4057
4072
4072
4082
4121
4140
4179
4198
4198
4212
4235
4305
4306
4306
4306
4313
4313
4325
4325
4325
4325
4352
4352
4391
4391
4391
4391
4397
4414
4414
4442
4478
4486
4486
4486
4498
4521
4521
4567
4581
4634
4651
4724
4774
4847
4853
4918
4924
4953
4959
5003
5028
5049
5062
5089
5089
5103
5106
5153
5153
5169
5199
5212
5212
5212
5219
5219
5247
5247
5299
5303
5362
5364
5388
5421
5434
5464
5486
5486
5509
5509
5523
5533
5571
5571
5575
5575
5625
5632
5632
5632
5632
5657
5703
5748
5748
5782
5837
5837
5837
5837
5853
5854
5895
5895
5909
5938
5977
5991
6031
6039
6056
6056
6056
6056
6062
6062
6072
6072
6072
6106
6116
6116
6117
6153
6155
6184
6241
6245
6248
6265
6265
6265
6280
6326
6326
6347
6374
6379
6379
6379
6379
6399
6404
6404
6416
6416
6416
6460
6507
6534
6539
6539
6555
6568
6592
6628
6684
6694
6694
6694
6717
6717
6725
6774
6778
6778
6778
6778
6791
6791
6814
6814
6814
6814
6847
6847
6847
6876
6881
6900
6929
6935
6950
6984
6984
6984
6984
7002
7026
7036
7083
7168
7192
7218
7263
7263
7307
7325
7365
7365
7370
7381
7393
7405
7428
7428
7448
7501
7513
7528
7569
7569
7569
7577
7594
7653
7686
7711
7814
7823
7827
7827
7846
7875
7875
7898
7906
7947
7962
8040
8040
8066
8066
8070
8070
8093
