1
30496131
30594982
30559756
30503704
30497822
30525816
30507520
30414130
30601532
30499431
30402207
30513732
30469212
30437712
30419731
30447624
30498320
30455144
30454907
30452619
30328853
30559405
30506668
30378308
30428482
30530594
30424446
30511582
30483358
30490700
30506940
30359196
30597856
30454620
30569738
30400610
30685165
30513176
30624986
30587871
30545162
30468457
30561695
30416091
30568985
30391143
30444374
30583783
30544708
30483127
30433374
30359504
30565846
30394944
30518255
30462226
30553494
30570095
30518707
30671378
30690946
30519589
30517875
30522911
30520446
30594873
30468813
30382983
30419516
30518753
30462260
30514907
30507523
30473644
30432940
30484491
30537217
30513802
30412960
30542326
30501855
30634334
30364680
30526494
30486394
30496619
30493581
30505224
30518820
30492813
30417930
30453482
30546053
30441840
30573800
30521454
30420473
30474474
30516004
30479009
30554770
30496138
30536924
30426119
30565874
30340942
30324340
30512824
30496688
30489444
30536481
30455173
30354114
30613460
30376683
30508431
30435446
30398522
30558823
30601345
30525807
30545959
30515183
30456305
30531935
30694062
30520339
30588050
30526156
30564517
30500160
30462169
30571708
30626445
30581944
30454787
30497705
30506781
30422870
30553901
30467365
30582166
30243082
30537328
30367978
30420301
30591890
30445274
30475374
30432990
30484310
30555051
30556160
30533095
30576730
30515111
30460821
30524771
30461861
30536547
30322214
30464913
30479294
30594733
30516840
30364780
30347730
30590229
30580271
30496207
30491737
30501656
30418383
30484381
30573038
30548285
30420124
30520124
30639694
30467802
30483947
30504525
30465326
30513542
30515132
30516012
30540394
30488604
30475918
30484890
30433056
30485849
30412360
30434302
30542535
30409947
30598542
30511500
30388399
30496724
30550244
30421418
30470694
30420962
30479559
30526785
30454369
30655129
30569506
30373628
30455486
30596025
30472427
30575819
30402055
30370740
30485827
30512558
30577958
30461294
30493878
30577737
30416544
30486660
30692785
30594444
30478257
30503002
30564950
30345261
30451981
30645850
30441474
30467147
30614710
30501038
30650796
30485262
30586817
30471803
30619302
30502296
30630927
30471798
30426856
30462369
30426170
30456134
30539270
30520132
30297466
30639926
30529295
30446653
30394367
30543163
30549628
30408985
30649703
30461292
30482167
30468824
30571163
30499241
30476544
30405472
30459594
30512792
30481655
30500361
30459437
30503669
30543068
30540806
30508552
30580818
30571337
30606101
30419077
30554875
30441131
30458510
30507880
30439793
30524419
30566435
30497306
30560633
30552462
30503480
30469481
30483938
30400438
30545524
30454942
30450003
30454807
30585701
30366590
30523149
30502976
30662328
30465259
30569868
30476737
30493532
30502118
30545298
30540672
30509628
30531749
30493378
30497398
30507496
30533678
30501998
30529199
30380276
30513686
30445964
30467912
30428282
30593899
30398149
30620170
30482290
30492009
30401650
30726281
30360954
30606339
30571169
30488940
30510872
30415731
30483755
30492183
30688349
30427530
30418305
30520397
30387949
30441649
30443892
30491690
30580672
30520818
30491830
30577624
30455101
30369941
30497761
30568735
30612629
30596718
30499496
30506739
30513612
30548256
30508070
30503766
30529933
30544257
30389732
30397029
30454387
30598213
30392243
30460237
30373062
30450606
30642243
30466029
30544987
30528117
30387797
30640563
30566166
30488949
30565666
30446789
30507667
30535808
30567866
30379089
30518635
30514474
30561369
30535580
30462139
30419880
30395601
30468719
30484383
30519285
30420187
30523432
30443314
30472941
30380791
30492274
30496738
30440535
30612744
30373217
30519023
30632888
30461209
30451823
30501030
30469375
30432821
30374257
30492645
30524629
30491593
30447456
30367783
30480354
30394250
30487034
30297188
30630535
30533783
30497615
30493738
30516530
30455455
30507288
30441906
30306414
30592903
30594977
30477588
30437277
30371401
30630946
30410626
30436517
30441828
30476650
30432024
30569720
30455699
30406669
30518066
30448570
30553835
30544890
30541264
30465512
30405901
30573528
30521646
30566792
30493066
30427616
30517222
30505039
30461944
30449347
30487672
30459005
30506336
30506283
30532881
30389798
30478156
30480160
30398393
30411966
30398672
30392607
30504575
30429542
30393697
30481490
30467727
30451560
30536904
30380233
30524749
30473250
30439147
30516394
30571530
30596311
30564453
30493602
30476891
30597805
30601592
30480103
30406938
30348311
30629049
30482568
30560822
30542299
30426722
