1
334294167
668282117
1002056169
1336022949
1670003594
2003734466
-1957804657
-1624618310
-1291255589
-958275574
-625342824
-292075485
40718010
373823450
706914958
1040320726
1372846134
1706078982
2039023624
-1923138551
-1590213671
-1257457551
-924869559
-592272440
-259773988
73020524
405755555
738651227
1071223811
1403962013
1736876013
2069209746
-1892914347
-1560061129
-1227550450
-894956336
-562427337
-229688451
103038493
435732470
768653691
1101325454
1434116082
1767208713
2100327699
-1861566305
-1528189771
-1194907947
-861571601
-528257998
