0
222
434
563
791
1005
1224
1462
1668
1834
1952
2224
2414
2627
2823
3090
3274
3461
3699
3921
4052
4212
4394
4652
4962
5166
5352
5603
5889
6037
6167
6310
6545
6768
6936
7155
7345
7522
7726
7896
8139
8305
8612
8862
9115
9309
9486
9664
9923
10070
10268
10474
10697
10851
11041
11254
11470
11657
11846
12139
12284
12554
12838
13024
13243
13467
13626
13938
14154
14494
14667
14954
15220
15480
15641
15857
16017
16175
16375
16573
16699
16840
17095
17291
17492
17776
18057
18172
18347
18577
18702
18977
19160
19327
19526
19754
20013
20196
20351
20540
20717
20892
21048
21240
21418
21665
21865
22043
22222
22480
22672
22812
23002
23330
23509
23647
23898
24089
24309
24477
24634
24785
24981
25173
25334
25474
25699
25931
26157
26370
26560
26759
26916
27121
27270
27435
27639
27872
28051
28250
28423
28596
28783
28886
28977
29160
29301
29438
29642
29931
30172
30282
30480
30718
30951
31108
31277
31543
31691
31899
32098
32264
32463
32709
32819
32974
33210
33418
33678
33951
34155
34277
34537
34729
34875
35110
35344
35481
35696
35847
36059
36198
36356
36545
36714
36898
37121
37330
37610
37871
38092
38199
38410
38673
38836
39110
39317
39525
39674
39921
40102
40234
40473
40741
40938
41145
41389
41608
41761
41946
42070
42325
42552
42784
42975
43267
43469
43613
43816
44022
44289
44484
44702
44915
45134
45345
45530
45714
45964
46172
46452
46574
46855
47065
47329
47552
47836
47992
48263
48468
48662
48948
49112
49372
49617
49818
50081
50326
50564
50822
51004
51164
51433
51601
51736
51905
52116
52492
52674
52996
53248
53505
53718
53943
54100
54300
54464
54702
54947
55092
55268
55464
55630
55844
56099
56276
56426
56731
56933
57177
57422
57617
57750
57949
58144
58332
58474
58637
58835
59023
59211
59379
59505
59736
59954
60221
60384
60635
60892
61050
61259
61488
61658
61882
62108
62242
62428
62615
62777
62915
63205
63501
63716
63873
64035
64277
64525
64671
64861
65128
65286
65470
65681
65879
66036
66171
66335
66512
66615
66835
67031
67230
67322
67536
67654
67831
68019
68179
68375
68514
68763
68996
69226
69469
69629
69842
70011
70200
70368
70598
70837
71080
71194
71387
71577
71807
72064
72282
72444
72575
72870
73062
73205
73506
73677
73781
73982
74164
74373
74519
74700
74813
74967
75185
75470
75695
75924
76196
76388
76529
76699
76932
77111
77371
77594
77784
77993
78233
78452
78680
78897
79206
79409
79661
79877
80050
80182
80410
80590
80758
81029
81264
81422
81689
81869
82031
82205
82386
82703
82904
83129
83314
83514
83725
83970
84082
84393
84596
84859
85037
85337
85599
85821
86091
86276
86442
86660
86892
87101
87374
87500
87750
88051
88277
88504
88702
88878
89103
89388
89486
89763
89943
90120
90265
90566
90787
90991
91266
91411
91544
91793
92016
92207
92394
92602
92770
92995
93171
93427
93654
93818
94044
94223
94459
94661
94951
95129
95299
95544
95732
95913
96116
96312
96548
96734
96948
97131
97320
97475
97620
97788
97986
98245
98474
98639
98805
99046
99256
99464
99667
99823
100048
100257
100323
100478
100702
100893
101016
101306
101532
101697
