0
397
783
1147
1521
1967
2363
2749
3153
3586
3965
4403
4843
5213
5659
6110
6493
6881
7344
7736
8144
8507
8844
9181
9530
9901
10294
10655
11087
11542
11961
12378
12775
13184
13550
13971
14381
14745
15198
15579
15982
16380
16763
17142
17532
17902
18246
18581
18971
19339
19747
20228
20587
20973
21334
21738
22133
22505
22898
23319
23680
24102
24521
24899
25296
25696
26087
26491
26860
27324
27707
28155
28554
28927
29306
29705
30095
30497
30947
31318
31741
32129
32548
32921
33324
33688
34127
34477
34943
35307
35712
36136
36532
36967
37374
37782
38133
38562
38963
39340
39753
40189
40555
40906
41341
41775
42134
42552
42983
43362
43697
44090
44482
44918
45343
45748
46128
46544
46916
47323
47727
48122
48505
48924
49292
49685
50066
50536
50914
51326
51720
52091
52512
52886
53337
53734
54193
54589
54979
55355
55744
56129
56525
56963
57353
57769
58176
58585
59024
59434
59814
60207
60597
60971
61367
61779
62126
62534
62928
63382
63836
64291
64704
65125
65526
65930
66399
66812
67217
67651
68062
68441
68896
69330
69710
70134
70530
70890
71278
71730
72151
72580
72971
73346
73737
74125
74520
74884
75317
75636
76033
76443
76829
77215
77613
78013
78419
78795
79185
79595
79981
80345
80754
81182
81589
82019
82416
82788
83189
83580
83962
84270
84737
85158
85556
85930
86303
86764
87163
87548
87991
88392
88828
89187
89600
90015
90377
90762
91104
91462
91849
92252
92626
92981
93350
93769
94157
94564
94909
95287
95577
95956
96388
96816
97234
97660
98015
98432
98810
99230
99635
100010
100431
100820
101139
101549
101958
102321
102789
103198
103557
103926
104363
104737
105095
105490
105873
106213
106615
107006
107482
107839
108220
108601
108991
109411
109839
110230
110671
111081
111450
111797
112204
112546
112928
113373
113748
114115
114582
115019
115423
115865
116303
116721
117097
117568
118025
118465
118839
119273
119652
119999
120445
120820
121275
121664
122073
122471
122821
123242
123659
124077
124485
124890
125260
125691
126038
126447
126854
127243
127650
128034
128498
128886
129264
129716
130128
130569
130968
131376
131804
132236
132615
133045
133510
133978
134375
134799
135210
135641
136076
136438
136858
137247
137631
138033
138495
138924
139328
139745
140131
140514
140915
141263
141633
142044
142450
142833
143209
143584
143994
144374
144811
145199
145619
146035
146452
146829
147214
147651
148111
148484
148894
149271
149646
150004
150409
150832
151232
151642
152005
152375
152712
153105
153502
153917
154283
154676
155050
155455
155848
156222
156605
156996
157371
157716
158077
158450
158846
159197
159669
160049
160483
160890
161275
161693
162080
162431
162859
163257
163632
164012
164423
164819
165154
165509
165901
166318
166705
167137
167574
168019
168351
168749
169105
169520
169933
170336
170721
171152
171592
171968
172336
172727
173142
173588
173983
174387
174764
175173
175565
175969
176301
176695
177096
177462
177858
178241
178549
178933
179367
179730
180113
180556
180954
181334
181724
182180
182578
182988
183348
183737
184139
184614
184991
185467
185872
186312
186668
187040
187398
187792
188205
188581
188933
189306
189719
190090
190460
190856
191243
191730
192171
192630
193059
193429
193841
194272
194661
195014
195398
195798
196198
196608
197016
197435
197819
198212
198637
199033
199478
