1
28760953
28695233
28692859
28760486
28757598
28700931
28727405
28728732
28617038
28643061
28577214
28676104
28800211
28648589
28702145
28628328
28712541
28727895
28692725
28777291
28655534
28650848
28751263
28688297
28724893
28780091
28660915
28700857
28797491
28650256
28634662
28744392
28665333
28662180
28711483
28628895
28742254
28650228
28689356
28726083
28717609
28634663
28711142
28639157
28663735
28619872
28697588
28738495
28819410
28748939
28721382
28732860
28655676
28677839
28733025
28706602
28665170
28827347
28628973
28683176
28603314
28693033
28741456
28682134
28676068
28660659
28721016
28651153
28727151
28693299
28603926
28664303
28652516
28667758
28757274
28574373
28584100
28675770
28688055
28634150
28808304
28539488
28684011
28669995
28696055
28777667
28687856
28825098
28795128
28694450
28772265
28724045
28727117
28686614
28681596
28684920
28719371
28716052
28728074
28773166
28644615
28724000
28741324
28637573
28709209
28676418
28607944
28663355
28625906
28744663
28702140
28721224
28705497
28607928
28620874
28756484
28695788
28667734
28740376
28723907
28684735
28649515
28663864
28720740
28602543
28662519
28787167
28615939
28704996
28725131
28654165
28607518
28785119
28740542
28711105
28613253
28772272
28679484
28602178
28633834
28647967
28707718
28686901
28815148
28652646
28710359
28670786
28602225
28620935
28641390
28677657
28659273
28707251
28657098
28739444
28733290
28597258
28730092
28649570
28698845
28558498
28683898
28694409
28675858
28779037
28602637
28705128
28711582
28722272
28656560
28678110
28536650
28631722
28641730
28753802
28685059
28670602
28633029
28690523
28623336
28701374
28732809
28661284
28777751
28603501
28647535
28606901
28806604
28664109
28762007
28675724
28739111
28649631
28630833
28708679
28720593
28640406
28717434
28726896
28748171
28636770
28684587
28747461
28727031
28717458
28658517
28674505
28644908
28684387
28783300
28723578
28721758
28568596
28540249
28717093
28673641
28611137
28660503
28714531
28737880
28705851
28641601
28766024
28774692
28611328
28777723
28682681
28686417
28748962
28639995
28560154
28754999
28691305
28654552
28760695
28679424
28716148
28754951
28683734
28718353
28639915
28611939
28750807
28747308
28678017
28821649
28697700
28653050
28693448
28720673
28749339
28720813
28735448
28758344
28732799
28713479
28716900
28714715
28734088
28624952
28668665
28749643
28730690
28789794
28583190
28690700
28706204
28637829
28678174
28687816
28743688
28704837
28660584
28668805
28579399
28646540
28747772
28628404
28542297
28672005
28681269
28724733
28791064
28676446
28666358
28736696
28621590
28705859
28602238
28565505
28599840
28823158
28556095
28785108
28677538
28678616
28651329
28684056
28672789
28718326
28747282
28584535
28645721
28693918
28713606
28693302
28655805
28697090
28619418
28744600
28694655
28705162
28758899
28753832
28630606
28740043
28671539
28719870
28710437
28746006
28646707
28703225
28619609
28723005
28676690
28634507
28803333
28649088
28696000
28622496
28699241
28677764
28636430
28757912
28713949
28654640
28702663
28586638
28693928
28784269
28634863
28654349
28721788
28611446
28621993
28678318
28699519
28619913
28698075
28792288
28550899
28628385
28688790
28710073
28654965
28666633
28633876
28788009
28729947
28641431
28631687
28625257
28607356
28745131
28648288
28650617
28645197
28854734
28693084
28669597
28687620
28722235
28736697
28704163
28705677
28575086
28720159
28695120
28627834
28596407
28799721
28605142
28690754
28672552
28789486
28812033
28648901
28656495
28743535
28656257
28656256
28683336
28663587
28622869
28721847
28673449
28659945
28654073
28660474
28549049
28691642
28761761
28719840
28604904
28757891
28782127
28644182
28607873
28625122
28734675
28656720
28756066
28652832
28624075
28625148
28726370
28553159
28599664
28673820
28705789
28673129
28672909
28689667
28682643
28799758
28766170
28675925
28766798
28730564
28651241
28720832
28577480
28802338
28618874
28606549
28649443
28751398
28539463
28744457
28583150
28705316
28642179
28718753
28751251
28716236
28673444
28774125
28615556
28705859
28704756
28765942
28673168
28655861
28644767
28622190
28790904
28692380
28733101
28737877
28641341
28689933
28754378
28720676
28650821
28653500
28662163
28556559
28705360
28731514
28731685
28684067
28723936
28594370
28763340
28670651
28576106
28565420
28739812
28698059
28686910
28686387
28607427
28667265
28664680
28708943
28676866
28683490
28655198
28723480
28656995
28766456
28730923
28790325
28748661
28672818
28726040
28646770
28694670
28712972
28600007
