1
42856238
42472370
42661234
42809807
42716756
42707750
42606076
42497183
42707676
42618305
42721217
42895339
42488671
42810160
42746823
42801496
42520562
42828350
42646498
42498854
42537442
42893132
42946894
42974674
42630640
42650561
42734923
42819984
42821598
42831830
42659119
42797765
42758176
42593344
42772303
42758388
42725593
42719002
42734593
42818879
42847665
42527527
42730608
42581650
42717203
42619706
42588950
42696191
42829850
42723025
42700652
42762445
42571716
42887782
42684820
42808498
42864440
42642982
42740583
42702050
42693325
42983043
42579330
42589739
42678029
42752190
42501009
42841433
42719447
42657201
42702435
42799031
42757268
42721956
42926671
42720047
42620157
42762173
42786037
42748602
42677121
42634628
42724328
42961951
42641644
42515482
42704727
42672799
42731611
42742826
42693434
42702337
42602368
42749192
42776788
42740142
42642968
42676937
42477436
42559936
42951167
42473924
42453000
42628386
42861499
42504747
42755612
42576312
42523122
42455839
42779339
42735525
42740839
42746977
42655973
42489101
42699611
42718974
42612707
42677467
42652076
42644229
42637617
42723431
42567140
42725757
42633159
42705943
42615899
42814918
42758439
42726938
42648643
42740003
42652728
42586081
43031959
42650140
42556171
42585571
42609206
42659505
42793794
42596077
42508776
42805871
42757646
42673168
42987326
42760441
42584720
42607874
42641073
42826582
42875860
42741718
42644770
42566009
42652917
42671244
42638781
42616952
42622988
42823301
42534490
42672921
42718446
42606858
42713489
42686912
42718372
42705895
42582643
42589678
42560950
42578451
42602283
42566623
42670220
42647673
42550034
42759209
42667111
42658771
42617473
42664431
42674548
42907286
42682033
42763524
42639464
42596392
42591605
42628457
42396569
42531495
42764051
42787468
42710527
42545055
42656002
42779367
42610834
42804138
42728331
42825378
42636661
42740916
42726426
42634795
42554397
42777328
42710374
42784235
42817955
42971824
42417547
42689323
42711149
42581587
42650662
42735281
42765090
42739458
42739626
42817966
42738055
42595310
42610500
42605697
42745588
42689431
42706673
42573115
42571216
42502110
42441370
42695049
42614851
42673716
42760586
42657107
42636524
42661553
42550645
42749583
42628830
42611437
42620822
42632977
42529220
42689259
42848792
42702756
42719880
42830379
42620695
42868575
42660489
42764716
42586011
42575892
42637395
42661244
42675819
42507045
42637716
42761559
42745086
42620528
42717648
42714671
42725391
42578837
42627884
42574214
42825777
42595761
42790042
42584552
42546189
42770672
42443223
42707407
42787211
42802226
42641619
42631892
42777669
42577583
42532694
42640796
42689102
42528873
42778887
42675062
42544457
42658049
42975428
42695952
42668609
42719728
42539804
42756891
42690608
42646835
42510751
42641394
42749211
42781416
42684036
42465530
42563280
42780442
42661379
42793397
42754429
42766724
42631004
42566981
42833340
42553394
42696939
42664139
42419096
42648495
42630988
42784430
42683915
42511312
42589209
42519993
42795777
42809055
42783504
42986621
42613460
42809521
42710250
42631629
42619296
42658384
42663701
42726949
42767499
42757906
42684339
42718621
42564454
42708720
42780508
42655203
42833413
42537277
42686070
42786268
42637210
42806249
42606273
42460381
42834467
42624464
42833901
42668569
42715630
42952255
42795604
42683180
42626050
42644441
42902891
42749765
42782351
42541705
42787292
42623091
42688943
42641361
42785988
42705792
42804183
42488400
42655597
42868522
42659039
42920252
42832445
42746535
42680501
42611139
42852908
42594897
42865242
42765325
42785753
42773455
42727034
42565773
42713423
42648062
42823133
42673891
42730411
42879729
42806811
42750491
42854765
42830603
42568407
42599566
42794104
42651585
42620649
42525289
42604776
42764455
42595559
42782938
42799817
42739742
42662235
42679864
42594280
42808934
42853129
42635494
42711991
42670445
42598761
42772805
42785463
42612259
42582888
42711974
42799407
42826091
42718554
42789173
42510706
42544708
42720562
42848246
42617705
42633709
42695811
42742162
42754765
42825481
42635614
42596361
42802164
42865440
42735811
42854532
42681179
42680818
42743725
42723670
42857826
42709067
42624789
42816134
42759510
42541401
42736943
42789934
42682325
42785639
42809829
42817492
42799758
42620348
42616439
42771873
42751119
42683460
42817893
42709495
42459387
42648663
42623903
42785294
42617256
42684207
42812359
42901597
42826299
42592835
42511514
42698676
42582346
42657156
42606365
42729020
42739751
42686903
42771925
42729348
42692057
42826142
