1
29572012
29510556
29569590
29564112
29608795
29590284
29428018
29618932
29622174
29587729
29540033
29624771
29553995
29586832
29532755
29526750
29601610
29556459
29536113
29536872
29593631
29583227
29582154
29562735
29645776
29480779
29547853
29555822
29629648
29583275
29576673
29541581
29499428
29513788
29535963
29609282
29544584
29552710
29527943
29543038
29575070
29645530
29639530
29558686
29611066
29601998
29543802
29520809
29485632
29550372
29613818
29534261
29596325
29499773
29537008
29599542
29555198
29663712
29492199
29589382
29555961
29621548
29528607
29465445
29601679
29511566
29545393
29652672
29504478
29685453
29476756
29612216
29581555
29647817
29583056
29571187
29575321
29534204
29660720
29563920
29600067
29543304
29514193
29534585
29384429
29556321
29645505
29614759
29547723
29438127
29544710
29596656
29615033
29627125
29591760
29475970
29632496
29528505
29506737
29465476
29675684
29530064
29566173
29528933
29585404
29562682
29600073
29609708
29530473
29515400
29543892
29618321
29522675
29667761
29561798
29612717
29590162
29557404
29577134
29508701
29453048
29567642
29528807
29532036
29505130
29587380
29560785
29586097
29484345
29514845
29593417
29605268
29604159
29644258
29646807
29536444
29613399
29670708
29585190
29614455
29562295
29615438
29627783
29628393
29541854
29496189
29635446
29557187
29549950
29590224
29565395
29621983
29593034
29536357
29437346
29604844
29626595
29526989
29572361
29468947
29579530
29589023
29489663
29481351
29597240
29596378
29555106
29610422
29580800
29502857
29568463
29561807
29563039
29538183
29677452
29574344
29650266
29444077
29616972
29651745
29605479
29630965
29563868
29552055
29644703
29534080
29521775
29526618
29527925
29518003
29588245
29567068
29716367
29646470
29527979
29507933
29512847
29609239
29516895
29555797
29575786
29525225
29529492
29587404
29581130
29518535
29661510
29540684
29578078
29620571
29541634
29548401
29582575
29561027
29591444
29558455
29557148
29492531
29610021
29517498
29501283
29538082
29576276
29517166
29678365
29623673
29530371
29635451
29609476
29516582
29668909
29532349
29547771
29543802
29550008
29500117
29523693
29513360
29547402
29581930
29555802
29502144
29628616
29614652
29563502
29607752
29596068
29467848
29524823
29588489
29472095
29497679
29510621
29536095
29614134
29615144
29534714
29512559
29622322
29594146
29586468
29578057
29529450
29537399
29505528
29573634
29594749
29480974
29578357
29537904
29486326
29494467
29586723
29630916
29603106
29541549
29563059
29500311
29546926
29520531
29496472
29510324
29592499
29625710
29526930
29544634
29601012
29549871
29525217
29626052
29515813
29473717
29536057
29511457
29486507
29485759
29538466
29576319
29602918
29556801
29528614
29590768
29563828
29527379
29465026
29588237
29484901
29557792
29425471
29588456
29563549
29630882
29535144
29491376
29509113
29575922
29559995
29537408
29581109
29558265
29570255
29474995
29619518
29510439
29560975
29561673
29544960
29540356
29599525
29557452
29600161
29454376
29510540
29546633
29592086
29574877
29577352
29529592
29558246
29681100
29514001
29563806
29530737
29549193
29548343
29592684
29602222
29572757
29553370
29465891
29562828
29530461
29542400
29533371
29422933
29573363
29526727
29574323
29629884
29673639
29586632
29576593
29556219
29462889
29577123
29531325
29522129
29607810
29557545
29492767
29643455
29479103
29498626
29580471
29611589
29561507
29508218
29567850
29587798
29570245
29559875
29653716
29582991
29535754
29607786
29536116
29546977
29515798
29575114
29678186
29569141
29566318
29519983
29584706
29569696
29507793
29573698
29559832
29494002
29534711
29532966
29559166
29517707
29618496
29530464
29498546
29570848
29584547
29581794
29540046
29596699
29462014
29574055
29590178
29550384
29524886
29514710
29563975
29500215
29610117
29560594
29556939
29562842
29516695
29599103
29574418
29569635
29663890
29544389
29591728
29577717
29521795
29561118
29453827
29709794
29487487
29607719
29584360
29539199
29541125
29560245
29678313
29514974
29681629
29577357
29557223
29501311
29620940
29502799
29484555
29504136
29496180
29499464
29610817
29667871
29594047
29558025
29458705
29538933
29515681
29586664
29503763
29584852
29489766
29575113
29517803
29643115
29489690
29615621
29623726
29513704
29529752
29613209
29585276
29627644
29589997
29493913
29532244
29587067
29516261
29464821
29527269
29543802
29558693
29638695
29594075
29580490
29519919
29614406
29547055
29665987
29578055
29567407
29573925
29609873
29476136
29531351
29522265
29590408
29603347
