0
58
102
158
239
328
351
357
368
409
473
491
567
580
586
601
601
650
717
721
757
761
766
844
859
859
874
895
942
995
1045
1111
1220
1220
1220
1235
1278
1324
1337
1374
1407
1450
1544
1595
1599
1641
1676
1764
1780
1786
1809
1843
1843
1879
1879
1915
1931
1977
1989
2055
2061
2076
2080
2112
2183
2208
2271
2344
2384
2399
2413
2467
2495
2496
2572
2611
2694
2732
2823
2888
2986
3029
3124
3168
3218
3239
3272
3360
3410
3448
3503
3516
3564
3593
3674
3683
3723
3776
3822
3845
3858
3892
3916
3950
3964
4050
4078
4164
4208
4255
4279
4358
4386
4450
4469
4525
4531
4571
4590
4645
4651
4672
4683
4771
4800
4814
4830
4841
4884
4976
5036
5057
5126
5197
5209
5215
5241
5312
5341
5420
5420
5427
5482
5533
5578
5633
5663
5700
5702
5718
5734
5762
5776
5813
5814
5822
5881
5922
5927
5957
6028
6053
6094
6176
6203
6230
6256
6275
6311
6318
6408
6416
6465
6513
6530
6545
6546
6546
6593
6609
6633
6680
6705
6712
6795
6864
6900
6927
6943
6984
7029
7086
7153
7221
7257
7257
7257
7307
7347
7385
7454
7495
7499
7499
7505
7552
7584
7637
7640
7661
7661
7723
7738
7741
7795
7804
7852
7922
7950
7987
8049
8054
8054
8069
8095
8153
8164
8270
8356
8398
8481
8555
8555
8633
8679
8736
8765
8818
8848
8890
8919
8979
8991
9043
9114
9162
9204
9267
9277
9277
9280
9325
9409
9465
9509
9649
9676
9699
9717
9763
9820
9820
9880
9910
9979
10017
10093
10115
10174
10178
10229
10241
10285
10316
10387
10439
10455
10467
10548
10565
10631
10671
10672
10691
10731
10765
10830
10871
10884
10911
10929
10985
11005
11085
11140
11217
11223
11251
11328
11349
11449
11521
11522
11578
11603
11682
11708
11769
11777
11777
11804
11846
11941
11943
11950
11979
12067
12104
12153
12169
12230
12261
12348
12379
12419
12492
12524
12579
12579
12604
12624
12662
12688
12740
12755
12777
12783
12812
12833
12855
12860
12903
12903
12933
12939
12963
12966
12978
13019
13033
13081
13102
13146
13197
13271
13293
13293
13312
13357
13373
13428
13535
13560
13586
13604
13612
13656
13708
13742
13771
13771
13771
13846
13847
13907
13920
13920
13957
13961
13999
14087
14181
14204
14213
14213
14249
14288
14308
14379
14425
14445
14499
14554
14569
14600
14653
14665
14691
14719
14743
14757
14770
14820
14840
14899
14923
14933
14933
15022
15022
15036
15081
15128
15152
15186
15216
15293
15326
15353
15408
15461
15514
15545
15578
15611
15687
15710
15743
15773
15796
15855
15939
16031
16078
16132
16207
16245
16254
16295
16351
16387
16450
16450
16546
16566
16575
16635
16691
16726
16749
16771
16776
16789
16849
16927
16978
17057
17079
17082
17116
17150
17188
17269
17302
17319
17319
17344
17370
17452
17485
17491
17529
17549
17574
17576
17641
17669
17727
17767
17836
17857
17883
17953
17977
17981
18000
18040
18063
18180
18228
18231
18302
18320
18408
18444
18458
18471
18492
18530
18557
18621
