1
45833806
45918121
45742367
45920084
45933838
45748377
45899799
45849797
45754178
45683648
45967977
45935890
45987374
45924498
45897116
45693285
45739948
45956929
46056534
45759753
45815810
45758363
45921535
45754876
45971949
45792119
45754011
45889569
45998180
45834976
46027313
45787889
45667068
45906143
45915881
45991428
45833334
45780064
45891084
45990334
45682750
45987907
45864610
45773750
45927340
45966255
45916513
45883890
45821085
45628605
46005906
46008106
45812342
46033205
45852491
45624714
45839456
45728849
45818069
45735118
45825235
45916539
45935015
46117867
45724044
45538121
45849603
45758534
45794093
45764202
45931371
45834019
45823404
45943766
45755002
45687987
45937123
45742481
45790896
45924910
45795148
46012887
45887972
45805098
45823725
45694898
45939304
45785259
45797501
45840155
45924854
45873033
45703735
45723650
45791519
45781221
45880295
46010867
45717934
46022087
45741819
45878131
45846387
45940131
45916567
45913842
45781382
45833072
46030006
45895229
45919776
45865151
45719014
45983277
45779153
45539290
45888276
45885551
45908554
45791804
45827808
45579058
45744110
45920836
45786682
46060272
45677860
45984883
45869366
46020182
45660421
46052223
45689978
45661408
45641463
46032913
46132798
46045506
45780862
45877690
45875311
45933173
45887226
45942171
45766259
46030305
45885326
45909825
46031461
45862968
45959420
45799245
45981856
45937215
45940251
45725103
45869104
45910472
46017216
45821613
45850119
45825772
46035876
45972328
45807123
45934921
45886855
46080025
45830959
45916222
46054045
45924737
45814088
45826884
45894314
46151516
45768276
45855149
45820431
46109459
45763682
46137383
45860455
45815497
45803355
45871049
45982164
45961605
45980246
46053984
45703211
45864174
45918660
45798882
45679560
45798149
45805093
46177646
45828863
45742520
45927877
45811174
45938856
45812533
45934781
45876124
45779175
45921747
45869163
45818704
45804783
45944721
45746428
45758126
45949068
45692848
45722625
45815324
45886949
45685660
46015788
45657024
45603788
45800181
45888832
45931513
45942056
45886659
45784093
45738717
45783709
45832114
45732043
45825103
45797267
45866128
45834718
45868550
45747322
45888453
45831669
45857684
45859963
45872391
46064855
45894360
45970347
45799212
45809134
45851213
46103866
45759218
45799362
45666135
45725807
45787572
45927008
45908630
45654849
45964748
45944677
45848930
46074121
46152413
45753930
45659022
45842705
46136249
45974109
45882097
45783112
45796206
45809827
45911001
45846496
45728630
45928546
45948569
45742114
45811496
45962034
45772373
45920587
45809412
45916851
45844705
45797215
45749317
45739104
45812947
45887756
45675290
45821768
45900683
45673695
45989883
45838248
45666410
45877865
45850718
46000797
46010253
45928664
45980143
45887463
45757085
45820914
45908398
45535184
45770055
45873994
45949662
45879424
45764896
45960893
45832614
46015456
45820323
45938616
45918864
45832754
46070182
45814814
45923383
45766690
45917400
45761263
45999486
45950405
46045037
45548220
46011364
45838940
45731952
45820073
45842051
46149161
45818584
45795828
46092218
45824354
45762251
45965653
45918441
45946532
45920573
45826884
45556683
45805845
45710632
45730170
45757568
45792983
45931723
45965050
45813888
45723966
45807842
45856182
45870762
45786410
45705276
45903248
45950789
45737877
45876066
45917168
45898600
46026194
45867703
45769292
46092241
45829416
45892322
45794577
45741802
45866126
45773681
45893461
45651543
45883472
45843008
45889432
45748977
45972053
45822704
45917269
45733718
45786835
45692993
46011983
45761277
45861356
45821703
45688227
45876958
45649571
45935635
45882791
45829971
45723803
45832056
45891599
45853583
45903543
45803924
45837756
45771272
45889315
45816224
45955309
45941775
46067453
45798615
45901157
45932957
45904424
45831431
45923437
45804998
45786695
45895834
45895049
45953735
45821843
45801653
45713150
45968191
45715290
46042472
45862975
45896084
45845476
45737565
45865074
45808812
45798244
45754703
45674298
45836942
45841956
45978024
45881708
45655360
45836109
45735313
45915067
45980715
45978052
46059660
45856224
46011930
45854593
45886445
45923241
45792582
45968525
45928257
45865277
45830316
45901732
45848014
45829930
45907196
45900496
45907033
45977535
45727293
45858310
45825145
45949144
45989148
45788955
45641841
45849930
45843584
45989750
45881346
45879494
46118603
45955036
45721628
45890344
45865600
45943328
45869943
45799801
45668526
45931083
45738849
45858460
45790955
46026828
45955270
45962581
45734251
45732186
46095264
45892066
46047563
