0
1123
2260
3440
4616
5817
6806
7796
8772
9888
11159
12185
13323
14333
15376
16365
17284
18498
19654
20679
21763
22814
23863
24990
26093
27109
28130
29179
30262
31343
32492
33708
34988
36005
36990
37938
39063
40169
41088
42262
43335
44475
45679
46919
47919
49064
50187
51438
52488
53472
54510
55575
56634
57735
58829
59937
61020
62162
63270
64408
65437
66433
67347
68449
69602
70647
71853
72991
74120
75149
76188
77295
78458
79395
80645
81736
82996
84086
85339
86469
87789
88858
90166
91249
92426
93463
94666
95828
96962
98066
99251
100184
101366
102422
103593
104685
105743
106913
108038
109118
110194
111240
112282
113386
114440
115700
116869
118081
119143
120241
121283
122475
123555
124682
125681
126922
127895
128948
130041
131157
132221
133386
134426
135526
136602
137665
138682
139718
140785
141966
143172
144153
145329
146472
147517
148491
149590
150866
151912
153067
154145
155132
156321
157507
158601
159657
160755
161839
162923
163976
164985
166048
167168
168239
169288
170250
171498
172598
173510
174518
175709
176809
177866
179077
180098
181285
182429
183528
184643
185620
186857
187730
188691
189843
190853
191933
192795
193864
194915
195929
196950
198137
199135
200102
201295
202474
203575
204645
205757
206873
207865
209052
210209
211387
212412
213424
214324
215466
216583
217614
218811
219819
220803
221797
222817
223950
225090
226194
227210
228327
229230
230390
231433
232408
233499
234419
235553
236739
237868
238989
240173
241117
242089
243158
244194
245310
246417
247626
248796
249908
251017
252179
253239
254454
255596
256780
257716
258827
259912
261046
262165
263316
264382
265515
266755
267809
268892
270062
271102
271988
273041
274088
275239
276427
277569
278859
279907
280990
282031
283114
284360
285290
286478
287545
288634
289732
290961
291968
293095
294150
295248
296296
297436
298579
299692
300705
301899
302871
304092
305163
306337
307491
308454
309531
310555
311626
312830
313993
315023
316009
317024
318211
319287
320422
321643
322907
323903
324898
326172
327131
328425
329463
330459
331605
332711
333969
335053
336169
337144
338215
339330
340439
341703
342729
343748
344883
346082
347099
348309
349395
350551
351658
352852
353884
355040
356263
357476
358632
359621
360653
361845
362979
363943
365036
366081
367117
368153
369207
370217
371320
372339
373453
374542
375612
376684
377752
378858
379889
380940
381907
382983
384026
385136
386192
387344
388382
389389
390357
391451
392458
393511
394715
395800
396890
397999
398980
400101
401247
402359
403469
404434
405427
406589
407625
408809
409851
410756
411725
412679
413817
414996
416197
417110
418083
419132
420260
421380
422379
423530
424596
425641
426850
427995
429018
430089
431269
432380
433444
434522
435587
436542
437570
438692
439829
440950
442066
443082
444075
445278
446256
447311
448407
449497
450598
451679
452774
453988
455118
456157
457308
458390
459545
460613
461731
462728
464020
465125
466222
467290
468462
469540
470744
472060
473170
474310
475525
476642
477683
478764
480044
481082
482287
483267
484496
485564
486694
487818
489068
490169
491253
492318
493325
494416
495536
496798
497925
499163
500224
501260
502349
503341
504444
505653
506763
507884
508826
509875
510861
512075
513117
514192
515351
516378
517523
518519
519783
520781
521932
522996
524230
525223
526297
527518
528728
529696
530699
531844
532802
534126
535371
536415
537678
538767
539861
540913
541878
542984
544106
545220
546339
547515
