0
98700
197858
296672
395304
494032
592712
691386
790325
888965
987735
1086351
1185074
1283785
1382635
1481574
1580336
1679042
1777764
1876751
1975325
2073777
2172175
2271118
2369878
2468266
2566786
2665487
2763953
2862742
2961453
3060122
3158797
3257277
3355936
3454850
3553781
3652544
3751250
3849811
3948317
4047066
4145747
4244640
4343484
4442098
4540721
4639414
4738238
4836907
4935470
5034216
5133041
5231838
5330737
5429513
5528501
5627087
5726136
5824797
5923584
6022649
6121536
6220370
6319257
6418102
6517094
6615864
6714706
6813532
6912488
7011162
7109671
7208425
7307282
7406239
7504968
7603599
7702266
7800730
7899634
7998526
8097304
8196103
8294728
8393240
8491796
8590550
8689209
8787931
8886605
8985438
9084417
9183294
9281988
9380669
9479332
9578227
9676735
9775303
9874108
9972850
10071703
10170232
10268856
10367712
10466587
10565182
10663606
10762166
10860805
10959231
11057902
11156565
11255267
11353915
11452509
11551003
11649879
11748593
11847235
11946054
12044843
12143371
12241803
12340537
12439368
12538277
12637155
12735844
12834911
12933703
13032444
13131060
13229915
13328851
13427450
13526365
13625253
13723736
13822506
13921265
14020055
14118560
14217439
14316275
14415159
14514034
14612920
14711717
14810513
14909417
15008039
15106828
15205741
15304480
15403077
15501803
15600420
15699120
15797860
15896701
15995476
16094579
16193114
16291554
16390400
16489298
16587874
16686363
16785355
16884195
16982866
17081554
17180165
17278754
17377879
17476618
17575478
17674364
17773180
17871951
17970349
18069026
18167551
18266225
18365018
18463890
18562598
18661369
18760487
18859353
18957908
19056809
19155656
19254437
19353145
19451953
19550689
19649301
19747916
19846644
19945502
20044356
20143138
20241868
20340189
20439106
20537876
20636212
20734825
20833635
20932415
21031093
21129730
21228462
21327177
21425732
21524596
21623276
21721994
21820670
21919453
22018256
22116966
22215771
22314216
22413006
22511433
22610216
22708988
22807686
22906540
23005128
23103634
23202621
23301475
23400167
23498814
23597512
23696128
23795322
23894282
23992920
24091807
24190340
24289091
24387805
24486511
24585474
24684283
24783158
24881836
24980747
25079592
25178253
25277114
25375785
25474849
25573702
25672087
25770982
25869814
25968588
26066934
26165679
26264619
26363140
26461956
26560604
26659174
26757815
26856317
26954824
27053456
27152031
27250541
27349091
27447574
27546307
27645076
27743656
27842269
27941272
28039815
28138647
28237256
28335855
28434678
28533536
28632415
28730897
28829352
28927832
29026582
29125261
29223894
29322612
29421119
29519909
29618595
29717228
29815818
29914432
30012966
30111875
30210912
30309939
30408654
30507516
30606335
30704877
30803527
30902576
31001376
31100201
31199196
31297810
31396737
31495463
31594185
31692947
31791999
31890692
31989487
32088364
32186897
32285472
32384331
32483034
32581970
32680717
32779682
32878722
32977634
33076533
33175069
33273859
33372768
33471424
33570048
33668507
33767263
33866153
33964950
34063700
34162455
34261177
34360005
34458853
34557949
34656966
34755492
34854112
34952714
35051471
35149993
35248630
35347623
35446344
35544990
35643674
35742284
35841011
35940144
36038679
36137744
36236226
36335247
36433951
36532343
36631002
36729579
36828266
36926947
37025821
37124306
37222953
37321706
37420650
37519390
37618198
37716974
37815570
37914453
38013163
38111814
38210449
38309197
38407807
38506627
38605561
38704224
38802700
38901541
39000255
39098929
39197353
39296064
39394726
39493608
39592566
39691183
39789924
39888714
39987426
40086137
40185295
40284066
40382750
40481680
40580583
40679304
40778068
40876573
40975528
41074247
41173081
41271870
41370790
41469553
41568317
41667057
41765814
41864596
41963047
42061665
42160494
42259133
42358196
42457148
42555830
42654769
42753342
42851985
42950660
43049489
43148261
43246853
43345718
43444485
43543332
43642020
43740652
43839605
43938247
44037233
44136020
44234549
44333362
44432101
44530885
44629518
44728203
44827119
44925756
45024564
45122904
45221469
45320116
45418661
45517253
45615969
45714716
45813331
45912104
46010649
46109594
46208442
46307074
46405849
46504765
46603283
46701873
46800486
46899242
46998114
47097054
47195676
47294558
47393162
47491596
47590360
47689069
47787914
47886641
47985565
48084384
48182928
48281525
48380454
48479347
48577990
48676966
48776101
48874804
48973590
49072238
49171152
49269864
49368725
