0
237
466
695
898
1098
1367
1585
1885
2074
2247
2463
2745
2891
3112
3354
3542
3684
3890
4207
4341
4597
4826
4984
5160
5425
5610
5757
5973
6160
6348
6581
6782
7078
7192
7435
7619
7838
8049
8306
8548
8721
8937
9158
9292
9485
9712
9915
10114
10372
10528
10693
10898
11037
11199
11387
11619
11866
12054
12228
12407
12671
12887
13081
13205
13469
13638
13778
13928
14077
14269
14451
14687
14966
15135
15328
15563
15856
16056
16161
16352
16555
16747
16927
17058
17314
17527
17639
17774
17982
18130
18319
18576
18806
18965
19190
19340
19521
19808
20037
20227
20446
20631
20900
21076
21241
21412
21596
21896
22042
22189
22430
22645
22905
23002
23241
23460
23674
23878
24097
24321
24406
24638
24905
25075
25276
25567
25726
25912
26118
26390
26486
26667
26865
27066
27397
27599
27792
28034
28306
28508
28626
28778
28939
29203
29376
29623
29775
29952
30125
30351
30477
30751
30989
31291
31575
31764
31910
32146
32394
32549
32733
32942
33148
33310
33503
33712
33891
34095
34307
34552
34738
34956
35238
35449
35642
35911
36108
36395
36599
36883
37133
37395
37657
37908
38119
38330
38459
38627
38778
39034
39167
39317
39512
39749
39902
40195
40479
40644
40811
41057
41163
41399
41599
41780
41950
42188
42464
42622
42778
42985
43145
43312
43485
43651
43844
44092
44271
44446
44686
44872
45079
45274
45417
45718
45920
46100
46315
46530
46754
46943
47072
47245
47406
47626
47782
47915
48104
48363
48597
48809
48967
49169
49341
49552
49723
49870
50112
50330
50498
50714
50845
50974
51216
51332
51423
51609
51718
51884
52087
52383
52610
52724
52926
53151
53396
53544
53690
53952
54168
54366
54572
54709
54888
55153
55289
55436
55691
55855
56069
56398
56637
56776
57010
57230
57337
57571
57827
57959
58176
58299
58537
58685
58822
59037
59163
59354
59558
59764
60021
60324
60559
60672
60881
61116
61292
61538
61799
62029
62124
62375
62610
62705
62949
63166
63415
63612
63870
64100
64259
64443
64598
64837
65047
65235
65459
65746
65960
66113
66339
66509
66774
66995
67172
67416
67616
67822
68031
68195
68442
68641
68922
69049
69346
69566
69772
70007
70330
70446
70711
70913
71114
71395
71579
71829
72065
72278
72517
72775
72992
73256
73446
73567
73837
74045
74201
74349
74549
74931
75115
75346
75676
75935
76181
76368
76542
76728
76879
77163
77379
77531
77703
77919
78046
78308
78539
78722
78869
79162
79387
79616
79862
80068
80169
80380
80567
80762
80924
81088
81253
81445
81667
81822
81963
82173
82380
82624
82802
83045
83317
83506
83672
83913
84051
84290
84513
84642
84835
85012
85179
85331
85550
85923
86140
86251
86460
86632
86854
87110
87278
87527
87720
87871
88088
88270
88478
88625
88745
88912
89053
89225
89437
89651
89762
89953
90105
90263
90481
90658
90843
90997
91202
91441
91688
91892
92068
92240
92448
92649
92819
93031
93273
93527
93645
93789
94024
94234
94503
94697
94900
94995
95301
95525
95660
95908
96137
96203
96424
96543
96830
96934
97111
97260
97380
97613
97865
98081
98361
98600
98822
98959
99174
99330
99518
99802
100041
100229
100437
100662
100865
101088
