0
51
93
151
183
248
319
345
397
431
462
506
553
691
747
766
821
840
899
995
1029
1108
1147
1187
1225
1270
1347
1358
1384
1421
1438
1452
1542
1593
1630
1649
1663
1687
1737
1790
1808
1841
1875
1965
2027
2075
2116
2144
2212
2244
2273
2333
2412
2483
2520
2535
2605
2649
2712
2787
2826
2830
2941
3008
3020
3100
3171
3171
3216
3226
3327
3339
3346
3369
3412
3460
3524
3582
3703
3760
3851
3869
3899
3966
4008
4077
4180
4209
4224
4314
4390
4438
4540
4609
4680
4744
4834
4843
4871
4959
4993
5019
5063
5178
5205
5297
5335
5345
5394
5416
5504
5592
5628
5707
5737
5779
5849
5863
5913
5970
6027
6104
6161
6291
6341
6432
6515
6529
6590
6663
6719
6807
6858
6898
6955
7044
7163
7195
7241
7286
7375
7412
7482
7548
7600
7614
7674
7769
7823
7895
7956
7993
8033
8108
8162
8191
8249
8305
8328
8388
8426
8524
8547
8628
8666
8706
8759
8824
8890
8942
9002
9055
9083
9108
9186
9232
9257
9319
9350
9367
9434
9466
9505
9548
9602
9674
9715
9747
9790
9856
9938
9990
10010
10090
10138
10176
10195
10207
10260
10310
10395
10470
10514
10551
10621
10698
10754
10776
10808
10862
10927
10955
10980
11054
11108
11121
11153
11210
11231
11256
11338
11410
11457
11518
11542
11590
11700
11767
11806
11833
11904
11988
12022
12056
12078
12106
12183
12229
12259
12331
12382
12475
12490
12542
12626
12674
12721
12796
12873
12873
12922
12998
13024
13073
13172
13204
13261
13306
13393
13421
13443
13477
13546
13669
13718
13785
13838
13940
14013
14024
14041
14065
14163
14185
14265
14303
14325
14388
14432
14451
14553
14637
14725
14791
14850
14863
14928
15009
15036
15063
15114
15182
15240
15264
15314
15353
15399
15458
15524
15568
15622
15755
15796
15849
15926
15967
16046
16102
16214
16282
16356
16448
16547
16599
16640
16677
16733
16768
16852
16882
16910
16962
17028
17048
17148
17255
17286
17306
17390
17419
17465
17536
17566
17604
17672
17744
17780
17813
17859
17889
17925
17967
17987
18012
18079
18155
18185
18265
18326
18379
18416
18454
18567
18606
18652
18725
18765
18822
18860
18899
18930
18960
19021
19052
19069
19114
19177
19251
19328
19345
19396
19414
19478
19519
19535
19619
19677
19720
19787
19802
19830
19913
19938
19956
19998
20018
20038
20091
20195
20237
20248
20281
20330
20398
20416
20438
20514
20573
20635
20673
20696
20725
20814
20829
20838
20888
20939
20986
21138
21198
21208
21274
21328
21333
21415
21476
21484
21543
21562
21628
21663
21690
21738
21764
21797
21839
21906
22000
22078
22160
22190
22245
22332
22375
22455
22506
22573
22581
22669
22748
22760
22845
22901
22974
23021
23108
23169
23196
23248
23269
23322
23413
23467
23546
23651
23713
23736
23799
23839
23926
23999
24044
24121
24177
24226
24285
24307
24356
24424
24494
24530
24619
24699
24736
24776
24890
24908
24982
25038
25108
25189
25242
25312
25348
25431
25498
25568
25619
25663
25738
25767
25852
25912
25955
25982
26031
26187
26232
26296
26404
26489
