0
577
1147
1739
2217
2913
3492
3953
4512
5010
5524
6074
6663
7234
7840
8301
8886
9520
10106
10658
11192
11821
12326
12892
13469
14115
14640
15170
15726
16389
16873
17407
18065
18655
19280
19920
20483
20994
21520
21909
22506
23030
23683
24268
24831
25297
25784
26294
26881
27408
27934
28459
28921
29452
29982
30403
30964
31442
32000
32506
33112
33671
34110
34751
35259
35767
36317
36880
37379
37932
38486
38993
39539
40077
40596
41120
41657
42152
42689
43145
43649
44222
44756
45305
45821
46344
46898
47349
47975
48532
49155
49708
50189
50644
51190
51611
52136
52653
53226
53752
54279
