0
50
85
119
154
181
229
290
358
411
461
537
579
623
703
773
820
867
922
964
1022
1064
1103
1135
1175
1213
1246
1269
1320
1406
1480
1511
1544
1584
1602
1675
1707
1757
1813
1887
1932
1995
2022
2085
2133
2150
2178
2191
2204
2239
2285
2389
2421
2427
2471
2509
2572
2600
2645
2714
2743
2806
2839
2862
2925
2983
2998
3025
3062
3125
3243
3343
3385
3398
3467
3500
3524
3600
3652
3664
3722
3748
3817
3851
3890
3925
3959
3991
4056
4128
4217
4295
4358
4381
4443
4536
4584
4671
4725
4756
4803
4903
4914
4948
5030
5094
5145
5207
5294
5334
5360
5420
5431
5529
5602
5671
5740
5814
5890
5917
5961
6044
6100
6164
6216
6269
6330
6392
6420
6464
6547
6595
6674
6697
6801
6848
6933
6992
7062
7103
7174
7232
7295
7395
7398
7469
7547
7620
7678
7752
7808
7879
7927
7976
8070
8117
8143
8167
8259
8397
8456
8556
8637
8728
8782
8853
8903
8963
9029
9098
9151
9194
9243
9282
9318
9356
9447
9471
9498
9610
9687
9755
9831
9856
9895
9921
9970
9990
10007
10023
10064
10099
10131
10175
10199
10252
10335
10377
10426
10504
10583
10631
10693
10733
10798
10863
10926
10965
11002
11031
11091
11096
11189
11306
11351
11398
11425
11496
11566
11594
11660
11717
11751
11788
11850
11890
11938
11967
11994
12025
12044
12115
12161
12212
12230
12258
12277
12335
12395
12419
12438
12479
12546
12600
12669
12731
12763
12833
12859
12907
12936
12988
13091
13142
13156
13203
13259
13296
13399
13456
13462
13506
13598
13653
13679
13777
13807
13839
13878
13936
13994
14001
14035
14050
14087
14152
14245
14316
14417
14496
14537
14576
14617
14677
14727
14821
14864
14902
14971
15041
15095
15173
15277
15352
15384
15470
15516
15549
15561
15651
15672
15713
15809
15884
15955
16005
16040
16068
16116
16198
16252
16324
16378
16432
16484
16561
16594
16622
16691
16736
16796
16848
16969
17049
17114
17199
17223
17276
17333
17385
17461
17534
17560
17619
17728
17816
17862
17917
17960
18012
18112
18129
18204
18268
18293
18305
18417
18495
18544
18629
18668
18691
18762
18825
18856
18928
18966
18998
19057
19082
19158
19226
19262
19329
19383
19421
19487
19536
19606
19645
19692
19742
19791
19833
19892
19937
19972
20027
20058
20123
20146
20186
20202
20257
20348
20395
20423
20447
20512
20578
20649
20702
20752
20820
20868
20879
20900
20952
20995
21023
21121
21177
21211
21261
21327
21395
21446
21448
21522
21562
21602
21637
21680
21764
21820
21845
21882
21906
21943
22025
22085
22154
22174
22240
22266
22330
22419
22478
22506
22574
22653
22694
22705
22746
22769
22848
22895
22931
22968
23024
23112
23148
23176
23253
23316
23343
23432
23495
23516
23543
23618
23650
23694
23761
23851
23861
23908
24018
24059
24075
24115
24170
24273
24377
24408
24466
24566
24653
24694
24694
24722
24780
24844
24889
24940
24988
25033
25068
25089
25170
25238
25355
25412
25485
25500
25562
25592
25657
25686
25722
25792
25847
25907
25950
25977
26030
26080
26146
26197
26246
26327
