1
42800962
42753595
42765584
42634701
42641383
42781278
42742797
42732077
42924712
42521330
42773613
42766292
42850148
42794106
42540851
42696602
42802101
42679518
42784586
42801991
42803153
42892592
42717959
42636600
42717536
42653541
42921671
42809960
42558942
42657670
42830771
42668251
42539861
42851534
42834971
42675674
42777120
42434631
42755592
42834709
42775734
42888404
42823566
42712625
42675218
42741463
42739422
42736838
42776675
42747574
42873969
42810666
42631235
42715141
42718701
42766770
42658320
42741779
42566782
43029554
42712625
42788046
42891731
42758581
42589001
42653069
42689509
42738777
42610780
42565296
42590736
42677090
42661582
42652900
42853040
42634424
42823242
42647186
42611568
42756563
42825008
42581297
42667495
42658752
42566440
42767116
42720995
42698240
42576004
42563338
42933783
42760876
42774996
42705756
42593793
42459815
42797882
42800017
42574498
42554306
42770681
42759076
42690809
42712335
42592633
42674668
42900228
42840410
42535522
42661250
42771563
42648516
42739169
42690928
42765555
42625801
42678692
42772011
42560354
42498883
42849076
42752694
42547090
42755582
42653360
42822309
42637638
42673654
42684218
42756233
42634062
42763255
42738228
42492186
42597351
42589200
42739612
42652339
42710151
42560084
42861590
42800764
42733229
42529846
42439939
42669507
42604644
42632499
42440663
42771418
42729832
42624124
42783446
42679978
42759003
42580999
42767884
42642664
42862049
42651418
42739349
42601612
42570207
42616293
42621397
42683201
42539260
42734000
42677828
42829756
42515750
42541355
42514590
42605038
42621763
42766755
42586813
42685313
42686018
42631414
42650575
42657160
42726136
42686677
42731062
42695884
42794453
42632878
42725174
42803865
42662070
42560559
42798261
42513562
42469736
42726604
42748753
42491321
42682988
42564265
42610004
42572394
42599598
42718839
42867421
42456730
42810713
42764922
42766812
42593063
42672321
42480939
42640441
42469728
42840569
43048609
42688547
42590308
42750163
42650585
42687518
42886962
42504660
42759299
42772043
42584138
42681540
42738909
42715211
42785104
42733164
42850252
42850811
42570459
42530717
42642430
42651658
42594473
42561232
42588817
42756501
42720638
42821351
42612481
42761123
42681920
42791192
42729286
42858447
42732683
42672988
42662492
42724630
42755296
42672761
42729427
42461023
42779776
42679885
42587888
42650774
42675759
42681820
42772501
42671092
42606386
42891779
42717146
42723361
42441530
42797573
42807019
42636762
42576713
42613762
42700181
42681116
42646068
42618259
42812879
42585554
42714591
42616658
42702196
42590258
42760482
42674758
42848977
42674751
42658888
42470817
42594584
42590042
42728182
42380141
42501355
42775681
42586719
42694496
42638233
42626050
42468649
42579235
42689173
42765012
42733033
42732461
42599649
42626856
42743603
42737066
42610728
42551324
42712335
42590210
42578174
42698101
42818488
42493096
42610659
42738613
42598370
42833360
42866998
42702593
42739696
42676709
42701056
42691118
42818910
42531444
42672651
42702667
42638200
42603187
42568935
42659260
42658876
42726674
42711828
42777294
42894262
42675720
42529991
42597250
42666581
42993316
42740732
42827218
42453181
42550766
42762527
42521148
42682976
42766730
42509734
42781525
42532641
42768956
42659260
42711154
42673035
42705188
42764081
42642192
42581510
42601183
42587362
42696422
42593170
42478440
42753693
42666454
42621441
42791675
42571653
42643285
42723824
42633435
42846096
42699911
42757152
42729961
42595276
42632872
42612432
42548322
42448644
42616710
42858635
42791069
42524554
42634729
42841464
42616855
42845406
42659325
42745746
42673788
42811003
42726433
42815643
42558477
42755720
42612819
42718204
42837619
42927657
42792059
42477517
42725862
42609095
42647905
42679008
42673998
42898634
42759382
42738780
42886600
42566183
42733013
42586117
42672083
42817867
42763975
42630152
42582372
42668105
42483720
42614152
42676045
42690353
42803875
42729322
42714422
42647495
42596777
42793363
42551679
42719945
42650244
42748246
42674470
42540891
42904909
42708357
42773082
42765437
42891829
42627076
42895194
42770596
42737520
42725812
42560247
42772904
42783125
42610100
42620860
42765149
42776719
42785748
42778739
42858425
42555125
42867732
42473965
42866040
42613120
42715034
42809495
42651430
42617903
42681310
42615993
42594543
42766154
42710894
42772580
42762243
42567980
42759671
42652258
42591346
42700751
42631172
42785565
42713699
42656250
42835592
42807381
42844327
42631175
42793923
42777791
42708638
42727075
42796655
42705136
42562900
