1
840981293
841282973
843296118
841032248
840745339
841129410
841040283
842528856
840635126
841291249
841760152
841831578
840585023
841947110
841482762
841579967
841500949
841876931
844092603
842772134
840843408
840246755
842162173
840706149
840703472
839943906
840502505
839709360
841366382
840205997
839840335
839890473
839664182
841127529
840178879
842005712
841265405
842185772
841984066
840017926
841655756
841445911
841180364
841439506
842111181
842098759
841576522
841482048
839450970
844829772
