0
0
0
0
0
6
11
21
21
29
30
32
32
32
32
46
69
69
69
69
69
75
78
103
104
110
124
125
134
134
134
134
134
140
148
148
148
155
164
164
173
173
173
173
173
178
178
201
201
201
213
213
213
213
213
213
213
213
221
221
225
225
232
234
239
239
239
239
239
239
239
245
253
253
253
253
259
259
259
259
259
259
278
287
287
291
301
301
301
321
335
346
361
364
369
369
369
369
376
382
396
414
414
414
414
414
414
414
414
436
448
448
448
448
448
451
453
482
482
493
493
503
503
503
503
503
503
516
534
534
534
552
552
552
563
563
563
563
563
576
576
582
590
590
607
607
607
607
607
611
611
611
611
611
620
620
626
626
626
626
626
632
632
632
632
632
636
636
636
636
636
636
636
636
636
647
664
682
682
690
690
690
690
713
729
736
747
757
764
764
764
764
764
764
784
805
805
805
821
821
821
821
837
863
871
871
871
871
871
871
876
890
890
904
904
918
924
924
924
924
924
926
930
930
930
937
945
945
945
945
945
945
945
948
948
948
960
960
960
961
961
961
961
967
967
967
967
971
985
985
987
987
987
987
987
988
988
988
988
996
999
999
999
999
999
999
999
1001
1001
1006
1039
1057
1057
1057
1060
1060
1060
1075
1085
1085
1093
1105
1117
1117
1137
1137
1137
1137
1161
1190
1191
1191
1216
1217
1226
1226
1230
1247
1249
1249
1249
1249
1249
1250
1261
1265
1265
1265
1265
1268
1268
1268
1268
1268
1268
1268
1268
1268
1268
1268
1273
1273
1277
1280
1280
1280
1284
1290
1290
1290
1299
1307
1309
1309
1309
1309
1309
1310
1310
1310
1310
1325
1339
1339
1353
1353
1353
1353
1353
1353
1353
1353
1353
1365
1368
1368
1368
1368
1368
1375
1375
1376
1377
1385
1406
1411
1411
1411
1423
1423
1430
1432
1443
1443
1451
1451
1463
1463
1476
1477
1479
1479
1490
1507
1511
1511
1517
1517
1526
1527
1540
1540
1540
1540
1540
1540
1548
1548
1563
1569
1569
1569
1569
1569
1569
1569
1569
1569
1569
1569
1569
1570
1570
1570
1573
1573
1573
1573
1575
1577
1577
1577
1577
1577
1582
1591
1591
1591
1591
1591
1591
1597
1597
1597
1603
1617
1618
1627
1646
1646
1646
1659
1684
1684
1684
1690
1690
1696
1702
1702
1718
1718
1718
1731
1734
1734
1734
1737
1757
1773
1773
1773
1773
1773
1783
1793
1804
1804
1824
1848
1857
1877
1880
1880
1885
1885
1895
1919
1920
1920
1920
1926
1929
1948
1957
1965
1965
1965
1968
1968
1986
1991
2001
2004
2004
2004
2004
2010
2015
2015
2015
