0
0
3
27
46
57
75
92
92
92
92
92
92
115
115
115
129
131
170
179
191
195
218
230
230
230
233
233
233
249
254
258
278
278
278
278
290
311
311
311
314
314
314
339
339
347
347
348
358
358
358
358
358
358
358
358
360
363
369
369
395
395
395
397
402
402
402
416
419
454
472
472
477
477
477
477
477
504
522
522
522
522
539
544
544
544
544
550
550
558
564
564
564
564
564
564
569
584
604
625
639
658
658
658
658
658
658
702
702
702
713
713
743
771
771
771
778
795
796
796
796
796
798
815
816
830
860
860
860
860
861
867
867
867
882
882
891
904
904
904
915
915
915
915
915
915
915
915
915
921
925
925
925
925
949
951
951
953
953
960
967
981
996
1011
1032
1035
1040
1040
1040
1040
1040
1051
1080
1081
1090
1096
1110
1123
1123
1130
1132
1137
1137
1138
1138
1138
1138
1138
1140
1140
1146
1147
1164
1172
1185
1193
1195
1195
1195
1195
1195
1235
1251
1251
1264
1264
1276
1287
1295
1307
1307
1307
1307
1307
1307
1307
1315
1323
1330
1330
1349
1355
1361
1361
1363
1365
1365
1365
1375
1378
1381
1412
1412
1418
1426
1426
1426
1426
1434
1453
1456
1456
1456
1458
1458
1458
1458
1458
1473
1475
1475
1475
1475
1475
1475
1502
1511
1538
1560
1563
1563
1563
1563
1563
1563
1579
1614
1614
1631
1637
1647
1647
1647
1662
1662
1662
1662
1677
1680
1680
1680
1681
1689
1689
1698
1698
1698
1702
1705
1706
1706
1706
1706
1706
1713
1755
1761
1761
1762
1762
1765
1765
1765
1765
1766
1786
1789
1789
1801
1801
1812
1826
1827
1827
1835
1835
1835
1835
1842
1845
1845
1845
1861
1872
1872
1879
1886
1897
1913
1913
1913
1913
1930
1955
1955
1955
1955
1980
1980
1980
1980
1980
1981
1983
1983
1983
1983
1988
1995
2035
2043
2070
2102
2118
2128
2156
2156
2156
2156
2158
2176
2192
2213
2213
2213
2219
2219
2245
2245
2245
2245
2262
2262
2262
2262
2262
2262
2262
2267
2267
2267
2277
2277
2292
2294
2294
2294
2294
2294
2308
2309
2309
2333
2333
2333
2334
2334
2334
2334
2339
2345
2348
2374
2374
2390
2394
2399
2399
2404
2412
2412
2412
2423
2436
2436
2445
2470
2472
2472
2496
2501
2508
2512
2512
2512
2512
2545
2566
2566
2566
2566
2584
2587
2587
2587
2587
2587
2587
2587
2587
2592
2600
2616
2642
2653
2658
2690
2690
2722
2738
2738
2738
2738
2738
2747
2759
2791
2791
2796
2810
2813
2853
2853
2853
2853
2875
2880
2889
2889
2897
2899
2899
2907
2914
2926
2940
2940
2943
2943
2943
2949
2949
2949
2954
2954
2969
2984
2984
2984
2988
3005
3006
3006
3006
3009
3010
3019
3019
3048
3051
3056
