0
5
8
14
14
16
22
22
27
27
27
27
27
27
30
42
42
42
42
49
49
49
49
49
49
69
78
78
85
94
94
94
114
117
140
156
156
162
162
162
162
164
174
181
205
207
207
207
207
207
207
207
232
241
241
241
241
241
241
247
275
276
287
287
295
296
296
296
296
296
311
327
327
327
334
345
345
356
357
357
358
358
373
373
376
386
386
402
402
402
402
402
410
410
410
410
410
420
420
423
426
426
426
426
431
431
431
431
431
438
438
438
438
438
438
438
438
438
442
466
486
486
495
495
495
495
521
531
543
551
561
571
571
571
571
571
571
582
612
612
612
625
632
632
632
647
673
682
682
682
682
682
682
682
701
702
714
719
728
738
738
738
738
738
740
744
744
744
749
760
760
760
761
761
761
761
764
764
764
775
776
776
776
776
776
776
778
784
784
784
792
804
804
808
809
809
809
809
813
813
813
813
818
825
825
825
825
829
829
829
833
833
833
872
889
889
889
895
895
895
912
924
924
924
937
954
954
968
973
973
973
991
1024
1027
1027
1038
1053
1057
1062
1067
1084
1087
1087
1087
1087
1087
1087
1090
1105
1105
1105
1105
1106
1106
1106
1106
1106
1106
1106
1106
1106
1108
1108
1115
1115
1117
1121
1121
1121
1127
1135
1135
1135
1146
1150
1154
1155
1155
1155
1155
1155
1157
1157
1157
1171
1185
1186
1197
1200
1200
1200
1200
1200
1200
1200
1200
1206
1215
1215
1215
1215
1215
1222
1222
1223
1223
1226
1254
1260
1260
1260
1272
1272
1282
1283
1292
1292
1301
1302
1315
1315
1327
1328
1330
1330
1339
1360
1363
1363
1364
1371
1374
1379
1394
1394
1394
1394
1394
1394
1398
1406
1408
1423
1423
1423
1423
1423
1423
1423
1423
1423
1423
1423
1423
1423
1425
1425
1428
1428
1428
1428
1428
1428
1431
1431
1431
1431
1435
1444
1444
1444
1444
1444
1444
1447
1451
1451
1458
1472
1473
1484
1503
1503
1503
1511
1531
1542
1542
1547
1548
1548
1560
1560
1578
1578
1578
1584
1595
1596
1596
1596
1619
1630
1636
1636
1636
1636
1648
1649
1667
1669
1689
1700
1723
1741
1745
1745
1752
1752
1762
1786
1787
1787
1787
1795
1796
1818
1825
1833
1833
1833
1838
1838
1853
1860
1860
1873
1873
1873
1873
1873
1886
1886
1886
1886
1886
1892
1892
1892
1892
1892
1906
1906
1906
1906
1906
1906
1916
1922
1922
1922
1922
1922
1922
1922
1922
1922
1922
1926
1926
1926
1927
1937
1937
1937
1957
1959
1959
1961
1980
1987
1987
1987
1987
1987
1994
1998
2009
2009
2016
2018
2018
2018
2018
2018
2034
2057
2057
2057
2057
2057
