0
0
2
9
9
26
26
26
26
27
35
35
35
35
35
44
44
50
50
50
50
56
56
56
56
56
57
63
63
63
63
63
63
63
63
63
82
91
110
110
119
119
119
119
145
162
167
183
189
195
195
195
195
195
195
216
236
236
236
255
255
255
259
273
297
305
305
305
305
305
305
310
325
331
341
341
357
360
360
360
360
360
366
366
366
366
378
382
382
384
384
384
384
384
388
388
388
400
401
401
401
401
401
401
408
408
408
408
417
428
428
432
432
432
432
435
435
435
435
435
445
448
448
448
448
451
451
451
455
455
467
493
511
511
512
517
517
517
534
546
546
554
570
577
577
596
596
596
596
623
650
650
650
677
677
686
686
690
709
710
710
710
710
710
712
725
727
727
727
727
729
729
729
729
729
729
729
729
729
731
732
736
736
743
743
743
743
750
757
757
757
767
775
776
776
776
776
776
777
777
777
777
793
806
807
821
821
821
821
821
821
821
821
821
834
837
837
837
837
837
845
845
847
847
860
878
884
884
884
897
897
906
913
917
917
927
932
940
940
953
954
956
956
968
986
990
990
998
998
1007
1010
1022
1022
1022
1022
1023
1023
1035
1035
1048
1052
1052
1052
1052
1052
1052
1052
1052
1052
1052
1052
1052
1054
1054
1058
1058
1058
1058
1058
1058
1061
1061
1061
1061
1061
1066
1074
1074
1074
1074
1074
1074
1081
1081
1081
1088
1101
1103
1113
1133
1133
1133
1152
1173
1173
1173
1179
1179
1190
1191
1193
1209
1209
1209
1227
1227
1227
1227
1236
1250
1266
1266
1266
1266
1266
1278
1289
1298
1298
1318
1344
1351
1374
1374
1374
1380
1380
1389
1414
1414
1414
1419
1423
1425
1447
1452
1461
1461
1461
1467
1467
1489
1489
1500
1502
1502
1502
1502
1507
1515
1515
1515
1515
1515
1521
1521
1521
1521
1527
1536
1536
1536
1536
1536
1536
1552
1552
1552
1552
1552
1552
1552
1552
1552
1552
1552
1557
1557
1557
1557
1567
1567
1567
1587
1589
1589
1601
1617
1617
1617
1617
1617
1619
1624
1629
1639
1639
1645
1649
1649
1649
1649
1649
1667
1688
1688
1688
1688
1692
1699
1708
1724
1726
1732
1746
1746
1756
1756
1756
1756
1756
1763
1771
1771
1771
1778
1786
1786
1797
1797
1799
1799
1799
1805
1805
1827
1827
1828
1841
1841
1841
1841
1841
1841
1841
1841
1849
1849
1855
1855
1862
1862
1866
1866
1866
1866
1866
1866
1866
1877
1881
1881
1881
1881
1888
1888
1888
1888
1888
1904
1909
1918
1918
1925
1934
1934
1934
1953
1976
1980
1995
1999
2002
2002
2002
2002
2014
2015
2033
2049
2049
