0
0
1
7
7
24
24
24
24
24
28
28
28
28
28
37
37
41
41
41
41
46
46
46
46
46
47
51
51
51
51
51
51
51
51
51
68
77
96
96
103
103
103
103
128
145
149
164
172
179
179
179
179
179
179
200
220
220
220
236
236
236
239
254
277
285
285
285
285
285
285
292
302
306
317
317
331
336
336
336
336
336
339
342
342
342
352
357
357
357
357
357
357
357
360
360
360
371
371
371
371
371
371
371
377
377
377
377
384
397
397
401
401
401
401
402
402
402
402
402
410
413
413
413
413
416
416
416
418
418
429
456
473
473
473
475
475
475
490
500
500
506
523
530
530
548
548
548
548
574
600
601
601
627
627
637
637
639
659
659
659
659
659
659
660
672
675
675
675
675
676
676
676
676
676
676
676
676
676
676
677
681
681
685
686
686
686
693
696
696
696
705
713
715
715
715
715
715
716
716
716
716
730
743
744
757
757
757
757
757
757
757
757
757
769
771
771
771
771
771
776
776
776
776
787
806
811
811
811
822
822
831
839
842
842
852
855
863
863
876
877
879
879
890
907
909
909
917
917
923
928
939
939
939
939
939
939
946
946
961
967
967
967
967
967
967
967
967
967
967
967
967
967
967
969
969
969
969
969
969
973
973
973
973
973
977
986
986
986
986
986
986
993
993
993
999
1014
1014
1023
1041
1041
1041
1058
1078
1078
1078
1083
1083
1093
1093
1094
1108
1108
1108
1123
1123
1123
1123
1130
1145
1159
1159
1159
1159
1159
1168
1181
1189
1189
1208
1235
1243
1265
1265
1265
1270
1270
1278
1302
1303
1303
1307
1309
1313
1333
1340
1348
1348
1348
1350
1350
1372
1375
1384
1386
1386
1386
1386
1390
1397
1397
1397
1397
1397
1402
1402
1402
1402
1407
1415
1415
1415
1415
1415
1415
1430
1430
1430
1430
1430
1430
1430
1430
1430
1430
1430
1433
1433
1433
1433
1443
1443
1443
1460
1462
1462
1471
1490
1490
1490
1490
1490
1490
1496
1500
1510
1510
1516
1518
1518
1518
1518
1518
1533
1553
1553
1553
1553
1554
1561
1568
1586
1588
1595
1608
1608
1617
1617
1617
1617
1617
1623
1632
1632
1632
1637
1645
1645
1653
1653
1654
1654
1654
1658
1658
1680
1680
1681
1693
1693
1693
1693
1693
1693
1693
1693
1701
1701
1706
1706
1712
1712
1715
1715
1715
1715
1715
1715
1715
1724
1728
1728
1728
1728
1733
1733
1733
1733
1733
1747
1753
1760
1760
1765
1774
1774
1774
1793
1816
1818
1835
1839
1840
1840
1840
1840
1852
1852
1866
1884
1884
