0
0
2
8
9
29
29
29
29
31
34
34
34
34
34
45
45
50
52
52
52
58
58
58
58
58
61
65
65
65
65
65
65
65
65
65
84
93
114
114
124
124
124
124
149
167
172
189
196
203
203
203
203
203
203
227
247
247
247
265
265
267
272
286
311
318
318
318
318
318
318
326
339
345
356
356
369
378
378
380
380
380
385
386
386
386
398
403
403
404
404
404
404
404
409
409
410
422
422
422
422
422
422
422
433
433
433
433
440
454
454
460
460
460
460
464
464
464
464
464
479
479
479
479
479
482
482
482
487
487
501
529
546
546
548
555
555
555
571
582
582
589
608
614
614
633
633
633
633
664
688
691
691
721
721
728
728
732
751
753
753
753
753
753
757
769
773
773
773
773
775
775
775
775
775
775
775
775
775
777
779
783
783
789
792
792
792
799
804
804
804
817
824
826
826
826
826
826
829
829
829
829
847
860
862
875
875
875
875
875
875
875
875
875
890
892
892
892
892
893
901
901
905
908
921
941
946
946
946
961
961
971
979
982
982
992
996
1005
1005
1020
1020
1021
1021
1034
1052
1055
1055
1064
1064
1072
1076
1089
1089
1089
1089
1091
1091
1101
1101
1117
1122
1122
1122
1122
1122
1122
1122
1123
1123
1123
1123
1123
1125
1125
1128
1128
1128
1128
1128
1133
1134
1135
1135
1135
1135
1141
1150
1150
1150
1150
1150
1150
1159
1159
1159
1167
1181
1182
1191
1212
1212
1212
1233
1252
1252
1252
1259
1259
1273
1273
1277
1290
1290
1290
1307
1307
1307
1307
1319
1333
1351
1351
1351
1354
1354
1366
1379
1388
1388
1409
1436
1444
1464
1464
1464
1471
1471
1481
1506
1506
1506
1511
1515
1518
1538
1544
1553
1553
1553
1559
1559
1582
1584
1593
1595
1595
1595
1595
1601
1608
1608
1608
1608
1608
1616
1616
1616
1616
1624
1631
1631
1631
1631
1631
1634
1649
1649
1649
1649
1649
1649
1649
1649
1649
1649
1649
1655
1655
1655
1658
1670
1670
1670
1689
1691
1691
1704
1721
1721
1721
1721
1721
1725
1729
1734
1745
1745
1753
1758
1758
1758
1758
1758
1777
1795
1795
1795
1795
1797
1807
1814
1832
1834
1838
1853
1853
1862
1862
1862
1862
1862
1870
1880
1880
1880
1887
1896
1896
1907
1907
1909
1909
1909
1915
1915
1939
1939
1942
1954
1954
1954
1954
1954
1954
1954
1954
1964
1964
1972
1973
1980
1980
1986
1986
1986
1986
1986
1986
1986
1997
2000
2000
2000
2000
2008
2008
2008
2008
2008
2025
2028
2036
2036
2041
2053
2053
2053
2075
2097
2099
2114
2119
2122
2122
2122
2122
2134
2135
2151
2170
2170
