0
0
0
0
0
0
0
0
2
2
4
4
4
4
4
5
8
8
8
8
8
20
20
20
20
20
20
20
26
26
31
47
47
55
65
75
75
75
103
116
116
116
119
119
129
129
144
144
144
147
159
159
159
159
180
194
199
199
199
199
210
214
226
232
245
258
288
299
309
309
313
313
313
345
347
347
347
355
355
362
386
392
392
392
394
395
397
419
419
430
431
431
431
431
443
443
443
443
443
448
448
448
448
448
455
462
462
462
462
462
462
477
477
477
477
477
477
477
477
477
477
477
481
481
481
492
492
492
504
513
513
513
536
540
540
540
540
540
547
547
562
562
562
568
569
569
569
569
580
605
605
605
605
605
613
616
634
642
646
650
663
672
672
672
672
672
672
688
688
688
688
700
702
702
711
711
712
712
716
717
725
740
740
750
752
752
752
752
752
752
752
752
762
769
769
769
774
774
778
778
778
778
778
778
778
792
792
792
792
798
798
798
798
798
798
818
828
828
833
843
843
843
855
865
890
896
904
913
913
913
913
913
927
927
958
958
958
958
959
959
959
959
981
992
992
992
992
992
992
997
1018
1027
1032
1039
1047
1047
1047
1047
1047
1047
1061
1078
1078
1078
1078
1096
1096
1100
1108
1108
1109
1109
1124
1124
1124
1136
1136
1154
1154
1154
1154
1154
1159
1159
1159
1159
1159
1168
1168
1168
1173
1173
1173
1173
1179
1179
1179
1179
1179
1186
1186
1186
1186
1186
1186
1186
1186
1186
1190
1214
1233
1233
1241
1241
1241
1241
1262
1265
1286
1289
1306
1316
1316
1316
1316
1316
1316
1325
1357
1357
1357
1360
1375
1375
1375
1393
1417
1427
1427
1427
1427
1427
1427
1427
1446
1448
1460
1464
1473
1483
1483
1484
1484
1484
1486
1490
1490
1490
1495
1506
1506
1506
1506
1506
1506
1506
1510
1510
1510
1517
1524
1524
1524
1524
1524
1524
1526
1532
1532
1532
1537
1552
1552
1552
1557
1557
1557
1557
1559
1559
1559
1559
1559
1573
1573
1573
1573
1573
1574
1574
1577
1577
1577
1610
1635
1635
1635
1640
1640
1640
1655
1656
1666
1666
1678
1697
1697
1705
1716
1716
1716
1726
1767
1770
1770
1776
1795
1798
1806
1810
1826
1829
1829
1829
1829
1829
1829
1831
1845
1846
1846
1846
1847
1847
1847
1847
1847
1847
1847
1847
1847
1847
1847
1853
1853
1853
1858
1858
1858
1861
1871
1871
1871
1875
1886
1889
1891
1891
1891
1891
1891
1892
1892
1892
1906
1919
1920
1924
1934
1934
1934
1934
1934
1934
1934
1934
1934
1948
1948
1948
1948
1948
1950
1956
1957
1957
1957
1984
1993
1993
1993
