0
0
2
9
9
27
27
27
27
27
32
32
32
32
32
42
42
49
49
49
49
55
56
56
56
56
62
63
63
63
63
63
63
63
63
63
84
93
112
112
120
120
120
120
145
163
167
184
191
196
196
196
196
196
196
221
240
240
240
258
258
258
263
278
302
310
310
310
310
310
310
316
329
334
345
347
360
364
364
364
364
364
370
370
370
370
381
386
386
389
389
389
389
389
396
396
397
407
409
409
409
409
409
409
418
418
418
418
427
437
437
440
440
440
440
444
444
444
444
444
454
457
457
457
457
460
460
460
466
466
479
506
523
523
525
530
530
530
546
558
558
565
583
589
589
609
609
609
609
638
662
662
662
690
690
699
699
703
721
723
723
723
723
723
726
738
741
741
741
741
744
744
744
744
744
744
744
744
744
746
749
753
753
760
764
767
767
776
781
781
781
791
800
801
801
801
801
801
806
806
806
806
822
834
835
850
850
850
850
850
850
850
850
850
863
865
865
865
865
866
873
873
875
875
889
909
914
914
914
929
929
939
948
950
950
960
965
974
975
987
988
989
989
1004
1020
1024
1024
1033
1033
1040
1044
1056
1056
1056
1056
1056
1056
1065
1065
1080
1086
1086
1086
1086
1086
1086
1086
1091
1091
1091
1091
1091
1094
1094
1096
1096
1096
1096
1096
1099
1101
1101
1101
1101
1101
1108
1115
1115
1115
1115
1115
1115
1124
1124
1124
1132
1146
1146
1156
1176
1176
1176
1194
1214
1214
1214
1218
1218
1231
1231
1234
1247
1247
1247
1263
1263
1263
1263
1273
1287
1304
1304
1304
1304
1304
1317
1328
1338
1338
1359
1386
1394
1416
1416
1416
1423
1423
1434
1459
1459
1459
1467
1470
1473
1495
1498
1506
1506
1506
1511
1511
1535
1537
1546
1548
1548
1548
1548
1554
1561
1561
1561
1561
1561
1566
1566
1566
1566
1573
1581
1581
1581
1581
1581
1581
1597
1597
1597
1597
1597
1597
1597
1597
1597
1597
1597
1603
1603
1603
1605
1618
1618
1618
1640
1641
1641
1654
1670
1670
1670
1670
1670
1671
1676
1682
1693
1693
1703
1707
1707
1707
1707
1707
1724
1744
1744
1744
1744
1747
1755
1763
1782
1782
1788
1802
1803
1811
1811
1811
1811
1811
1818
1828
1828
1828
1836
1844
1844
1855
1855
1856
1856
1856
1861
1861
1885
1885
1887
1900
1900
1900
1900
1900
1900
1900
1900
1909
1909
1916
1916
1923
1923
1928
1928
1928
1928
1928
1928
1928
1939
1943
1943
1943
1943
1950
1950
1950
1950
1950
1965
1971
1980
1980
1987
1996
1996
1996
2018
2043
2044
2058
2065
2066
2066
2066
2066
2079
2082
2099
2116
2116
