0
0
0
0
2
7
11
23
23
33
37
37
37
37
37
52
74
74
74
74
74
80
85
111
111
117
131
131
141
141
141
141
141
148
157
157
157
165
174
174
185
185
186
186
186
193
193
217
217
217
232
232
232
232
232
232
232
232
239
239
246
246
252
254
259
259
259
259
259
259
259
268
274
274
274
274
281
281
281
281
281
281
302
309
309
316
326
326
326
349
364
375
389
392
398
398
398
398
407
414
432
448
448
448
448
448
448
448
449
471
484
484
484
484
484
489
492
522
522
534
534
543
543
543
543
543
543
560
576
576
576
595
596
596
608
608
609
610
610
628
628
631
638
638
657
657
657
657
657
662
662
662
662
662
671
671
677
677
677
677
677
683
683
683
683
683
691
691
691
691
691
691
691
691
691
704
722
740
740
749
749
749
749
773
788
796
808
818
825
825
825
825
827
827
851
872
872
872
888
891
891
891
909
934
943
943
943
943
943
943
948
962
962
978
978
994
998
998
998
998
998
1002
1005
1005
1005
1015
1022
1022
1025
1025
1025
1025
1025
1031
1031
1033
1043
1045
1045
1045
1045
1045
1045
1054
1054
1054
1054
1062
1073
1073
1078
1078
1078
1078
1078
1082
1082
1082
1082
1091
1095
1095
1095
1095
1098
1098
1098
1103
1103
1108
1143
1160
1160
1162
1167
1167
1167
1183
1195
1195
1202
1215
1225
1225
1246
1246
1246
1246
1271
1301
1301
1301
1327
1328
1337
1337
1341
1359
1361
1361
1361
1361
1361
1365
1376
1379
1379
1379
1379
1381
1381
1381
1381
1381
1381
1381
1381
1381
1383
1385
1390
1390
1394
1400
1402
1402
1408
1416
1416
1416
1427
1436
1436
1436
1436
1436
1436
1439
1439
1439
1439
1454
1468
1468
1482
1483
1483
1483
1483
1483
1483
1483
1483
1496
1499
1499
1499
1499
1500
1507
1507
1507
1508
1518
1543
1547
1547
1547
1563
1563
1573
1575
1583
1583
1593
1593
1606
1607
1618
1620
1622
1622
1636
1653
1656
1656
1665
1665
1672
1675
1688
1688
1688
1688
1689
1689
1699
1699
1713
1719
1719
1719
1719
1719
1719
1719
1724
1724
1724
1724
1724
1727
1727
1729
1730
1730
1730
1730
1733
1736
1736
1736
1736
1736
1743
1750
1750
1750
1750
1750
1750
1758
1758
1758
1765
1780
1781
1790
1811
1811
1811
1825
1850
1850
1850
1855
1855
1863
1868
1868
1885
1885
1885
1898
1902
1902
1902
1908
1927
1945
1945
1945
1946
1946
1957
1968
1980
1980
2001
2028
2036
2056
2058
2058
2064
2064
2074
2100
2100
2100
2103
2110
2113
2132
2138
2147
2147
2147
2150
2150
2169
2174
2184
2186
2186
2186
2186
2192
2199
2199
2199
