0
0
0
0
0
7
12
21
21
27
28
28
28
28
28
43
64
64
64
64
64
70
73
99
100
107
121
121
130
130
130
130
130
134
146
146
146
153
161
161
171
171
173
173
173
178
178
201
201
201
213
213
213
213
213
214
214
214
224
224
231
231
237
237
241
241
241
241
241
241
241
249
255
255
255
255
261
261
261
261
261
261
281
290
290
296
305
305
305
326
339
351
366
368
374
374
374
374
381
388
403
419
419
419
419
419
419
419
419
441
453
453
453
453
453
456
457
487
487
498
498
506
506
506
506
506
506
522
538
538
538
555
557
557
568
569
570
570
570
584
584
589
596
596
615
615
615
615
616
620
620
620
620
620
629
629
635
635
635
635
635
641
641
641
641
641
649
649
649
649
649
649
649
649
649
660
677
696
696
705
705
705
705
729
743
751
763
773
781
781
781
781
781
781
802
821
821
821
837
839
839
839
856
882
889
889
889
889
889
889
897
908
908
924
924
936
942
942
942
942
942
944
948
948
948
956
963
963
963
963
963
963
963
967
967
968
981
981
981
981
981
981
981
990
990
990
990
996
1010
1010
1014
1014
1014
1014
1014
1016
1016
1016
1016
1026
1029
1029
1029
1029
1030
1030
1030
1033
1033
1037
1073
1090
1090
1090
1094
1094
1094
1108
1120
1120
1126
1140
1151
1151
1170
1170
1170
1170
1194
1224
1225
1225
1250
1250
1261
1261
1264
1282
1284
1284
1284
1284
1284
1285
1297
1299
1299
1299
1299
1300
1300
1300
1300
1300
1300
1300
1300
1300
1301
1301
1306
1306
1307
1311
1311
1311
1316
1323
1323
1323
1333
1340
1343
1343
1343
1343
1343
1344
1344
1344
1344
1358
1371
1372
1386
1386
1386
1386
1386
1386
1386
1386
1386
1398
1401
1401
1401
1401
1401
1410
1410
1410
1411
1419
1442
1446
1446
1446
1459
1459
1468
1470
1480
1480
1487
1487
1498
1500
1512
1513
1516
1516
1528
1543
1548
1548
1557
1557
1564
1565
1579
1579
1579
1579
1579
1579
1588
1588
1602
1608
1608
1608
1608
1608
1608
1608
1609
1609
1609
1609
1609
1611
1611
1611
1614
1614
1614
1614
1616
1619
1619
1619
1619
1619
1624
1632
1632
1632
1632
1632
1632
1639
1639
1639
1645
1660
1660
1668
1688
1688
1688
1702
1728
1728
1728
1732
1732
1738
1743
1743
1759
1759
1759
1772
1775
1775
1775
1781
1798
1814
1815
1815
1815
1815
1825
1836
1847
1847
1870
1893
1902
1922
1923
1923
1927
1927
1936
1960
1960
1960
1962
1968
1970
1990
2000
2006
2006
2006
2008
2008
2028
2030
2041
2043
2043
2043
2043
2048
2055
2055
2055
