0
0
0
0
0
7
11
22
22
29
31
31
31
31
31
47
70
70
70
70
70
77
81
105
108
114
127
127
137
137
137
137
137
143
152
152
152
159
168
168
177
177
179
179
179
186
186
208
208
208
221
221
221
221
221
221
221
221
229
229
235
235
243
243
248
248
248
248
248
248
248
255
262
262
262
262
269
269
269
269
269
269
290
299
299
306
314
314
314
334
347
360
375
377
383
383
383
383
391
396
412
429
429
429
430
430
430
430
430
455
464
464
464
464
464
468
471
501
501
512
512
521
521
521
521
522
522
538
554
554
554
572
572
572
582
583
585
585
585
599
599
606
613
613
629
629
629
629
631
637
637
637
637
637
647
647
653
653
653
653
653
659
659
659
659
659
666
666
666
666
666
666
666
666
666
678
694
714
714
724
724
724
724
749
763
772
785
794
801
801
801
801
801
801
821
842
842
842
862
862
862
862
878
904
911
911
911
911
911
911
917
931
931
947
947
963
966
966
966
966
966
970
973
973
973
981
989
989
989
989
989
989
989
992
992
992
1003
1004
1004
1004
1004
1004
1004
1012
1012
1012
1012
1019
1032
1032
1036
1036
1036
1036
1036
1040
1040
1040
1040
1049
1053
1053
1053
1053
1057
1057
1057
1061
1061
1067
1100
1117
1117
1118
1124
1124
1124
1142
1153
1153
1160
1172
1183
1183
1203
1203
1203
1203
1227
1257
1257
1257
1283
1283
1292
1292
1297
1314
1316
1316
1316
1316
1316
1319
1330
1333
1333
1333
1333
1335
1335
1335
1335
1335
1335
1335
1335
1335
1336
1337
1342
1342
1345
1349
1349
1349
1354
1363
1363
1363
1373
1381
1383
1383
1383
1383
1383
1385
1385
1385
1385
1399
1413
1414
1426
1427
1427
1427
1427
1427
1427
1427
1427
1440
1442
1442
1442
1442
1442
1450
1450
1451
1451
1460
1482
1487
1487
1487
1499
1499
1508
1511
1519
1519
1528
1528
1541
1541
1553
1554
1556
1556
1568
1585
1589
1589
1598
1598
1606
1608
1621
1621
1621
1621
1621
1621
1632
1632
1645
1650
1650
1650
1650
1650
1650
1650
1651
1651
1651
1651
1651
1652
1652
1652
1655
1655
1655
1655
1656
1659
1659
1659
1659
1659
1665
1672
1672
1672
1672
1672
1672
1679
1679
1679
1686
1699
1701
1712
1731
1731
1731
1744
1769
1769
1769
1774
1774
1780
1786
1786
1803
1803
1803
1816
1819
1820
1820
1826
1844
1861
1862
1862
1862
1862
1873
1882
1894
1894
1914
1940
1948
1968
1970
1970
1976
1976
1985
2009
2010
2010
2011
2018
2021
2041
2048
2056
2056
2056
2061
2061
2081
2083
2093
2096
2096
2096
2096
2102
2110
2110
2110
