0
0
0
26
44
56
74
92
92
92
92
92
92
113
113
113
124
127
166
175
187
192
215
226
226
226
227
227
227
241
246
250
269
269
269
269
276
298
298
298
298
298
298
324
324
331
331
332
343
343
343
343
343
343
343
343
345
347
353
354
376
376
376
379
384
384
384
396
401
436
452
452
459
459
459
459
459
484
502
502
502
502
518
523
523
523
523
527
527
538
542
542
542
542
542
542
547
561
582
602
616
637
637
637
637
637
637
682
682
682
692
692
720
747
747
747
749
768
771
771
771
771
771
788
789
802
832
832
832
832
832
836
836
836
848
848
857
869
869
869
878
878
878
878
878
878
878
878
878
883
887
887
887
887
909
911
911
911
911
920
924
940
954
969
991
993
998
998
998
998
998
1005
1036
1036
1044
1050
1064
1076
1076
1083
1085
1090
1090
1090
1090
1090
1090
1090
1091
1091
1097
1099
1116
1123
1133
1143
1147
1147
1147
1147
1147
1186
1202
1202
1212
1212
1218
1231
1240
1249
1249
1249
1249
1249
1249
1249
1256
1263
1271
1271
1290
1295
1302
1302
1303
1304
1304
1304
1313
1316
1320
1349
1349
1355
1363
1363
1363
1363
1371
1388
1392
1392
1392
1392
1392
1392
1392
1392
1406
1407
1407
1407
1407
1407
1407
1434
1441
1468
1490
1493
1493
1493
1493
1493
1493
1507
1541
1541
1555
1563
1573
1573
1573
1586
1586
1586
1586
1600
1602
1602
1602
1602
1610
1610
1618
1618
1618
1620
1623
1624
1624
1624
1624
1624
1629
1672
1678
1678
1679
1679
1683
1683
1683
1683
1683
1703
1705
1705
1718
1718
1729
1744
1745
1745
1751
1751
1751
1751
1757
1761
1761
1761
1777
1787
1787
1793
1800
1810
1827
1827
1827
1827
1843
1867
1867
1867
1867
1889
1889
1889
1889
1889
1889
1889
1889
1889
1889
1893
1899
1940
1948
1975
2007
2022
2032
2060
2060
2060
2060
2061
2079
2094
2116
2116
2116
2122
2122
2146
2146
2146
2146
2161
2161
2161
2161
2161
2161
2161
2165
2165
2165
2174
2174
2189
2191
2191
2191
2191
2191
2202
2203
2203
2227
2227
2227
2227
2227
2227
2227
2230
2236
2239
2266
2266
2281
2285
2291
2291
2295
2303
2303
2303
2313
2325
2325
2332
2357
2357
2357
2381
2385
2393
2396
2396
2396
2396
2427
2448
2448
2448
2448
2464
2467
2467
2467
2467
2467
2467
2467
2467
2470
2480
2494
2520
2532
2536
2566
2567
2598
2616
2616
2616
2616
2616
2621
2633
2665
2665
2668
2683
2684
2724
2724
2724
2724
2744
2750
2758
2758
2765
2766
2766
2772
2778
2791
2805
2805
2808
2808
2808
2810
2810
2810
2815
2815
2830
2843
2843
2843
2845
2862
2863
2863
2863
2864
2865
2875
2875
2901
2905
2910
