0
0
1
1
1
1
1
2
8
8
12
12
12
12
12
16
17
17
17
17
17
31
33
33
33
33
33
33
44
44
50
67
68
77
88
99
99
99
125
140
140
140
144
144
157
157
173
173
173
179
191
191
191
191
213
230
235
235
236
236
247
248
265
271
285
297
326
339
349
349
355
356
356
390
396
396
396
405
406
410
436
442
443
443
447
448
451
473
473
482
486
486
486
487
500
501
501
501
501
507
507
507
507
507
518
524
524
524
524
524
529
544
544
544
544
545
545
545
545
545
545
550
552
552
555
566
566
566
580
590
590
590
615
621
621
621
621
621
628
628
645
645
647
654
657
657
657
657
672
695
695
695
697
697
704
708
727
734
739
742
755
765
765
765
765
765
767
782
785
785
785
799
800
800
813
813
815
815
819
821
831
846
846
861
862
862
862
862
862
862
862
864
872
880
880
882
888
888
894
894
894
894
894
894
895
910
910
910
910
920
922
922
922
922
922
946
954
954
961
969
971
971
983
993
1017
1022
1033
1039
1040
1040
1040
1040
1054
1054
1089
1089
1089
1089
1092
1092
1092
1092
1115
1126
1126
1126
1126
1126
1126
1133
1155
1163
1169
1177
1187
1188
1188
1189
1190
1190
1205
1227
1227
1227
1229
1249
1249
1252
1260
1260
1264
1264
1281
1281
1281
1295
1295
1313
1313
1313
1313
1313
1319
1319
1319
1319
1319
1330
1330
1332
1338
1338
1338
1338
1345
1345
1345
1345
1345
1354
1354
1354
1354
1354
1354
1354
1356
1356
1359
1387
1406
1406
1416
1416
1416
1416
1439
1442
1465
1471
1486
1496
1496
1496
1496
1496
1498
1509
1541
1541
1541
1547
1560
1560
1560
1577
1603
1612
1612
1612
1612
1612
1612
1612
1633
1633
1648
1652
1660
1671
1671
1673
1673
1674
1679
1684
1684
1684
1690
1699
1699
1701
1703
1703
1703
1703
1713
1713
1713
1720
1726
1727
1727
1727
1727
1727
1732
1739
1739
1744
1748
1763
1763
1764
1768
1768
1768
1768
1773
1773
1773
1773
1773
1786
1786
1786
1786
1788
1791
1791
1796
1796
1796
1833
1855
1855
1858
1864
1864
1864
1881
1882
1895
1895
1908
1930
1930
1939
1948
1948
1948
1960
2002
2004
2004
2012
2030
2034
2040
2046
2060
2064
2064
2064
2064
2064
2064
2067
2084
2084
2084
2084
2088
2088
2088
2088
2088
2088
2088
2088
2088
2091
2091
2098
2098
2100
2110
2110
2110
2112
2124
2124
2124
2130
2145
2146
2149
2149
2149
2149
2149
2152
2152
2152
2170
2185
2186
2189
2200
2200
2200
2200
2200
2200
2200
2200
2200
2216
2216
2216
2216
2217
2220
2226
2230
2231
2231
2259
2271
2271
2271
