0
1
7
13
13
13
18
18
23
23
23
23
23
23
23
36
36
36
36
43
43
43
43
43
43
61
70
70
76
84
84
84
102
105
128
142
142
149
149
149
149
149
161
169
192
193
193
193
193
193
193
193
214
226
226
226
226
226
226
230
258
259
269
270
280
280
280
280
280
280
295
311
311
311
317
330
330
339
339
339
340
340
353
353
355
365
365
384
384
384
384
384
387
387
387
387
387
396
396
396
400
400
400
400
404
404
404
404
404
408
408
408
408
408
408
408
408
408
413
435
455
455
463
463
463
463
484
497
508
515
526
535
535
535
535
535
535
546
577
577
577
587
592
592
592
609
634
643
643
643
643
643
643
643
661
661
672
676
686
697
697
697
697
697
699
701
701
701
707
716
716
716
716
716
716
716
718
718
718
730
730
730
730
730
730
730
731
737
737
737
742
755
755
757
759
759
759
759
760
760
760
760
764
773
773
773
773
773
773
773
775
775
775
814
831
831
832
836
836
836
850
861
861
863
873
892
892
906
911
911
911
927
961
964
964
973
989
992
998
1002
1020
1023
1023
1023
1023
1023
1023
1024
1041
1041
1041
1041
1042
1042
1042
1042
1042
1042
1042
1042
1042
1044
1044
1049
1049
1049
1055
1055
1055
1058
1067
1067
1067
1075
1082
1086
1086
1086
1086
1086
1086
1086
1086
1086
1101
1113
1115
1125
1127
1127
1127
1127
1127
1127
1127
1127
1132
1140
1140
1140
1140
1140
1147
1147
1147
1147
1147
1178
1182
1182
1182
1195
1195
1203
1206
1216
1216
1224
1224
1237
1237
1247
1251
1252
1252
1261
1282
1284
1284
1284
1290
1293
1300
1313
1314
1314
1314
1314
1314
1318
1323
1327
1343
1343
1343
1343
1343
1343
1343
1344
1344
1344
1344
1344
1344
1345
1345
1348
1348
1348
1348
1348
1348
1351
1351
1351
1351
1356
1364
1364
1364
1364
1364
1364
1367
1371
1371
1376
1391
1391
1399
1418
1418
1418
1424
1446
1458
1458
1464
1464
1464
1474
1474
1488
1488
1488
1494
1503
1503
1503
1503
1526
1537
1541
1541
1541
1541
1551
1552
1571
1571
1590
1601
1624
1642
1647
1647
1651
1651
1658
1684
1684
1684
1684
1692
1695
1714
1722
1730
1730
1730
1732
1732
1750
1757
1757
1769
1769
1769
1769
1769
1780
1780
1780
1780
1780
1785
1785
1785
1785
1785
1798
1799
1799
1799
1799
1799
1806
1814
1814
1814
1814
1814
1814
1814
1814
1814
1814
1819
1819
1819
1819
1829
1829
1829
1847
1850
1850
1851
1872
1878
1878
1878
1878
1878
1885
1888
1899
1899
1904
1906
1906
1906
1906
1906
1919
1941
1941
1941
1941
1941
