0
0
2
29
46
59
75
92
92
92
92
92
92
115
115
115
128
130
173
179
192
195
218
229
229
229
231
231
231
247
254
255
275
275
275
275
285
307
307
307
309
309
309
334
334
344
344
345
356
356
356
356
356
356
356
356
361
363
368
369
394
394
394
397
404
404
404
417
420
457
473
473
478
479
479
479
479
506
526
526
526
526
545
547
547
547
547
553
553
562
569
569
569
569
569
569
574
589
609
630
644
664
664
664
666
666
666
711
711
711
724
724
755
784
784
784
789
806
809
809
809
809
811
828
831
843
872
872
872
872
873
879
879
879
894
894
904
918
918
918
928
928
928
928
928
928
928
928
928
936
939
939
939
939
964
966
966
969
969
976
983
996
1011
1027
1046
1051
1057
1057
1057
1057
1057
1067
1098
1098
1106
1112
1126
1140
1140
1146
1148
1155
1155
1156
1156
1156
1156
1156
1160
1160
1166
1169
1185
1192
1203
1213
1216
1216
1216
1216
1216
1259
1273
1273
1285
1285
1295
1307
1316
1325
1325
1325
1325
1325
1325
1325
1335
1340
1349
1349
1372
1376
1383
1383
1385
1388
1388
1388
1399
1403
1405
1436
1436
1443
1452
1452
1452
1452
1461
1479
1483
1483
1483
1484
1486
1486
1486
1486
1502
1505
1505
1505
1505
1505
1505
1534
1541
1568
1590
1594
1594
1595
1595
1595
1595
1609
1643
1643
1659
1668
1678
1679
1679
1694
1694
1694
1694
1710
1712
1712
1712
1712
1720
1720
1731
1731
1731
1735
1739
1741
1741
1741
1741
1741
1749
1791
1798
1798
1800
1800
1804
1804
1804
1804
1806
1827
1828
1828
1841
1841
1850
1865
1867
1867
1876
1876
1876
1876
1883
1887
1887
1887
1905
1915
1915
1924
1930
1941
1960
1960
1960
1960
1979
2003
2003
2003
2003
2028
2028
2028
2028
2028
2030
2032
2032
2032
2033
2041
2047
2085
2094
2121
2154
2168
2180
2208
2208
2208
2208
2213
2231
2246
2268
2268
2268
2278
2278
2306
2306
2306
2306
2323
2323
2323
2323
2323
2323
2323
2327
2327
2327
2338
2338
2354
2357
2357
2357
2357
2357
2371
2372
2375
2396
2396
2396
2397
2397
2397
2397
2403
2410
2412
2438
2438
2453
2458
2465
2465
2469
2480
2480
2480
2493
2506
2506
2516
2543
2543
2543
2568
2573
2579
2584
2584
2584
2584
2616
2638
2638
2638
2638
2656
2659
2659
2659
2659
2659
2659
2659
2659
2665
2673
2689
2713
2726
2731
2762
2762
2793
2810
2810
2810
2810
2810
2817
2828
2862
2862
2867
2881
2882
2923
2923
2923
2923
2946
2950
2958
2958
2966
2967
2967
2976
2981
2995
3010
3010
3013
3013
3013
3019
3019
3019
3025
3025
3039
3055
3055
3055
3060
3077
3078
3078
3079
3080
3084
3092
3092
3120
3125
3130
