0
2
8
13
13
13
21
21
27
27
27
27
27
27
27
41
41
41
41
48
48
48
48
48
48
67
77
77
82
92
92
92
111
112
136
151
151
158
158
158
158
159
171
178
200
203
203
203
203
203
203
203
223
236
236
236
236
236
236
241
269
270
279
280
287
289
289
289
289
289
303
320
320
320
327
338
338
348
348
348
348
348
361
361
365
375
375
393
393
393
393
393
397
397
397
397
397
407
407
410
413
413
413
413
419
419
419
419
419
424
424
424
424
424
424
424
424
424
429
452
471
471
480
480
480
480
503
515
526
534
545
554
554
554
554
554
554
566
595
595
595
607
612
612
612
627
653
661
661
661
661
661
661
661
680
680
691
694
704
714
714
714
714
714
716
720
720
720
727
736
736
736
736
736
736
736
740
740
740
751
752
752
752
752
752
752
752
759
759
759
764
778
778
780
781
781
781
781
782
782
782
782
786
792
792
792
792
793
793
793
795
795
795
832
850
850
850
853
853
853
868
879
879
884
893
911
912
923
930
930
930
950
981
984
984
994
1010
1013
1019
1023
1039
1042
1042
1042
1042
1042
1042
1044
1059
1059
1059
1059
1062
1062
1062
1062
1062
1062
1062
1062
1062
1062
1062
1067
1067
1068
1073
1073
1073
1079
1085
1085
1085
1093
1099
1103
1105
1105
1105
1105
1105
1106
1106
1106
1121
1135
1136
1146
1149
1149
1149
1149
1149
1149
1149
1149
1155
1164
1164
1164
1164
1164
1171
1171
1171
1172
1174
1202
1207
1207
1207
1220
1220
1227
1229
1241
1241
1248
1248
1260
1260
1274
1274
1276
1276
1285
1304
1308
1308
1309
1315
1317
1323
1337
1337
1337
1337
1337
1337
1339
1344
1349
1365
1365
1365
1365
1365
1365
1365
1365
1365
1365
1365
1365
1366
1366
1366
1369
1369
1369
1369
1369
1372
1372
1372
1372
1372
1376
1385
1385
1385
1385
1385
1385
1388
1392
1392
1398
1412
1413
1422
1441
1442
1442
1447
1468
1479
1479
1484
1484
1484
1496
1496
1512
1512
1512
1518
1528
1528
1528
1528
1551
1563
1567
1567
1567
1567
1577
1578
1596
1598
1618
1628
1651
1670
1674
1674
1679
1679
1689
1713
1714
1714
1714
1720
1723
1742
1751
1759
1759
1759
1761
1761
1777
1783
1783
1796
1796
1796
1796
1796
1807
1807
1807
1807
1807
1811
1811
1811
1811
1811
1825
1826
1826
1826
1826
1826
1832
1841
1841
1841
1841
1841
1841
1841
1841
1841
1841
1844
1844
1844
1845
1855
1855
1855
1872
1874
1874
1875
1896
1902
1902
1902
1902
1902
1907
1910
1922
1922
1930
1931
1931
1931
1931
1931
1945
1967
1967
1967
1967
1967
