0
0
3
27
46
59
75
93
93
93
93
93
93
117
117
117
130
131
171
179
192
197
221
230
230
230
233
233
233
250
258
261
279
279
279
279
290
311
311
311
314
314
314
338
338
346
346
348
358
358
358
358
358
358
358
358
363
365
370
370
395
395
395
397
402
402
402
414
419
454
471
471
475
475
475
475
475
504
521
521
521
521
539
542
542
542
542
548
548
555
561
561
561
561
561
561
568
582
602
624
637
656
656
656
657
657
657
701
701
701
713
713
744
772
773
773
778
796
799
799
799
799
800
820
820
832
863
863
863
863
863
869
869
869
884
884
895
908
908
908
920
920
920
920
920
920
920
920
920
928
931
931
931
931
956
957
957
959
959
967
975
988
1001
1018
1038
1040
1047
1047
1047
1047
1047
1056
1087
1087
1098
1103
1117
1129
1129
1137
1139
1143
1143
1143
1144
1144
1144
1144
1146
1146
1151
1155
1171
1180
1190
1200
1202
1202
1202
1202
1202
1244
1259
1259
1271
1271
1281
1293
1302
1312
1312
1312
1312
1312
1312
1312
1322
1327
1335
1335
1358
1360
1367
1367
1372
1375
1375
1375
1390
1390
1394
1424
1424
1431
1442
1442
1442
1442
1451
1469
1472
1472
1472
1473
1474
1474
1474
1474
1490
1493
1493
1493
1493
1493
1493
1523
1531
1558
1579
1582
1582
1584
1584
1584
1584
1599
1633
1633
1649
1657
1667
1667
1667
1684
1684
1684
1684
1700
1702
1702
1702
1704
1711
1711
1721
1721
1721
1723
1727
1728
1728
1728
1728
1728
1734
1778
1783
1785
1785
1785
1789
1789
1789
1789
1790
1812
1814
1814
1826
1826
1836
1852
1855
1855
1863
1863
1863
1863
1870
1875
1875
1875
1894
1903
1903
1911
1918
1927
1944
1944
1944
1944
1962
1987
1987
1987
1988
2012
2012
2012
2012
2012
2013
2016
2016
2016
2016
2022
2030
2068
2076
2106
2136
2151
2163
2191
2191
2191
2191
2196
2212
2228
2251
2251
2251
2260
2260
2285
2285
2285
2285
2302
2302
2302
2302
2302
2302
2302
2306
2306
2306
2317
2317
2331
2333
2333
2333
2333
2333
2347
2347
2347
2371
2371
2371
2372
2372
2372
2372
2375
2382
2386
2411
2411
2428
2432
2440
2440
2443
2451
2451
2451
2462
2474
2474
2483
2509
2509
2509
2534
2538
2546
2550
2550
2550
2550
2583
2604
2604
2604
2604
2622
2625
2625
2625
2625
2625
2625
2625
2625
2629
2638
2654
2679
2690
2695
2726
2727
2758
2775
2775
2775
2775
2775
2783
2793
2825
2825
2831
2845
2845
2887
2887
2887
2887
2909
2914
2922
2922
2931
2932
2932
2940
2947
2960
2975
2975
2979
2979
2979
2984
2984
2984
2992
2992
3005
3020
3020
3020
3024
3041
3043
3043
3045
3047
3048
3058
3058
3086
3091
3096
