0
0
4
26
45
57
75
93
93
93
93
93
93
118
118
118
133
136
176
184
199
200
226
234
234
234
238
238
238
253
260
263
283
283
283
283
295
318
318
318
322
322
322
347
347
358
358
359
369
369
369
369
369
369
369
369
374
376
382
384
409
409
409
412
417
417
417
431
437
471
487
487
493
493
493
493
493
521
541
541
541
541
560
566
566
567
567
572
572
582
589
589
589
589
589
589
594
610
629
650
665
684
684
684
685
685
686
731
731
731
743
743
776
802
803
803
807
826
830
830
830
830
834
851
853
865
895
895
895
895
895
901
901
901
916
916
929
943
943
943
954
954
954
954
954
954
954
954
954
964
967
967
967
967
997
997
997
1001
1001
1008
1013
1029
1043
1057
1079
1081
1089
1091
1091
1091
1091
1103
1133
1133
1142
1149
1164
1178
1178
1181
1184
1189
1189
1190
1190
1190
1190
1190
1194
1194
1199
1204
1219
1225
1237
1246
1249
1249
1249
1249
1249
1291
1307
1307
1318
1318
1329
1341
1348
1359
1359
1359
1359
1359
1360
1360
1369
1376
1385
1385
1406
1410
1417
1417
1421
1424
1424
1424
1436
1440
1442
1474
1474
1478
1487
1487
1487
1487
1498
1515
1518
1518
1518
1521
1521
1521
1521
1521
1540
1540
1540
1540
1540
1540
1540
1571
1578
1607
1628
1631
1631
1635
1635
1635
1635
1651
1685
1685
1701
1710
1720
1720
1720
1735
1735
1735
1735
1754
1755
1755
1755
1755
1765
1765
1778
1778
1778
1782
1786
1788
1788
1788
1788
1788
1796
1837
1847
1847
1849
1849
1854
1854
1854
1854
1855
1879
1879
1879
1893
1893
1905
1918
1919
1919
1929
1929
1929
1929
1939
1943
1943
1943
1963
1970
1970
1978
1985
1998
2014
2014
2014
2014
2035
2060
2060
2060
2060
2087
2087
2087
2087
2087
2091
2091
2091
2091
2091
2098
2104
2143
2151
2179
2211
2227
2240
2268
2268
2268
2268
2272
2290
2306
2327
2327
2327
2337
2337
2367
2367
2367
2367
2385
2385
2385
2385
2385
2385
2385
2390
2390
2390
2401
2401
2415
2417
2417
2417
2417
2417
2431
2432
2432
2456
2456
2456
2460
2460
2461
2461
2464
2472
2474
2501
2501
2522
2523
2530
2530
2532
2541
2541
2541
2553
2564
2564
2574
2599
2599
2600
2626
2629
2636
2642
2642
2642
2642
2675
2696
2696
2696
2696
2717
2720
2720
2720
2720
2720
2720
2720
2723
2728
2737
2755
2778
2790
2794
2824
2825
2856
2875
2875
2875
2875
2875
2885
2897
2931
2931
2936
2950
2953
2992
2992
2992
2992
3014
3020
3027
3027
3037
3039
3039
3050
3057
3068
3082
3082
3087
3087
3087
3091
3091
3091
3098
3098
3114
3127
3127
3127
3132
3149
3150
3150
3151
3156
3156
3166
3167
3196
3201
3205
