0
0
2
8
8
26
26
26
26
26
29
29
29
29
29
39
39
43
43
43
43
48
48
48
48
48
48
52
52
52
52
52
52
52
52
52
73
79
98
98
105
105
105
105
129
148
151
167
173
179
179
179
179
179
179
200
220
220
220
237
237
237
240
255
279
286
286
286
286
286
286
290
304
309
319
321
333
339
339
339
339
339
344
344
344
344
354
359
359
359
359
359
359
359
361
361
361
372
373
374
374
374
374
374
381
381
381
381
387
399
399
403
403
403
403
406
406
406
406
406
415
419
419
419
419
421
421
421
424
424
436
463
481
481
482
486
486
486
500
514
514
520
537
544
544
563
563
563
563
589
616
616
616
642
642
651
651
655
674
675
675
675
675
675
676
688
691
691
691
691
693
693
693
693
693
693
693
693
693
693
696
699
699
703
704
704
704
710
715
715
715
724
733
734
734
734
734
734
735
735
735
735
750
762
764
777
777
777
777
777
777
777
777
777
789
792
792
792
792
792
799
799
799
799
810
830
834
834
834
846
846
854
862
865
865
875
880
886
886
900
900
903
903
914
931
935
935
944
944
951
955
965
965
965
965
965
965
972
972
988
993
993
993
993
993
993
993
993
993
993
993
993
995
995
997
997
997
997
997
998
1000
1000
1000
1000
1000
1004
1013
1013
1013
1013
1013
1013
1019
1019
1019
1025
1039
1039
1048
1067
1067
1067
1085
1105
1105
1105
1109
1109
1121
1121
1121
1135
1135
1135
1152
1152
1152
1152
1160
1173
1190
1190
1190
1190
1190
1200
1211
1220
1220
1240
1266
1274
1297
1297
1297
1301
1301
1310
1335
1335
1335
1337
1341
1344
1365
1372
1380
1380
1380
1382
1382
1406
1406
1416
1417
1417
1417
1417
1422
1429
1429
1429
1429
1429
1434
1434
1434
1434
1439
1449
1449
1449
1449
1449
1449
1464
1464
1464
1464
1464
1464
1464
1464
1464
1464
1464
1468
1468
1468
1468
1479
1479
1479
1498
1498
1498
1508
1526
1526
1526
1526
1526
1526
1532
1537
1547
1547
1553
1557
1557
1557
1557
1557
1572
1592
1592
1592
1592
1595
1602
1609
1627
1629
1634
1649
1649
1658
1658
1658
1658
1658
1663
1672
1672
1672
1680
1686
1686
1694
1694
1695
1695
1695
1700
1700
1723
1723
1724
1735
1735
1735
1735
1735
1735
1735
1735
1743
1743
1749
1750
1756
1756
1760
1760
1760
1760
1760
1760
1760
1769
1774
1774
1774
1774
1780
1780
1780
1780
1780
1794
1802
1808
1808
1812
1823
1823
1823
1844
1865
1869
1883
1890
1891
1891
1891
1891
1903
1903
1917
1934
1934
