0
1
6
10
10
10
14
14
15
15
15
15
15
15
15
30
30
30
30
33
33
33
33
33
33
53
62
62
65
77
77
77
98
100
127
145
145
152
154
154
154
154
165
173
199
202
202
202
202
202
202
202
224
239
239
239
239
239
239
242
275
276
285
285
294
296
296
296
296
296
310
329
329
329
334
348
348
358
358
358
358
358
371
371
375
386
386
409
409
409
409
409
410
410
410
410
410
418
418
418
421
421
421
421
426
426
426
426
426
429
429
429
429
429
429
429
429
429
430
459
481
481
488
488
488
488
513
529
539
548
562
574
574
574
574
574
574
583
618
618
618
629
633
633
633
648
678
688
688
688
688
688
688
688
706
706
716
722
734
744
744
744
744
744
744
748
748
748
751
763
763
763
763
763
763
763
767
767
767
778
778
778
779
779
779
779
780
784
784
784
792
805
805
805
806
806
806
806
807
807
807
807
810
818
818
818
818
818
818
818
820
820
820
862
884
884
884
886
886
886
900
912
912
912
923
946
946
961
967
967
967
985
1024
1026
1026
1036
1055
1058
1065
1070
1089
1093
1093
1093
1093
1093
1093
1093
1110
1110
1110
1110
1110
1110
1110
1110
1110
1110
1110
1110
1110
1110
1110
1114
1114
1116
1121
1121
1121
1122
1132
1132
1132
1140
1148
1151
1152
1152
1152
1152
1152
1152
1152
1152
1167
1182
1184
1195
1199
1199
1199
1199
1199
1199
1199
1199
1202
1217
1217
1217
1217
1217
1221
1221
1221
1221
1221
1256
1261
1261
1261
1274
1274
1281
1282
1295
1295
1304
1305
1319
1319
1333
1333
1336
1336
1343
1367
1370
1370
1370
1376
1379
1386
1402
1402
1402
1402
1402
1402
1403
1409
1415
1432
1432
1432
1432
1432
1432
1432
1432
1432
1432
1432
1432
1432
1432
1432
1432
1432
1432
1432
1432
1432
1433
1433
1433
1433
1436
1445
1445
1445
1445
1445
1445
1448
1451
1451
1456
1472
1472
1481
1502
1502
1502
1506
1530
1543
1543
1544
1544
1544
1555
1555
1569
1569
1569
1574
1585
1585
1585
1585
1610
1622
1625
1625
1625
1625
1634
1635
1656
1659
1678
1692
1718
1739
1744
1744
1746
1746
1754
1782
1784
1784
1784
1789
1791
1814
1823
1833
1833
1833
1835
1835
1852
1859
1859
1874
1874
1874
1874
1874
1884
1884
1884
1884
1884
1886
1886
1886
1886
1886
1899
1899
1899
1899
1899
1899
1905
1914
1914
1914
1914
1914
1914
1914
1914
1914
1914
1916
1916
1916
1916
1926
1926
1926
1945
1947
1947
1948
1971
1979
1979
1979
1979
1979
1983
1987
2000
2000
2006
2006
2006
2006
2006
2006
2021
2046
2046
2046
2046
2046
