0
0
0
0
0
0
0
0
0
0
0
0
0
0
0
0
0
0
0
0
0
10
12
12
12
12
12
12
15
15
16
38
38
44
60
78
78
78
108
129
129
129
129
129
138
138
152
152
152
152
168
168
168
168
192
210
216
216
216
216
223
226
246
255
266
285
328
348
363
363
364
364
364
404
408
408
408
411
412
418
456
468
469
469
469
469
469
495
495
511
515
515
515
515
525
525
525
525
525
526
526
526
526
526
531
540
540
540
540
540
540
555
555
555
555
555
555
555
555
555
555
555
555
555
555
564
564
564
574
589
589
589
621
629
629
629
629
629
632
632
655
655
655
656
658
658
658
658
669
705
705
705
705
705
708
712
740
753
760
765
783
798
798
798
798
798
798
812
812
812
812
822
826
826
836
836
837
837
837
837
840
865
865
876
879
879
879
879
879
879
879
879
883
884
884
884
887
887
887
887
887
887
887
887
887
900
900
900
900
901
901
901
901
901
901
924
938
938
939
953
953
953
963
976
1013
1023
1036
1047
1047
1047
1047
1047
1061
1061
1102
1105
1105
1105
1105
1105
1105
1105
1129
1149
1149
1149
1149
1149
1149
1149
1177
1192
1194
1206
1218
1218
1218
1218
1218
1218
1231
1258
1258
1258
1258
1278
1278
1278
1286
1286
1286
1286
1299
1299
1299
1318
1318
1346
1346
1346
1346
1346
1346
1346
1346
1346
1346
1352
1352
1352
1352
1352
1352
1352
1352
1352
1352
1352
1352
1353
1353
1353
1353
1353
1353
1353
1353
1353
1353
1387
1417
1417
1421
1421
1421
1421
1446
1450
1483
1485
1510
1525
1525
1525
1525
1525
1525
1533
1580
1580
1580
1580
1596
1596
1596
1614
1653
1666
1666
1666
1666
1666
1666
1666
1685
1686
1699
1705
1719
1735
1735
1735
1735
1735
1735
1735
1735
1735
1735
1750
1750
1750
1750
1750
1750
1750
1750
1750
1750
1759
1766
1766
1766
1766
1766
1766
1766
1771
1771
1771
1772
1792
1792
1792
1792
1792
1792
1792
1792
1792
1792
1792
1792
1802
1802
1802
1802
1802
1802
1802
1802
1802
1802
1846
1879
1879
1879
1882
1882
1882
1896
1898
1914
1914
1921
1953
1954
1968
1982
1982
1982
1990
2052
2055
2055
2058
2087
2091
2101
2107
2131
2138
2138
2138
2138
2138
2138
2138
2156
2156
2156
2156
2156
2156
2156
2156
2156
2156
2156
2156
2156
2156
2156
2156
2156
2156
2157
2157
2157
2157
2167
2167
2167
2167
2181
2187
2189
2189
2189
2189
2189
2189
2189
2189
2204
2224
2224
2231
2246
2246
2246
2246
2246
2246
2246
2246
2246
2262
2262
2262
2262
2262
2262
2265
2265
2265
2265
2296
2311
2311
2311
