0
0
0
0
0
3
9
25
25
29
29
29
29
29
29
44
77
77
77
77
77
79
84
121
123
134
154
154
167
167
167
167
167
168
181
181
181
185
196
196
205
205
208
208
208
209
209
238
238
238
250
250
250
250
250
250
250
250
256
256
258
258
259
260
260
260
260
260
260
260
260
263
273
273
273
273
276
276
276
276
276
276
300
312
312
313
327
327
327
349
369
388
408
411
419
419
419
419
422
432
451
476
476
476
476
476
476
476
476
503
522
522
522
522
522
522
522
565
565
578
578
589
589
589
589
589
589
603
627
627
627
645
646
646
654
654
654
654
654
667
667
674
685
685
712
712
712
712
712
712
712
712
712
712
718
718
718
718
718
718
718
720
720
720
720
720
721
721
721
721
721
721
721
721
721
731
754
784
784
790
790
790
790
817
840
850
867
882
892
892
892
892
892
892
915
946
946
946
962
963
963
963
981
1019
1033
1033
1033
1033
1033
1033
1035
1054
1054
1073
1073
1094
1102
1102
1102
1102
1102
1102
1103
1103
1103
1108
1119
1119
1119
1119
1119
1119
1119
1119
1119
1119
1134
1135
1135
1135
1135
1135
1135
1138
1138
1138
1138
1141
1160
1160
1160
1160
1160
1160
1160
1160
1160
1160
1160
1165
1170
1170
1170
1170
1170
1170
1170
1170
1170
1171
1221
1246
1246
1247
1250
1250
1250
1265
1282
1282
1287
1304
1322
1322
1350
1350
1350
1350
1378
1421
1422
1422
1454
1455
1468
1468
1476
1501
1504
1504
1504
1504
1504
1504
1516
1520
1520
1520
1520
1520
1520
1520
1520
1520
1520
1520
1520
1520
1520
1520
1521
1521
1521
1524
1524
1524
1524
1533
1533
1533
1540
1552
1557
1557
1557
1557
1557
1557
1557
1557
1557
1571
1591
1593
1611
1611
1611
1611
1611
1611
1611
1611
1611
1622
1626
1626
1626
1626
1626
1630
1630
1630
1630
1636
1669
1677
1677
1677
1689
1689
1695
1698
1712
1712
1725
1725
1742
1742
1762
1763
1766
1766
1777
1802
1807
1807
1811
1811
1823
1825
1845
1845
1845
1845
1845
1845
1850
1850
1872
1880
1880
1880
1880
1880
1880
1880
1880
1880
1880
1880
1880
1880
1880
1880
1880
1880
1880
1880
1880
1880
1880
1880
1880
1880
1881
1891
1891
1891
1891
1891
1891
1895
1895
1895
1896
1917
1919
1928
1957
1957
1957
1970
2006
2006
2006
2006
2006
2009
2016
2016
2031
2031
2031
2043
2048
2048
2048
2048
2075
2095
2095
2095
2095
2095
2103
2118
2136
2136
2159
2196
2209
2239
2242
2242
2243
2243
2250
2286
2289
2289
2289
2294
2297
2325
2337
2349
2349
2349
2349
2349
2370
2375
2390
2394
2394
2394
2394
2394
2405
2405
2405
