0
0
0
0
1
5
10
17
17
21
22
22
22
22
22
31
47
47
47
47
47
53
55
72
73
79
87
88
94
94
94
94
94
99
106
106
106
110
115
115
121
121
123
123
123
127
127
144
144
144
154
154
154
154
154
154
154
154
158
158
163
163
167
167
170
170
170
170
170
170
170
175
180
180
180
180
184
184
184
184
184
184
198
203
203
206
212
212
212
224
233
242
252
252
257
257
257
257
262
267
277
289
289
289
290
290
290
290
291
306
315
315
315
315
315
318
319
339
339
347
347
353
353
353
353
353
353
362
373
373
373
386
388
388
395
395
396
396
396
407
407
409
415
415
426
426
426
426
427
429
429
429
429
429
436
436
439
440
440
440
440
443
443
443
443
443
448
448
448
448
448
448
448
448
448
456
469
480
480
485
485
485
485
501
511
517
527
533
538
538
538
538
538
538
552
566
566
566
577
577
577
577
587
605
611
611
611
611
611
611
614
624
624
634
634
644
647
647
647
647
647
649
650
650
650
655
660
660
660
660
660
660
660
664
664
664
671
672
672
672
672
672
672
676
676
676
677
681
690
690
694
694
694
694
694
696
696
696
696
702
704
704
704
704
705
705
705
708
708
712
736
746
746
748
750
750
750
760
768
768
774
781
790
790
802
802
802
802
819
839
839
839
857
857
864
864
865
878
879
879
879
879
879
881
888
892
892
892
892
892
892
892
892
892
892
892
892
892
892
894
896
896
899
902
902
902
904
910
910
910
916
922
923
923
923
923
923
924
924
924
924
934
943
944
954
954
954
954
954
954
954
954
954
962
963
963
963
963
963
967
967
968
968
973
988
992
992
992
1001
1001
1008
1009
1015
1015
1021
1021
1029
1029
1038
1038
1039
1039
1048
1060
1062
1062
1068
1068
1074
1074
1083
1083
1083
1083
1083
1083
1089
1089
1099
1103
1103
1103
1103
1103
1103
1103
1104
1104
1104
1104
1104
1104
1104
1106
1107
1107
1107
1107
1108
1109
1109
1109
1109
1109
1111
1118
1118
1118
1118
1118
1118
1125
1125
1125
1131
1140
1140
1148
1160
1160
1160
1168
1187
1187
1187
1190
1190
1195
1199
1199
1210
1210
1210
1219
1221
1221
1221
1226
1238
1250
1250
1250
1250
1250
1257
1264
1272
1272
1286
1303
1309
1322
1324
1324
1327
1328
1333
1350
1351
1351
1352
1356
1358
1371
1376
1381
1381
1381
1384
1384
1397
1400
1406
1409
1409
1409
1409
1413
1418
1418
1418
