0
5
7
13
14
17
22
22
27
27
27
27
27
27
31
40
40
40
40
48
48
48
48
48
48
68
71
71
79
87
87
87
105
105
123
134
134
139
141
141
142
148
154
162
178
179
179
183
183
183
183
183
201
211
211
211
211
211
211
218
241
244
255
256
267
267
267
267
269
269
281
294
294
294
300
310
310
317
319
320
322
322
335
335
337
346
346
359
359
359
359
359
364
364
364
364
364
373
373
376
378
378
379
379
387
387
387
387
387
393
393
393
393
393
393
393
393
393
400
417
430
430
437
437
437
437
459
467
476
484
492
499
499
499
499
499
499
510
532
532
532
541
545
545
545
561
578
584
584
584
584
584
584
584
600
600
611
614
620
626
626
628
628
628
634
634
634
635
640
646
646
649
649
649
649
649
654
654
657
665
667
667
667
667
667
667
672
677
677
680
687
694
694
698
698
698
698
698
703
703
703
703
711
714
714
714
714
718
718
718
724
724
724
755
768
768
773
777
777
777
791
800
800
802
810
824
824
837
838
838
838
856
879
884
884
896
905
909
912
915
928
932
932
932
932
932
932
935
946
946
946
946
949
949
949
949
949
949
949
949
949
956
956
962
962
967
970
970
970
975
981
981
981
990
994
997
998
998
998
998
1001
1003
1003
1003
1018
1027
1030
1038
1039
1039
1039
1040
1040
1040
1040
1040
1048
1055
1055
1057
1057
1060
1065
1066
1070
1070
1073
1097
1099
1099
1099
1110
1110
1119
1122
1128
1128
1136
1136
1147
1148
1156
1157
1159
1159
1167
1183
1187
1187
1193
1196
1199
1204
1213
1213
1213
1213
1214
1214
1220
1222
1226
1238
1238
1238
1238
1238
1238
1238
1241
1241
1241
1241
1241
1243
1246
1246
1248
1248
1248
1248
1248
1252
1253
1253
1253
1253
1258
1265
1265
1265
1265
1265
1265
1269
1272
1272
1281
1290
1291
1302
1315
1315
1315
1323
1337
1346
1346
1349
1349
1350
1358
1358
1371
1371
1372
1377
1386
1389
1389
1391
1408
1419
1423
1423
1425
1425
1433
1435
1448
1450
1467
1476
1492
1506
1507
1507
1512
1512
1520
1542
1542
1542
1542
1549
1552
1567
1573
1577
1577
1577
1582
1582
1595
1601
1601
1610
1610
1610
1612
1612
1622
1622
1622
1622
1622
1628
1628
1630
1630
1631
1644
1644
1644
1644
1645
1646
1653
1660
1660
1660
1660
1662
1662
1662
1662
1662
1662
1670
1670
1670
1672
1681
1681
1681
1698
1698
1698
1702
1717
1722
1722
1722
1722
1722
1729
1732
1741
1741
1747
1751
1751
1751
1751
1751
1763
1779
1779
1779
1781
1781
