0
0
0
6
6
22
22
22
22
22
25
25
25
25
25
33
33
37
37
37
37
41
41
41
41
41
41
45
45
45
45
45
45
45
45
45
60
70
87
87
94
94
94
94
114
131
135
147
154
160
160
160
160
160
160
177
196
196
196
210
210
210
212
226
247
255
255
255
255
255
255
258
270
272
282
283
295
300
300
300
300
300
303
305
305
305
313
318
318
318
318
318
318
318
320
320
320
330
330
331
331
331
331
331
336
336
336
336
340
353
353
354
354
354
354
354
354
354
354
354
361
363
363
363
363
363
363
363
364
364
378
398
414
414
415
417
417
417
430
439
439
446
460
467
468
484
484
484
484
508
531
532
532
554
554
562
562
566
583
584
584
584
584
584
585
596
597
597
597
597
599
599
599
599
599
599
599
599
599
599
600
602
602
606
606
606
606
609
614
614
614
621
630
631
631
631
631
631
631
631
631
631
645
657
658
669
669
669
669
669
669
669
669
669
679
682
682
682
682
682
687
687
687
687
696
713
718
718
718
729
729
735
742
746
746
754
757
764
764
777
778
779
779
789
804
807
807
813
813
820
823
833
833
833
833
833
833
839
839
852
857
857
857
857
857
857
857
857
857
857
857
857
857
857
858
858
858
858
858
858
859
859
859
859
859
863
871
871
871
871
871
871
875
875
875
880
892
893
900
919
919
919
933
951
951
951
954
954
962
963
963
974
974
974
987
987
987
987
993
1007
1020
1020
1020
1020
1020
1028
1038
1048
1048
1065
1088
1095
1116
1116
1116
1119
1119
1127
1148
1151
1151
1152
1155
1158
1177
1183
1190
1190
1190
1192
1192
1210
1211
1220
1223
1223
1223
1223
1226
1232
1232
1232
1232
1232
1234
1234
1234
1234
1238
1247
1247
1247
1247
1247
1247
1259
1259
1259
1259
1259
1259
1259
1259
1259
1259
1259
1261
1261
1261
1261
1271
1271
1271
1285
1287
1287
1297
1313
1313
1313
1313
1313
1313
1317
1322
1331
1331
1338
1338
1338
1338
1338
1338
1352
1371
1371
1371
1371
1372
1378
1386
1401
1403
1407
1421
1421
1429
1429
1429
1429
1429
1434
1441
1441
1441
1446
1452
1452
1459
1459
1460
1460
1460
1464
1464
1483
1483
1483
1493
1493
1493
1493
1493
1493
1493
1493
1498
1498
1500
1500
1508
1508
1510
1510
1510
1510
1510
1510
1510
1519
1523
1523
1523
1523
1527
1527
1527
1527
1527
1539
1543
1551
1551
1556
1564
1564
1564
1580
1600
1605
1617
1622
1624
1624
1624
1624
1634
1635
1648
1663
1663
