0
0
0
22
39
50
67
84
84
84
84
84
84
104
104
104
117
119
156
162
173
177
199
208
208
208
209
209
209
222
227
231
247
247
247
247
256
275
275
275
275
275
275
298
298
304
304
306
315
315
315
315
315
315
315
315
317
318
324
324
345
345
345
347
351
351
351
362
365
396
413
413
417
418
418
418
418
441
458
458
458
458
472
476
476
476
476
479
479
487
493
493
493
493
493
493
496
510
530
549
560
578
578
578
578
578
578
617
617
617
625
625
652
676
677
677
681
698
701
701
701
701
702
717
718
730
758
758
758
758
758
762
762
762
773
773
782
793
793
793
801
801
801
801
801
801
801
801
801
806
810
810
810
810
829
832
832
833
833
838
844
860
871
885
904
907
912
912
912
912
912
920
948
948
958
961
973
986
986
992
993
998
998
998
998
998
998
998
999
999
1004
1005
1021
1027
1038
1046
1051
1051
1051
1051
1051
1087
1102
1102
1111
1111
1116
1128
1136
1144
1144
1144
1144
1144
1144
1144
1150
1157
1163
1163
1182
1185
1192
1192
1192
1195
1195
1195
1204
1205
1211
1236
1236
1242
1250
1250
1250
1250
1257
1273
1278
1278
1278
1278
1278
1278
1278
1278
1292
1292
1292
1292
1292
1292
1292
1316
1323
1349
1369
1371
1371
1372
1372
1372
1372
1384
1415
1415
1427
1433
1442
1442
1442
1455
1455
1455
1455
1469
1471
1471
1471
1471
1478
1478
1486
1486
1486
1487
1490
1491
1491
1491
1491
1491
1495
1535
1540
1540
1542
1542
1545
1545
1545
1545
1545
1562
1565
1565
1578
1578
1585
1599
1600
1600
1605
1605
1605
1605
1609
1612
1612
1612
1626
1635
1635
1641
1647
1656
1671
1671
1671
1671
1685
1708
1708
1708
1708
1728
1728
1728
1728
1728
1728
1730
1730
1730
1730
1734
1740
1776
1784
1809
1838
1852
1860
1885
1885
1885
1885
1887
1904
1916
1936
1936
1936
1941
1941
1963
1963
1963
1963
1977
1977
1977
1977
1977
1977
1977
1980
1980
1980
1990
1990
2002
2005
2005
2005
2005
2005
2014
2014
2015
2036
2037
2037
2037
2037
2037
2037
2040
2045
2049
2073
2073
2085
2089
2095
2095
2099
2105
2105
2105
2113
2125
2125
2134
2155
2156
2156
2177
2181
2190
2192
2192
2192
2192
2220
2239
2239
2239
2239
2254
2258
2258
2258
2258
2258
2258
2258
2258
2260
2268
2283
2305
2316
2321
2348
2348
2378
2393
2393
2393
2393
2393
2400
2410
2439
2439
2442
2455
2455
2491
2491
2491
2491
2511
2513
2521
2521
2528
2528
2528
2533
2539
2551
2563
2563
2565
2565
2565
2567
2567
2567
2571
2571
2584
2598
2598
2598
2601
2616
2617
2617
2617
2619
2619
2628
2628
2652
2655
2659
