0
0
6
8
8
8
10
10
10
10
10
10
10
10
10
31
31
31
31
33
33
33
33
33
33
66
88
88
88
111
111
111
146
150
203
239
239
255
257
257
257
257
275
288
342
347
347
347
347
347
347
347
385
414
414
414
414
414
414
414
477
479
499
500
522
522
522
522
522
522
541
582
582
582
589
613
613
625
625
625
625
625
646
646
652
674
674
718
718
718
718
718
718
718
718
718
718
728
728
728
728
728
728
728
728
728
728
728
728
728
728
728
728
728
728
728
728
728
728
780
826
826
832
832
832
832
875
905
928
946
972
993
993
993
993
993
993
1007
1076
1076
1076
1091
1103
1103
1103
1130
1190
1211
1211
1211
1211
1211
1211
1211
1244
1244
1262
1271
1293
1319
1319
1319
1319
1319
1319
1319
1319
1319
1320
1343
1343
1343
1343
1343
1343
1343
1343
1343
1343
1366
1366
1366
1366
1366
1366
1366
1366
1370
1370
1370
1373
1402
1402
1402
1402
1402
1402
1402
1402
1402
1402
1402
1404
1420
1420
1420
1420
1420
1420
1420
1420
1420
1420
1499
1538
1538
1539
1546
1546
1546
1569
1595
1595
1595
1611
1656
1656
1690
1701
1701
1701
1728
1810
1815
1815
1827
1865
1870
1884
1895
1934
1942
1942
1942
1942
1942
1942
1942
1968
1968
1968
1968
1968
1968
1968
1968
1968
1968
1968
1968
1968
1968
1968
1968
1968
1968
1969
1969
1969
1969
1983
1983
1983
1991
2006
2016
2016
2016
2016
2016
2016
2016
2016
2016
2039
2070
2073
2098
2105
2105
2105
2105
2105
2105
2105
2105
2108
2127
2127
2127
2127
2127
2133
2133
2133
2133
2133
2197
2204
2204
2204
2226
2226
2234
2237
2262
2262
2281
2282
2308
2308
2337
2340
2346
2346
2352
2400
2407
2407
2407
2415
2419
2434
2468
2468
2468
2468
2468
2468
2468
2476
2484
2523
2523
2523
2523
2523
2523
2523
2523
2523
2523
2523
2523
2523
2523
2523
2523
2523
2523
2523
2523
2523
2523
2523
2523
2523
2523
2539
2539
2539
2539
2539
2539
2539
2544
2544
2548
2581
2581
2595
2641
2641
2641
2644
2692
2718
2718
2718
2718
2718
2735
2735
2758
2758
2758
2760
2784
2784
2784
2784
2827
2850
2858
2858
2858
2858
2871
2873
2914
2920
2955
2983
3034
3076
3087
3087
3087
3087
3096
3153
3153
3153
3153
3159
3163
3208
3228
3247
3247
3247
3247
3247
3275
3291
3291
3318
3318
3318
3318
3318
3333
3333
3333
3333
3333
3333
3333
3333
3333
3333
3354
3354
3354
3354
3354
3354
3358
3377
3377
3377
3377
3377
3377
3377
3377
3377
3377
3377
3377
3377
3377
3392
3392
3392
3423
3428
3428
3430
3475
3489
3489
3489
3489
3489
3495
3501
3529
3529
3532
3534
3534
3534
3534
3534
3553
3605
3605
3605
3605
3605
