0
0
5
10
10
10
14
14
18
18
18
18
18
18
18
29
29
29
29
33
33
33
33
33
33
48
56
56
60
68
68
68
84
86
107
119
119
125
126
126
126
126
135
141
161
163
163
163
163
163
163
163
180
191
191
191
191
191
191
194
218
219
226
227
235
236
236
236
236
236
248
263
263
263
267
278
278
285
285
285
285
285
295
295
298
306
306
322
322
322
322
322
325
325
325
325
325
333
333
333
336
336
336
336
339
339
339
339
339
342
342
342
342
342
342
342
342
342
345
364
382
382
388
388
388
388
406
417
426
433
442
451
451
451
451
451
451
459
486
486
486
494
498
498
498
511
534
541
541
541
541
541
541
541
555
555
564
567
575
586
586
586
586
586
587
588
588
588
592
600
600
600
600
600
600
600
602
602
602
612
612
612
612
612
612
612
612
617
617
617
621
632
632
633
635
635
635
635
635
635
635
635
638
645
645
645
645
645
645
645
646
646
646
679
694
694
694
697
697
697
709
718
718
718
727
745
745
756
761
761
761
775
804
807
807
816
829
831
837
841
855
858
858
858
858
858
858
858
873
873
873
873
873
873
873
873
873
873
873
873
873
874
874
877
877
877
880
880
880
882
890
890
890
897
902
906
906
906
906
906
906
906
906
906
919
928
930
939
941
941
941
941
941
941
941
941
945
953
953
953
953
953
957
957
957
957
957
983
987
987
987
997
997
1004
1006
1015
1015
1022
1022
1033
1033
1042
1046
1047
1047
1053
1072
1074
1074
1074
1079
1081
1088
1099
1099
1099
1099
1099
1099
1102
1107
1110
1125
1125
1125
1125
1125
1125
1125
1125
1125
1125
1125
1125
1125
1126
1126
1128
1128
1128
1128
1128
1128
1129
1129
1129
1129
1132
1139
1139
1139
1139
1139
1139
1140
1143
1143
1147
1160
1160
1166
1182
1183
1183
1187
1205
1217
1217
1221
1221
1221
1228
1228
1240
1240
1240
1244
1252
1252
1252
1252
1272
1279
1284
1284
1284
1284
1291
1293
1309
1309
1324
1334
1355
1370
1374
1374
1377
1377
1382
1404
1405
1405
1405
1413
1415
1431
1438
1445
1445
1445
1446
1446
1460
1466
1466
1477
1477
1477
1477
1477
1486
1486
1486
1486
1486
1490
1490
1490
1490
1490
1501
1502
1502
1502
1502
1502
1507
1513
1513
1513
1513
1513
1513
1513
1513
1513
1513
1516
1516
1516
1516
1523
1523
1523
1538
1541
1541
1541
1560
1565
1565
1565
1565
1565
1571
1573
1583
1583
1587
1588
1588
1588
1588
1588
1599
1619
1619
1619
1619
1619
