0
0
0
0
0
3
7
18
18
21
22
22
22
22
22
33
55
55
55
55
55
59
62
88
89
97
110
110
120
120
120
120
120
123
132
132
132
136
144
144
150
150
151
151
151
153
153
173
173
173
182
182
182
182
182
182
182
182
187
187
190
190
193
194
196
196
196
196
196
196
196
201
207
207
207
207
209
209
209
209
209
209
226
234
234
236
246
246
246
263
276
289
304
306
311
313
313
313
318
324
337
354
354
354
354
354
354
354
354
374
386
386
386
386
386
386
386
417
417
426
426
434
434
434
434
434
434
444
462
462
462
477
478
478
483
484
484
484
484
495
495
500
507
507
526
526
526
526
526
527
527
527
527
527
533
533
535
535
535
535
535
539
539
539
539
539
541
541
541
541
541
541
541
541
541
550
566
585
585
590
590
590
590
611
627
635
646
656
663
663
663
663
663
663
680
701
701
701
714
714
714
714
727
753
762
762
762
762
762
762
764
777
777
790
790
804
810
810
810
810
810
810
811
811
811
815
824
824
824
824
824
824
824
825
825
825
836
837
837
837
837
837
837
841
841
841
841
845
857
857
858
858
858
858
858
858
858
858
858
864
867
867
867
867
867
867
867
868
868
870
904
922
922
922
924
924
924
936
946
946
951
964
974
974
994
994
994
994
1015
1045
1045
1045
1068
1068
1077
1077
1082
1099
1102
1102
1102
1102
1102
1102
1112
1114
1114
1114
1114
1114
1114
1114
1114
1114
1114
1114
1114
1114
1114
1114
1116
1116
1116
1120
1120
1120
1120
1128
1128
1128
1135
1143
1145
1145
1145
1145
1145
1145
1145
1145
1145
1157
1171
1172
1186
1186
1186
1186
1186
1186
1186
1186
1186
1194
1198
1198
1198
1198
1198
1204
1204
1204
1204
1210
1234
1238
1238
1238
1248
1248
1253
1256
1265
1265
1275
1275
1286
1286
1300
1300
1302
1302
1310
1329
1331
1331
1336
1336
1344
1346
1359
1359
1359
1359
1359
1359
1363
1363
1378
1384
1384
1384
1384
1384
1384
1384
1384
1384
1384
1384
1384
1384
1384
1384
1384
1384
1384
1384
1384
1384
1384
1384
1384
1384
1385
1393
1393
1393
1393
1393
1393
1396
1396
1396
1400
1414
1415
1422
1442
1442
1442
1452
1479
1479
1479
1479
1479
1483
1488
1488
1500
1500
1500
1510
1513
1513
1513
1515
1534
1547
1547
1547
1547
1547
1554
1564
1576
1576
1593
1620
1628
1649
1651
1651
1652
1652
1660
1683
1685
1685
1685
1690
1693
1713
1721
1729
1729
1729
1729
1729
1745
1748
1760
1762
1762
1762
1762
1763
1770
1770
1770
