0
0
0
4
4
32
32
32
32
32
32
32
32
32
32
38
38
38
38
38
38
40
40
40
40
40
40
40
40
40
40
40
40
40
40
40
59
74
103
103
108
108
108
108
136
164
169
192
201
211
211
211
211
211
211
236
265
265
265
282
282
282
282
303
338
351
351
351
351
351
351
355
373
376
391
392
413
420
420
420
420
420
420
421
421
421
430
437
437
437
437
437
437
437
437
437
437
453
455
455
455
455
455
455
457
457
457
457
460
479
479
479
479
479
479
479
479
479
479
479
485
489
489
489
489
489
489
489
489
489
499
538
564
564
566
568
568
568
582
600
600
605
630
640
640
668
668
668
668
703
740
741
741
773
773
787
787
794
822
824
824
824
824
824
824
838
842
842
842
842
842
842
842
842
842
842
842
842
842
842
842
843
843
844
846
846
846
849
856
856
856
862
876
878
878
878
878
878
878
878
878
878
894
913
916
933
933
933
933
933
933
933
933
933
944
948
948
948
948
948
951
951
951
951
962
990
998
998
998
1011
1011
1017
1029
1034
1034
1048
1052
1064
1064
1084
1085
1088
1088
1099
1124
1129
1129
1133
1133
1145
1151
1168
1168
1168
1168
1168
1168
1173
1173
1195
1204
1204
1204
1204
1204
1204
1204
1204
1204
1204
1204
1204
1204
1204
1204
1204
1204
1204
1204
1204
1204
1204
1204
1204
1204
1204
1216
1216
1216
1216
1216
1216
1220
1220
1220
1222
1243
1243
1253
1282
1282
1282
1301
1331
1331
1331
1332
1332
1342
1342
1342
1357
1357
1357
1375
1375
1375
1375
1381
1402
1423
1423
1423
1423
1423
1431
1449
1464
1464
1487
1525
1538
1571
1571
1571
1572
1572
1580
1615
1618
1618
1618
1621
1626
1657
1665
1677
1677
1677
1677
1677
1702
1703
1720
1722
1722
1722
1722
1722
1731
1731
1731
1731
1731
1733
1733
1733
1733
1734
1747
1747
1747
1747
1747
1747
1762
1762
1762
1762
1762
1762
1762
1762
1762
1762
1762
1762
1762
1762
1762
1771
1771
1771
1792
1796
1796
1809
1835
1835
1835
1835
1835
1835
1838
1846
1860
1860
1864
1864
1864
1864
1864
1864
1883
1911
1911
1911
1911
1911
1917
1929
1955
1959
1968
1988
1988
2002
2002
2002
2002
2002
2003
2017
2017
2017
2020
2031
2031
2041
2041
2043
2043
2043
2044
2044
2073
2073
2073
2085
2085
2085
2085
2085
2085
2085
2085
2090
2090
2091
2091
2093
2093
2093
2093
2093
2093
2093
2093
2093
2101
2107
2107
2107
2107
2109
2109
2109
2109
2109
2125
2132
2144
2144
2146
2159
2159
2159
2181
2215
2220
2240
2250
2252
2252
2252
2252
2263
2265
2284
2310
2310
