0
0
0
8
8
25
25
25
25
25
29
29
29
29
29
37
37
40
40
40
40
42
43
43
43
43
44
47
47
47
47
47
47
47
47
47
62
71
90
90
99
99
99
99
121
138
141
156
162
170
170
170
170
170
170
189
208
208
208
223
223
223
226
238
262
269
269
269
269
269
269
274
287
290
299
300
313
318
318
318
318
318
320
323
323
323
332
337
337
337
337
337
337
337
339
339
339
350
350
350
350
350
350
350
354
354
354
354
357
371
371
373
373
373
373
374
374
374
374
374
381
388
388
388
388
389
389
389
391
391
401
426
443
443
444
446
446
446
458
472
472
478
494
501
501
519
519
519
519
544
570
571
571
596
596
604
604
609
626
628
628
628
628
628
628
638
642
642
642
642
642
642
642
642
642
642
642
642
642
642
642
646
646
651
651
651
651
655
660
660
660
668
676
678
678
678
678
678
678
678
678
678
690
704
705
717
717
717
717
717
717
717
717
717
729
731
731
731
731
731
737
737
737
737
747
767
771
771
771
781
781
788
795
799
799
809
811
818
818
832
833
834
834
843
860
862
862
867
867
877
879
889
889
889
889
889
889
895
895
910
916
916
916
916
916
916
916
916
916
916
916
916
917
917
918
918
918
918
918
918
920
920
920
920
920
923
931
931
931
931
931
931
935
935
935
940
953
955
964
983
983
983
998
1019
1019
1019
1020
1020
1029
1029
1029
1043
1043
1043
1057
1057
1057
1057
1064
1078
1091
1091
1091
1091
1091
1100
1112
1121
1121
1138
1164
1170
1193
1193
1193
1198
1198
1207
1229
1230
1230
1234
1236
1237
1259
1264
1274
1274
1274
1276
1276
1295
1296
1306
1309
1309
1309
1309
1313
1321
1321
1321
1321
1321
1324
1324
1324
1324
1328
1336
1336
1336
1336
1336
1336
1350
1350
1350
1350
1350
1350
1350
1350
1350
1350
1350
1352
1352
1352
1352
1361
1361
1361
1378
1380
1380
1390
1407
1407
1407
1407
1407
1407
1411
1417
1427
1427
1431
1432
1432
1432
1432
1432
1445
1465
1465
1465
1465
1466
1473
1481
1498
1499
1507
1519
1519
1529
1529
1529
1529
1529
1533
1542
1542
1542
1548
1555
1555
1564
1564
1566
1566
1566
1570
1570
1590
1590
1590
1602
1602
1602
1602
1602
1602
1602
1602
1608
1608
1613
1613
1617
1617
1619
1619
1619
1619
1619
1619
1619
1627
1631
1631
1631
1631
1634
1634
1634
1634
1634
1648
1652
1660
1660
1665
1674
1674
1674
1692
1714
1717
1732
1738
1739
1739
1739
1739
1749
1750
1764
1781
1781
