0
0
0
0
0
4
8
20
20
23
24
26
26
26
26
39
59
59
59
59
59
64
67
92
93
100
112
113
122
122
122
122
122
126
135
135
135
140
147
147
155
155
157
157
157
161
161
182
182
182
192
192
192
192
192
192
192
192
197
197
200
200
203
203
205
206
206
206
206
206
206
212
218
218
218
218
222
222
222
222
222
222
240
248
248
251
260
260
260
279
292
303
318
320
325
325
325
325
331
337
350
368
368
368
368
368
368
368
368
388
398
398
398
398
398
401
402
429
429
438
438
446
446
446
446
446
446
459
474
474
474
489
490
490
499
499
499
499
499
512
512
517
523
523
540
540
540
540
540
543
543
543
543
543
551
551
554
555
555
555
555
559
559
559
559
559
564
564
564
564
564
564
564
564
564
575
589
608
608
616
616
616
616
638
652
658
670
679
686
686
686
686
686
686
704
724
724
724
737
739
739
739
754
779
787
787
787
787
787
787
791
805
805
818
818
832
838
838
838
838
838
838
842
842
842
847
855
855
855
855
855
855
855
858
858
858
868
869
869
869
869
869
869
875
875
875
875
879
892
892
894
894
894
894
894
894
894
894
894
900
907
907
907
907
907
907
907
910
910
913
946
963
963
964
966
966
966
978
991
991
996
1010
1020
1020
1039
1039
1039
1039
1059
1088
1089
1089
1113
1113
1122
1122
1126
1143
1146
1146
1146
1146
1146
1146
1157
1161
1161
1161
1161
1161
1161
1161
1161
1161
1161
1161
1161
1161
1161
1161
1163
1163
1165
1167
1167
1167
1170
1177
1177
1177
1185
1192
1195
1195
1195
1195
1195
1195
1195
1195
1195
1207
1220
1222
1234
1234
1234
1234
1234
1234
1234
1234
1234
1244
1247
1247
1247
1247
1247
1252
1252
1252
1252
1259
1281
1287
1287
1287
1298
1298
1305
1307
1316
1316
1326
1326
1335
1336
1348
1349
1350
1350
1360
1377
1380
1380
1385
1385
1395
1395
1407
1407
1407
1407
1407
1407
1412
1412
1427
1433
1433
1433
1433
1433
1433
1433
1433
1433
1433
1433
1433
1433
1433
1433
1433
1433
1433
1433
1433
1435
1435
1435
1435
1435
1437
1445
1445
1445
1445
1445
1445
1449
1449
1449
1455
1467
1469
1477
1497
1497
1497
1507
1532
1532
1532
1533
1533
1537
1542
1542
1554
1554
1554
1566
1568
1568
1568
1570
1589
1602
1602
1602
1602
1602
1611
1619
1631
1631
1647
1673
1681
1700
1702
1702
1706
1706
1714
1738
1738
1738
1738
1744
1747
1764
1772
1782
1782
1782
1783
1783
1801
1803
1814
1817
1817
1817
1817
1821
1828
1828
1828
