0
0
1
7
7
18
18
18
18
19
21
21
21
21
21
28
28
33
33
33
33
37
37
37
37
37
37
42
42
42
42
42
42
42
42
42
54
62
75
75
80
80
80
80
96
109
111
123
128
132
132
132
132
132
132
145
159
159
159
169
169
169
171
181
197
203
203
203
203
203
203
206
216
219
226
227
236
240
240
240
240
240
242
243
243
243
249
252
252
252
252
252
252
252
256
256
256
265
265
265
265
265
265
265
268
268
268
269
273
282
282
285
285
285
285
287
287
287
287
287
293
295
295
295
295
295
295
295
298
298
308
326
337
337
339
343
343
343
353
362
362
368
378
383
383
396
396
396
396
415
433
433
433
451
451
458
458
459
473
473
473
473
473
473
475
484
486
486
486
486
486
486
486
486
486
486
486
486
486
486
487
489
489
494
494
494
494
498
503
503
503
510
515
517
517
517
517
517
518
518
518
518
529
537
539
547
547
547
547
547
547
547
547
547
556
557
557
557
557
557
561
561
561
562
570
582
586
586
586
596
596
602
608
610
610
616
619
624
624
633
633
635
635
643
655
657
657
662
662
668
670
678
678
678
678
678
678
685
685
694
698
698
698
698
698
698
698
699
699
699
699
699
699
699
700
700
700
700
700
702
703
703
703
703
703
705
713
713
713
713
713
713
719
719
719
724
733
733
740
753
753
753
765
780
780
780
783
783
792
792
792
802
802
802
812
812
812
812
818
828
840
840
840
840
840
847
855
862
862
875
893
898
914
914
914
917
917
923
940
941
941
944
947
948
963
966
971
971
971
974
974
990
990
997
999
999
999
999
1002
1008
1008
1008
1008
1008
1013
1013
1013
1013
1018
1023
1023
1023
1023
1023
1023
1034
1034
1034
1034
1034
1034
1034
1034
1034
1034
1034
1038
1038
1038
1039
1045
1045
1045
1059
1059
1059
1067
1078
1078
1078
1078
1078
1078
1082
1088
1094
1094
1098
1099
1099
1099
1099
1099
1110
1124
1124
1124
1124
1126
1131
1136
1148
1149
1154
1163
1163
1169
1169
1169
1169
1169
1173
1181
1181
1181
1186
1190
1190
1196
1196
1198
1198
1198
1201
1201
1216
1216
1217
1225
1225
1225
1225
1225
1225
1225
1225
1229
1229
1233
1233
1238
1238
1242
1242
1242
1242
1242
1242
1242
1250
1251
1251
1251
1251
1256
1256
1256
1256
1256
1265
1269
1275
1275
1279
1285
1285
1285
1297
1313
1315
1325
1329
1331
1331
1331
1331
1338
1340
1350
1363
1363
