0
0
0
0
0
3
8
23
23
26
27
27
27
27
27
40
71
71
71
71
71
75
77
113
115
123
141
142
155
155
155
155
155
156
168
168
168
171
182
182
190
190
192
192
192
192
192
219
219
219
231
231
231
231
231
231
231
231
236
236
237
237
240
240
241
241
241
241
241
241
241
245
255
255
255
255
257
257
257
257
257
257
278
288
288
288
301
301
301
323
340
357
377
381
387
387
387
387
391
398
416
440
440
440
440
440
440
440
440
465
481
481
481
481
481
481
481
521
521
533
533
544
544
544
544
544
544
556
579
579
579
598
598
598
607
607
607
607
607
620
620
626
636
636
662
662
662
662
662
662
662
662
662
662
669
669
671
671
671
671
671
672
672
672
672
672
673
673
673
673
673
673
673
673
673
682
705
732
732
736
736
736
736
763
784
794
809
823
832
832
832
832
832
832
855
884
884
884
899
900
900
900
916
952
964
964
964
964
964
964
967
985
985
1003
1003
1021
1028
1028
1028
1028
1028
1028
1029
1029
1029
1034
1045
1045
1045
1045
1045
1045
1045
1045
1045
1045
1061
1061
1061
1061
1061
1061
1061
1067
1067
1067
1067
1069
1088
1088
1088
1088
1088
1088
1088
1088
1088
1088
1088
1092
1098
1098
1098
1098
1098
1098
1098
1098
1098
1099
1146
1169
1169
1169
1172
1172
1172
1186
1201
1201
1204
1222
1239
1239
1263
1263
1263
1263
1289
1329
1330
1330
1360
1360
1372
1372
1378
1403
1406
1406
1406
1406
1406
1406
1419
1422
1422
1422
1422
1422
1422
1422
1422
1422
1422
1422
1422
1422
1422
1422
1423
1423
1423
1425
1425
1425
1425
1435
1435
1435
1441
1453
1456
1456
1456
1456
1456
1456
1456
1456
1456
1472
1489
1491
1509
1509
1509
1509
1509
1509
1509
1509
1509
1518
1522
1522
1522
1522
1522
1527
1527
1527
1527
1533
1563
1569
1569
1569
1582
1582
1587
1590
1604
1604
1615
1615
1631
1631
1650
1650
1652
1652
1663
1686
1691
1691
1697
1697
1707
1709
1727
1727
1727
1727
1727
1727
1733
1733
1752
1761
1761
1761
1761
1761
1761
1761
1761
1761
1761
1761
1761
1761
1761
1761
1761
1761
1761
1761
1761
1761
1761
1761
1761
1761
1761
1772
1772
1772
1772
1772
1772
1775
1775
1775
1778
1797
1798
1807
1833
1833
1833
1844
1880
1880
1880
1881
1881
1883
1889
1889
1904
1904
1904
1917
1921
1921
1921
1921
1946
1964
1964
1964
1964
1964
1971
1985
2000
2000
2021
2056
2067
2095
2098
2098
2098
2098
2104
2137
2139
2139
2139
2143
2147
2173
2185
2195
2195
2195
2195
2195
2215
2221
2235
2238
2238
2238
2238
2238
2248
2248
2248
