0
2
6
11
11
14
19
19
23
23
23
23
23
23
25
34
34
34
34
41
41
41
41
41
41
54
60
60
64
70
71
71
86
86
102
111
111
117
118
118
118
119
127
133
147
148
148
148
150
150
150
150
165
174
174
174
174
174
174
177
196
198
206
207
214
214
214
214
214
214
225
236
236
236
241
250
250
257
257
260
262
262
274
274
274
280
280
292
292
292
292
292
295
295
295
295
295
301
301
302
306
306
306
306
309
309
309
309
309
315
315
315
315
315
315
315
315
315
319
334
348
348
355
355
355
355
372
380
387
394
402
407
407
407
407
407
407
415
435
435
435
443
446
446
447
458
475
480
480
480
480
480
480
480
493
494
504
505
511
517
517
517
517
517
519
521
521
521
527
532
532
532
533
533
533
533
536
536
536
546
546
546
546
546
546
546
548
551
551
553
556
564
564
567
567
567
567
567
568
568
568
568
573
577
577
577
577
580
580
580
583
583
583
610
620
620
621
625
625
625
636
644
644
647
654
666
666
675
679
679
679
692
714
716
716
723
734
735
740
742
753
756
756
756
756
756
756
758
767
767
767
767
769
769
769
769
769
769
769
769
769
770
770
774
774
776
779
779
779
783
788
788
788
795
799
802
802
802
802
802
802
806
806
806
817
825
826
832
834
834
834
834
834
834
834
834
838
844
844
844
844
845
850
850
853
853
855
874
878
878
879
888
888
894
898
902
902
910
910
920
920
925
927
928
928
933
947
950
950
951
956
958
962
972
972
972
972
973
973
977
980
983
994
994
994
994
994
994
994
995
995
995
995
995
996
997
997
999
999
999
999
999
1000
1004
1004
1004
1004
1007
1013
1013
1013
1013
1013
1013
1016
1018
1018
1023
1032
1033
1041
1052
1052
1052
1057
1071
1077
1077
1080
1080
1083
1091
1091
1102
1102
1102
1108
1113
1113
1113
1113
1129
1137
1140
1140
1140
1140
1148
1148
1162
1163
1175
1183
1198
1209
1214
1214
1218
1218
1225
1241
1241
1241
1241
1246
1247
1260
1264
1271
1271
1271
1273
1273
1285
1289
1289
1297
1297
1297
1298
1298
1308
1308
1308
1308
1308
1313
1313
1313
1313
1313
1323
1323
1323
1323
1323
1323
1328
1333
1333
1333
1333
1333
1333
1333
1333
1333
1333
1338
1338
1338
1340
1347
1347
1347
1360
1360
1361
1362
1375
1380
1380
1380
1380
1380
1385
1388
1396
1396
1401
1404
1404
1404
1404
1404
1416
1430
1430
1430
1430
1430
