0
0
4
4
4
4
4
4
6
6
9
9
9
9
9
12
14
14
14
14
14
24
25
25
25
25
25
25
32
32
39
51
51
58
67
76
76
76
97
107
107
107
110
110
121
121
135
135
135
139
149
149
149
150
167
180
185
185
185
185
194
196
208
214
226
235
260
270
278
278
282
282
282
308
312
312
312
321
321
324
344
351
351
351
353
355
356
376
378
383
385
385
385
385
395
395
395
395
395
400
400
400
400
400
407
412
412
412
412
412
412
426
426
426
426
426
426
426
426
426
426
426
431
431
432
443
443
443
455
462
462
462
484
487
487
487
487
487
492
492
507
507
508
515
518
518
518
518
529
548
548
548
548
548
553
557
571
578
581
585
595
602
602
602
602
602
603
616
616
616
616
628
630
630
638
638
639
639
642
644
651
663
663
674
676
676
676
676
676
676
676
676
684
690
690
690
695
695
698
698
698
698
698
698
698
711
711
711
711
717
717
717
717
717
717
734
740
740
746
753
754
754
765
770
793
796
804
812
812
812
812
812
824
824
851
853
853
853
854
854
854
854
873
883
883
883
883
883
883
889
907
915
919
926
933
934
934
934
934
934
948
961
961
962
962
977
977
979
986
986
987
987
1001
1001
1001
1009
1009
1025
1025
1025
1025
1025
1029
1029
1029
1029
1029
1036
1036
1038
1042
1042
1042
1042
1047
1047
1047
1047
1047
1054
1054
1054
1054
1054
1054
1054
1054
1054
1059
1081
1094
1094
1100
1100
1100
1100
1119
1119
1138
1143
1155
1163
1163
1163
1163
1163
1165
1175
1201
1201
1201
1205
1216
1216
1216
1230
1251
1259
1259
1259
1259
1259
1259
1259
1274
1275
1285
1287
1298
1304
1304
1304
1304
1305
1308
1311
1311
1311
1315
1325
1325
1329
1329
1329
1329
1329
1335
1335
1335
1340
1346
1346
1346
1346
1346
1346
1350
1354
1354
1354
1361
1370
1370
1370
1374
1374
1374
1374
1377
1377
1377
1377
1377
1387
1387
1387
1387
1390
1390
1390
1393
1393
1393
1421
1440
1440
1443
1447
1447
1447
1461
1462
1471
1471
1478
1496
1497
1505
1513
1513
1513
1524
1557
1558
1558
1566
1582
1583
1589
1593
1606
1608
1608
1608
1608
1608
1608
1611
1623
1623
1623
1623
1624
1624
1624
1624
1624
1624
1624
1624
1624
1625
1625
1630
1630
1630
1639
1639
1643
1646
1653
1653
1653
1656
1665
1669
1670
1670
1670
1670
1670
1673
1673
1673
1685
1696
1696
1699
1709
1709
1709
1709
1709
1709
1709
1709
1709
1721
1721
1721
1721
1723
1725
1729
1731
1731
1731
1755
1764
1764
1764
