0
0
0
0
0
0
0
0
0
0
0
0
0
0
0
0
0
0
0
0
0
0
0
0
0
0
0
0
0
0
0
0
0
0
0
0
0
0
0
0
0
0
0
0
0
0
0
0
0
5
14
41
44
50
50
50
50
50
50
53
55
55
55
65
80
80
85
88
93
95
95
95
95
95
95
95
95
95
95
95
103
112
122
126
126
126
126
126
136
153
153
153
153
153
156
166
176
176
176
176
176
176
176
176
176
176
176
176
176
181
181
181
181
181
181
181
181
181
181
181
185
195
195
195
195
195
199
205
205
205
205
205
205
205
205
205
205
205
205
205
205
205
205
205
216
246
248
248
248
248
248
248
248
248
248
248
248
253
253
253
268
268
268
268
268
268
268
268
268
268
268
268
268
268
268
268
268
268
268
268
268
268
268
268
268
268
268
268
268
268
268
268
268
268
268
268
268
268
268
268
268
268
268
268
268
268
268
268
268
268
268
268
268
268
268
268
268
268
268
268
280
280
280
280
280
280
280
280
280
280
280
280
280
280
280
280
285
293
319
350
368
368
401
401
401
401
401
401
401
402
402
402
404
404
415
417
417
417
417
418
418
418
418
418
418
418
418
418
418
418
425
433
433
433
433
433
433
433
433
433
433
433
433
433
433
433
433
433
433
442
442
442
448
452
452
457
464
464
464
464
464
464
464
482
482
482
496
499
507
511
511
511
511
511
534
534
534
534
536
539
539
539
539
539
539
539
539
539
539
539
539
548
551
582
584
615
634
634
634
634
634
634
634
654
654
654
662
662
698
698
698
698
710
722
729
729
729
729
729
729
729
729
750
750
750
750
750
750
750
750
750
750
750
750
750
750
750
750
750
750
750
750
750
750
750
763
773
779
779
779
798
798
798
811
811
811
811
833
833
833
848
848
853
859
859
859
859
859
862
862
862
862
892
896
896
896
901
901
901
901
901
901
901
901
901
901
901
926
946
956
973
991
991
991
991
991
991
1002
1002
1002
1006
1009
1047
1055
1070
1073
1096
1107
1107
1107
1107
1107
1107
1107
1107
1107
1107
1107
1107
1107
1107
1109
1109
1109
1109
1109
1109
1109
1109
1109
1109
1109
1112
1112
1112
1112
1112
1112
1112
1112
1112
1112
1112
1112
1112
1112
1112
1112
1112
1112
1112
1112
1112
1141
1158
1158
1164
1164
1164
1164
1164
