0
0
0
0
0
0
0
0
3
3
3
3
3
3
3
31
31
31
31
31
31
31
31
36
47
47
47
47
47
47
47
47
47
47
47
47
47
47
47
47
47
47
47
47
47
47
47
47
47
47
47
47
47
47
47
47
47
47
47
47
47
47
47
47
47
47
47
47
47
47
47
47
47
47
47
47
47
47
47
47
47
47
47
47
47
47
47
47
47
47
47
47
47
47
47
47
47
47
47
47
47
47
47
47
55
66
66
66
66
99
102
102
102
105
108
115
119
134
139
139
139
139
139
139
139
139
139
139
139
139
139
139
139
139
139
139
139
139
139
139
139
139
139
139
139
139
139
139
139
139
139
139
139
139
139
139
139
139
139
139
139
139
139
139
139
139
139
139
139
139
139
139
139
139
139
139
139
139
139
139
139
139
139
139
139
139
139
139
139
139
139
139
139
139
139
139
139
139
139
139
139
139
139
149
152
152
152
152
152
152
152
152
152
152
152
152
152
152
152
152
152
152
152
152
152
152
152
152
152
152
152
152
152
152
152
152
152
152
152
152
152
152
152
152
152
152
152
152
152
152
152
152
152
152
152
152
152
152
152
152
152
152
152
152
152
152
152
152
152
152
152
152
152
152
152
152
152
152
152
152
152
152
152
152
152
152
152
152
152
152
158
172
181
181
181
181
181
181
181
181
181
181
181
181
193
202
202
202
202
202
202
202
202
202
202
202
202
202
202
202
202
202
202
202
202
202
202
202
202
202
202
202
202
202
202
202
202
202
202
202
202
202
202
202
202
202
202
202
202
202
202
202
202
202
202
202
202
202
202
202
202
202
202
202
202
202
202
202
202
202
202
202
202
202
202
202
202
202
202
202
202
202
202
202
202
202
202
202
202
202
202
202
202
202
202
202
202
202
202
202
202
202
202
202
202
202
202
202
202
202
202
202
202
202
202
202
202
202
202
202
202
202
202
202
202
202
202
202
202
202
202
202
202
202
202
202
202
202
202
202
202
202
202
202
202
202
202
202
202
202
202
208
211
211
211
211
211
211
224
225
225
225
225
225
225
225
225
225
225
225
225
225
225
225
225
225
225
225
225
225
225
225
225
225
225
225
225
225
225
225
225
225
225
225
225
225
225
225
225
225
225
