0
0
0
0
0
0
0
0
0
0
0
0
0
0
0
0
0
0
0
0
0
0
0
0
0
0
0
0
0
0
0
0
0
0
0
0
0
0
0
0
0
0
0
0
0
0
0
0
0
0
0
0
0
0
0
0
0
0
0
0
0
0
0
0
0
0
0
1
6
8
8
8
8
8
8
8
24
24
24
24
24
24
24
24
24
24
24
24
24
24
24
24
24
24
24
24
24
24
24
24
24
24
24
24
24
24
24
24
24
24
24
24
24
24
24
24
24
24
24
25
25
25
25
25
25
25
25
25
25
25
25
25
25
25
25
25
25
25
25
25
25
25
25
25
25
25
25
25
25
25
25
25
25
25
25
25
25
25
25
27
32
46
54
60
60
60
60
60
60
67
87
87
87
87
87
87
87
87
95
104
104
104
104
104
104
104
104
104
104
104
104
104
104
104
104
104
104
104
104
104
104
104
104
104
104
104
104
104
104
104
104
104
104
104
104
104
104
104
104
104
104
104
104
104
104
104
104
104
104
104
104
104
104
104
104
104
104
104
104
104
104
104
104
104
104
104
104
104
104
104
104
104
104
104
104
104
104
106
106
125
125
125
125
132
158
159
159
163
163
172
172
176
195
196
196
196
196
196
196
196
196
196
196
196
196
196
196
196
196
196
196
196
196
196
196
196
196
196
196
196
196
196
196
196
196
196
196
196
196
196
196
196
196
196
196
196
196
196
196
196
196
196
196
196
196
196
196
196
196
196
196
196
196
196
196
196
196
196
196
196
196
196
196
196
196
196
196
196
196
196
196
196
196
196
196
196
196
196
205
208
208
208
208
208
208
208
208
208
208
208
208
208
208
208
208
208
208
208
208
208
208
208
208
208
208
208
208
208
208
208
208
208
208
208
208
208
208
208
208
208
208
208
208
208
208
208
208
208
208
208
208
208
208
208
208
208
208
208
208
208
208
208
208
208
208
208
208
208
208
208
208
208
208
208
208
208
208
208
208
208
208
208
208
208
208
215
238
238
238
238
238
238
238
238
238
238
238
238
242
250
258
258
258
258
258
258
258
258
258
258
258
258
258
258
258
258
258
258
258
258
258
258
258
258
258
258
258
258
258
258
258
258
258
258
258
258
258
258
258
258
258
