0
0
0
0
0
0
5
22
23
23
23
23
23
33
33
33
36
42
79
87
99
104
128
138
138
138
138
138
138
138
138
138
138
138
138
138
138
139
139
139
139
139
139
139
139
139
139
139
142
142
142
142
142
142
142
142
142
142
142
142
142
142
142
142
142
142
142
142
142
171
189
189
196
196
196
196
196
196
205
205
205
205
205
205
205
205
205
205
205
216
221
221
221
221
221
221
221
233
252
274
288
307
307
307
307
307
307
323
323
323
327
327
353
380
380
380
380
394
398
398
398
398
398
398
398
398
411
411
411
411
411
411
411
411
411
411
411
411
411
411
411
411
411
411
411
411
411
411
411
411
411
411
411
411
411
411
411
411
411
411
411
411
424
442
461
466
473
473
473
473
473
473
475
475
475
475
487
500
500
508
508
512
512
512
512
512
512
512
512
512
512
512
513
520
532
541
544
544
544
544
544
556
574
574
574
574
574
578
589
596
596
596
596
596
596
596
596
596
596
596
596
596
601
601
601
601
601
601
601
601
601
601
601
605
616
616
616
616
616
619
623
623
623
623
623
623
623
623
623
623
623
623
623
623
623
623
623
644
662
667
667
667
667
667
667
667
667
667
667
667
672
672
672
689
689
689
689
689
689
689
689
689
689
689
689
689
689
689
689
689
689
689
689
689
689
689
689
689
689
689
689
689
689
689
689
689
689
689
689
689
689
689
689
689
689
689
689
689
689
689
689
689
689
689
689
689
689
689
689
689
689
689
689
702
702
702
702
702
702
702
702
702
702
702
702
702
702
702
702
708
714
744
773
790
792
821
821
821
821
821
821
821
823
823
823
824
824
839
839
839
839
839
839
839
839
839
839
839
839
839
839
839
839
851
853
853
853
853
853
853
853
853
853
853
853
853
853
853
853
853
853
853
864
864
864
868
873
873
877
886
886
886
886
886
886
886
903
904
904
917
921
928
933
933
933
933
936
956
956
956
956
960
961
961
961
961
961
961
961
961
961
961
961
961
969
973
1004
1007
1035
1055
1055
1055
1055
1055
1055
1055
1076
1076
1076
1083
1083
1120
1120
1120
1120
1136
1142
1149
1149
1149
1149
1149
1149
1149
1158
1171
1171
1171
1171
1171
1171
1171
1171
1171
1171
1171
1171
1171
1171
1171
1171
1171
1171
1171
1171
1171
1171
1171
1190
1195
1198
