0
0
0
0
0
0
0
0
0
0
0
0
0
0
0
0
0
0
0
0
0
0
0
0
0
0
3
4
4
25
25
25
38
38
38
38
59
59
59
74
76
79
87
87
87
87
87
88
88
88
88
118
121
121
121
126
126
126
126
126
126
126
126
126
126
126
151
168
181
200
218
218
218
218
218
218
228
229
229
230
232
270
279
297
298
320
331
332
332
332
332
332
332
332
332
332
332
332
332
332
338
338
338
338
338
338
338
338
338
338
338
338
338
338
338
338
338
338
338
338
338
338
338
338
338
338
338
338
338
338
338
338
355
385
385
391
391
391
391
391
391
400
400
400
400
400
401
401
401
401
401
401
404
417
417
417
417
417
417
417
426
436
468
483
502
502
502
502
502
502
518
518
518
523
523
544
572
576
576
576
590
594
594
594
594
594
594
594
594
606
606
606
606
606
606
606
606
606
606
606
606
606
606
606
606
606
606
606
606
606
606
606
606
606
606
606
606
606
606
606
606
606
606
606
606
620
630
656
659
666
666
666
666
666
666
668
670
670
670
681
697
697
698
703
707
708
708
708
708
708
708
708
708
708
708
708
715
727
736
739
739
739
739
739
751
767
767
767
767
767
772
780
791
791
791
791
791
791
791
791
791
791
791
791
791
796
796
796
796
796
796
796
796
796
796
796
799
808
808
808
808
808
814
819
819
819
819
819
819
819
819
819
819
819
819
819
819
819
819
819
830
860
863
863
863
863
863
863
863
863
863
863
863
869
869
869
882
882
882
882
882
882
882
882
882
882
882
882
882
882
882
882
882
882
882
882
882
882
882
882
882
882
882
882
882
882
882
882
882
882
882
882
882
882
882
882
882
882
882
882
882
882
882
882
882
882
882
882
882
882
882
882
882
882
882
882
897
897
897
897
897
897
897
897
897
897
897
897
897
897
897
897
900
908
936
964
984
984
1015
1015
1015
1015
1015
1015
1015
1018
1018
1018
1020
1020
1031
1036
1036
1036
1036
1036
1036
1036
1036
1036
1036
1036
1036
1036
1036
1036
1041
1047
1047
1047
1047
1047
1047
1047
1047
1047
1047
1047
1047
1047
1047
1047
1047
1047
1047
1058
1058
1058
1062
1069
1069
1071
1080
1080
1080
1080
1080
1080
1080
1098
1098
1098
1112
1115
1122
1127
1127
1127
1127
1127
1149
1150
1150
1150
1152
1155
1155
1155
1155
1155
1155
