0
0
0
0
0
0
0
0
0
0
0
0
0
0
0
0
0
0
0
0
0
0
0
0
0
0
0
3
3
22
22
22
35
35
35
36
58
58
58
71
73
77
84
84
84
84
84
87
87
87
87
115
119
119
119
124
124
124
124
124
124
124
124
124
124
124
150
165
178
197
215
215
215
215
215
215
226
226
226
226
229
268
278
294
296
320
328
331
331
331
331
331
331
331
331
331
331
331
331
331
332
332
332
332
332
332
332
332
332
332
332
335
335
335
335
335
335
335
335
335
335
335
335
335
335
335
335
335
335
335
335
335
353
382
382
388
388
388
388
388
388
396
396
396
396
396
397
397
397
397
397
398
402
414
414
414
414
414
414
414
423
434
466
480
499
499
499
499
499
499
515
515
515
522
522
539
570
575
575
575
589
591
591
591
591
591
591
591
591
604
604
604
604
604
604
604
604
604
604
604
604
604
604
604
604
604
604
604
604
604
604
604
604
604
604
604
604
604
604
604
604
604
604
604
604
617
626
653
656
662
662
662
662
662
662
665
668
668
668
677
692
692
697
700
706
706
706
706
706
706
706
706
706
706
706
706
715
725
735
737
737
737
737
737
748
765
765
765
765
765
768
778
789
789
789
789
789
789
789
789
789
789
789
789
789
794
794
794
794
794
794
794
794
794
794
794
798
807
807
807
807
807
811
817
817
817
817
817
817
817
817
817
817
817
817
817
817
817
817
817
829
858
860
860
860
860
860
860
860
860
860
860
860
866
866
866
880
880
880
880
880
880
880
880
880
880
880
880
880
880
880
880
880
880
880
880
880
880
880
880
880
880
880
880
880
880
880
880
880
880
880
880
880
880
880
880
880
880
880
880
880
880
880
880
880
880
880
880
880
880
880
880
880
880
880
880
893
893
893
893
893
893
893
893
893
893
893
893
893
893
893
893
897
905
931
962
980
980
1014
1014
1014
1014
1014
1014
1014
1014
1014
1014
1016
1016
1028
1030
1030
1030
1030
1030
1030
1030
1030
1030
1030
1030
1030
1030
1030
1030
1037
1045
1045
1045
1045
1045
1045
1045
1045
1045
1045
1045
1045
1045
1045
1045
1045
1045
1045
1054
1054
1054
1060
1064
1064
1068
1076
1076
1076
1076
1076
1076
1076
1094
1095
1095
1108
1111
1120
1123
1123
1123
1123
1123
1147
1147
1147
1147
1148
1152
1152
1152
1152
1152
1152
