0
0
0
0
0
0
0
0
0
0
0
0
0
0
0
0
0
0
0
0
0
0
0
0
0
0
2
3
3
23
23
23
36
36
36
36
57
57
57
72
74
80
84
84
84
84
84
87
87
87
87
116
119
119
119
125
125
125
125
125
125
125
125
125
125
125
152
165
180
198
215
215
215
215
215
215
226
227
227
228
230
269
278
294
297
318
328
331
331
331
331
331
331
331
331
331
331
331
331
331
334
334
334
334
334
334
334
334
334
334
334
336
336
336
336
336
336
336
336
336
336
336
336
336
336
336
336
336
336
336
336
336
353
383
383
388
389
389
389
389
389
397
397
397
397
397
397
397
397
397
397
398
403
414
414
414
414
414
414
414
423
436
465
480
500
500
500
500
500
500
516
516
516
522
522
540
571
575
575
575
588
591
591
591
591
591
591
591
591
603
603
603
603
603
603
603
603
603
603
603
603
603
603
603
603
603
603
603
603
603
603
603
603
603
603
603
603
603
603
603
603
603
603
603
603
618
627
653
658
664
664
664
664
664
664
665
668
668
668
678
693
693
698
701
708
708
708
708
708
708
708
708
708
708
708
708
714
725
735
738
738
738
738
738
750
764
764
764
764
764
771
780
789
789
789
789
789
789
789
789
789
789
789
789
789
794
794
794
794
794
794
794
794
794
794
794
799
808
808
808
808
808
812
817
817
817
817
817
817
817
817
817
817
817
817
817
817
817
817
817
829
857
861
861
861
861
861
861
861
861
861
861
861
867
867
867
880
880
880
880
880
880
880
880
880
880
880
880
880
880
880
880
880
880
880
880
880
880
880
880
880
880
880
880
880
880
880
880
880
880
880
880
880
880
880
880
880
880
880
880
880
880
880
880
880
880
880
880
880
880
880
880
880
880
880
880
893
893
893
893
893
893
893
893
893
893
893
893
893
893
893
893
897
906
933
962
980
980
1012
1012
1012
1012
1012
1012
1012
1016
1016
1016
1019
1019
1029
1031
1031
1031
1031
1031
1031
1031
1031
1031
1031
1031
1031
1031
1031
1031
1038
1046
1046
1046
1046
1046
1046
1046
1046
1046
1046
1046
1046
1046
1046
1046
1046
1046
1046
1055
1055
1055
1060
1066
1066
1070
1081
1081
1081
1081
1081
1081
1081
1097
1097
1097
1108
1111
1119
1124
1124
1124
1124
1124
1148
1148
1148
1148
1148
1151
1151
1151
1151
1151
1151
