0
0
0
0
0
0
0
0
0
0
0
0
0
0
0
0
0
0
0
0
0
0
0
0
0
0
1
2
2
22
22
22
35
35
35
36
56
56
56
72
73
76
83
83
83
83
83
86
86
86
86
115
119
119
119
126
126
126
126
126
126
126
126
126
126
126
150
165
179
198
215
215
215
215
215
215
225
226
226
226
230
268
277
292
296
317
327
331
331
331
331
331
331
331
331
331
331
331
331
331
334
334
334
334
334
334
334
334
334
334
334
334
334
334
334
334
334
334
334
334
334
334
334
334
334
334
334
334
334
334
334
334
351
383
383
388
388
388
388
388
388
396
396
396
396
396
396
396
396
396
396
399
402
413
413
413
413
413
413
413
423
434
465
480
499
499
499
499
499
499
515
515
515
520
520
539
570
574
574
574
589
591
591
591
591
591
591
591
591
604
604
604
604
604
604
604
604
604
604
604
604
604
604
604
604
604
604
604
604
604
604
604
604
604
604
604
604
604
604
604
604
604
604
604
604
618
627
654
657
662
662
662
662
662
662
665
668
668
668
679
692
692
696
701
706
706
706
706
706
706
706
706
706
706
706
706
714
727
735
737
737
737
737
737
747
764
764
764
764
764
768
778
790
790
790
790
790
790
790
790
790
790
790
790
790
793
793
793
793
793
793
793
793
793
793
793
798
806
806
806
806
806
811
816
816
816
816
816
816
816
816
816
816
816
816
816
816
816
816
816
828
858
860
860
860
860
860
860
860
860
860
860
860
865
865
865
879
880
880
880
880
880
880
880
880
880
880
880
880
880
880
880
880
880
880
880
880
880
880
880
880
880
880
880
880
880
880
880
880
880
880
880
880
880
880
880
880
880
880
880
880
880
880
880
880
880
880
880
880
880
880
880
880
880
880
880
893
893
893
893
893
893
893
893
893
893
893
893
893
893
893
893
897
905
932
963
980
980
1012
1012
1012
1012
1012
1012
1012
1015
1015
1015
1015
1015
1028
1029
1029
1029
1029
1030
1030
1030
1030
1030
1030
1030
1030
1030
1030
1030
1037
1045
1045
1045
1045
1045
1045
1045
1045
1045
1045
1045
1045
1045
1045
1045
1045
1045
1045
1054
1054
1054
1058
1064
1064
1068
1076
1076
1076
1076
1076
1076
1076
1094
1096
1096
1107
1111
1119
1123
1123
1123
1123
1123
1147
1147
1147
1147
1148
1151
1151
1151
1151
1151
1151
