0
0
0
0
0
0
0
0
0
1
3
3
3
3
3
3
29
30
30
30
30
30
30
30
30
46
46
46
46
46
46
46
46
46
46
46
46
46
46
46
46
46
46
46
46
46
46
46
46
46
46
46
46
46
46
46
46
46
46
46
46
46
46
46
46
46
46
46
46
46
46
46
46
46
46
46
46
46
46
46
46
46
46
46
46
46
46
46
46
46
46
46
46
46
46
46
46
46
46
46
46
46
46
46
46
51
65
65
65
65
95
100
101
101
104
107
113
118
124
138
138
138
138
138
138
138
138
138
138
138
138
138
138
138
138
138
138
138
138
138
138
138
138
138
138
138
138
138
138
138
138
138
138
138
138
138
138
138
138
138
138
138
138
138
138
138
138
138
138
138
138
138
138
138
138
138
138
138
138
138
138
138
138
138
138
138
138
138
138
138
138
138
138
138
138
138
138
138
138
138
138
138
138
138
146
151
151
151
151
151
151
151
151
151
151
151
151
151
151
151
151
151
151
151
151
151
151
151
151
151
151
151
151
151
151
151
151
151
151
151
151
151
151
151
151
151
151
151
151
151
151
151
151
151
151
151
151
151
151
151
151
151
151
151
151
151
151
151
151
151
151
151
151
151
151
151
151
151
151
151
151
151
151
151
151
151
151
151
151
151
151
156
156
179
179
179
179
179
179
179
179
179
179
179
179
191
196
199
199
199
199
199
199
199
199
199
199
199
199
199
199
199
199
199
199
199
199
199
199
199
199
199
199
199
199
199
199
199
199
199
199
199
199
199
199
199
199
199
199
199
199
199
199
199
199
199
199
199
199
199
199
199
199
199
199
199
199
199
199
199
199
199
199
199
199
199
199
199
199
199
199
199
199
199
199
199
199
199
199
199
199
199
199
199
199
199
199
199
199
199
199
199
199
199
199
199
199
199
199
199
199
199
199
199
199
199
199
199
199
199
199
199
199
199
199
199
199
199
199
199
199
199
199
199
199
199
199
199
199
199
199
199
199
199
199
199
199
199
199
199
199
199
206
207
207
207
207
207
207
220
222
222
222
222
222
222
222
222
222
222
222
222
222
222
222
222
222
222
222
222
222
222
222
222
222
222
222
222
222
222
222
222
222
222
222
222
222
222
222
222
222
