0
0
0
0
0
0
0
0
0
0
0
0
0
0
0
0
0
0
0
0
0
0
0
0
0
0
0
0
0
0
0
0
0
0
0
0
0
0
0
0
0
0
0
0
0
3
6
22
28
34
34
34
34
34
34
42
62
62
62
62
62
62
62
62
70
77
77
77
77
77
77
77
77
77
77
77
77
77
77
77
77
77
77
77
77
77
77
77
77
77
77
77
77
77
77
77
77
77
77
77
77
77
77
77
77
77
77
77
77
77
77
77
77
77
77
77
77
77
77
77
77
77
77
77
77
77
77
77
77
77
77
77
77
77
77
77
77
77
77
77
77
77
77
79
79
98
98
98
98
106
133
133
133
137
137
146
146
150
169
170
170
170
170
170
170
170
170
170
170
170
170
170
170
170
170
170
170
170
170
170
170
170
170
170
170
170
170
170
170
170
170
170
170
170
170
170
170
170
170
170
170
170
170
170
170
170
170
170
170
170
170
170
170
170
170
170
170
170
170
170
170
170
170
170
170
170
170
170
170
170
170
170
170
170
170
170
170
170
170
170
170
170
170
170
179
183
183
183
183
183
183
183
183
183
183
183
183
183
183
183
183
183
183
183
183
183
183
183
183
183
183
183
183
183
183
183
183
183
183
183
183
183
183
183
183
183
183
183
183
183
183
183
183
183
183
183
183
183
183
183
183
183
183
183
183
183
183
183
183
183
183
183
183
183
183
183
183
183
183
183
183
183
183
183
183
183
183
183
183
183
183
189
212
212
212
212
212
212
212
212
212
212
212
212
218
225
233
233
233
233
233
233
233
233
233
233
233
233
233
233
233
233
233
233
233
233
233
233
233
233
233
233
233
233
233
233
233
233
233
233
233
233
233
233
233
233
233
233
233
233
233
233
233
233
233
233
233
233
233
233
233
233
233
233
233
233
233
233
233
233
233
233
233
233
233
233
233
233
233
233
233
233
233
233
233
233
233
233
233
233
233
233
233
233
233
233
233
233
233
233
233
233
233
233
233
233
233
233
233
233
233
233
233
233
233
233
233
233
233
233
233
233
233
233
233
233
233
233
233
233
233
233
233
233
233
233
233
233
233
233
233
233
233
233
233
233
233
233
233
233
233
240
241
241
241
241
241
241
241
257
257
