0
0
0
0
0
0
3
20
20
20
20
20
20
31
31
31
33
36
76
84
96
102
125
135
135
135
135
135
135
135
135
135
135
135
135
135
135
137
137
137
137
137
137
137
137
137
137
137
139
139
139
139
139
139
139
139
139
139
139
139
139
139
139
139
139
139
139
139
139
170
187
187
192
193
193
193
193
193
201
201
201
201
201
201
201
201
201
203
203
212
217
217
217
217
217
217
217
229
249
270
284
304
304
304
304
304
304
319
319
319
325
325
350
377
377
377
377
393
396
396
396
396
396
396
396
396
409
409
409
409
409
409
409
409
409
409
409
409
409
409
409
409
409
409
409
409
409
409
409
409
409
409
409
409
409
409
409
409
409
409
409
409
422
437
458
461
467
467
467
467
467
467
471
472
472
472
484
498
498
504
505
512
512
512
512
512
512
512
512
512
512
512
512
518
529
540
543
543
543
543
543
554
570
570
570
570
570
575
584
593
593
593
593
593
593
593
593
593
593
593
593
593
598
598
598
598
598
598
598
598
598
598
598
602
612
612
612
612
612
617
621
621
621
621
621
621
621
621
621
621
621
621
621
621
621
621
621
639
661
664
664
664
664
664
664
664
664
664
664
664
670
670
670
683
683
683
683
683
683
683
683
683
683
683
683
683
683
683
683
683
683
683
683
683
683
683
683
683
683
683
683
683
683
683
683
683
683
683
683
683
683
683
683
683
683
683
683
683
683
683
683
683
683
683
683
683
683
683
683
683
683
683
683
694
694
694
694
694
694
694
694
694
694
694
694
694
694
694
694
700
706
734
767
781
785
814
814
814
814
814
814
814
816
816
816
818
818
831
831
831
831
831
831
831
831
831
831
831
831
831
831
831
831
843
845
845
845
845
845
845
845
845
845
845
845
845
845
845
845
845
845
845
856
856
856
860
866
866
870
878
878
878
878
878
878
878
897
897
897
910
914
921
924
924
924
924
927
948
948
948
948
949
952
952
952
952
952
952
952
952
952
952
952
952
962
966
996
998
1029
1046
1046
1046
1046
1046
1046
1046
1068
1068
1068
1076
1076
1113
1113
1113
1113
1130
1134
1142
1142
1142
1142
1142
1142
1142
1151
1165
1165
1165
1165
1165
1165
1165
1165
1165
1165
1165
1165
1165
1165
1165
1165
1165
1165
1165
1165
1165
1165
1165
1184
1187
1192
