0
0
0
0
0
0
0
0
0
0
0
0
0
0
0
0
0
0
0
0
0
0
0
0
0
0
0
0
0
0
0
0
0
0
0
0
0
0
0
0
0
0
0
0
0
0
0
0
0
4
14
41
44
50
50
50
50
50
50
52
55
55
55
65
81
81
84
88
93
94
94
94
94
94
94
94
94
94
94
94
101
112
123
125
125
125
125
125
136
152
152
152
152
152
156
167
176
176
176
176
176
176
176
176
176
176
176
176
176
181
181
181
181
181
181
181
181
181
181
181
185
195
195
195
195
195
199
203
203
203
203
203
203
203
203
203
203
203
203
203
203
203
203
203
216
244
248
248
248
248
248
248
248
248
248
248
248
253
253
253
266
266
266
266
266
266
266
266
266
266
266
266
266
266
266
266
266
266
266
266
266
266
266
266
266
266
266
266
266
266
266
266
266
266
266
266
266
266
266
266
266
266
266
266
266
266
266
266
266
266
266
266
266
266
266
266
266
266
266
266
278
278
278
278
278
278
278
278
278
278
278
278
278
278
278
278
283
291
317
348
366
366
398
398
398
398
398
398
398
400
400
400
401
401
413
415
415
415
415
415
415
415
415
415
415
415
415
415
415
415
423
429
429
429
429
429
429
429
429
429
429
429
429
429
429
429
429
429
429
440
440
440
444
449
449
453
461
461
461
461
461
461
461
480
481
481
493
497
505
508
508
508
508
508
532
532
532
532
533
537
537
537
537
537
537
537
537
537
537
537
537
545
549
580
581
612
630
630
630
630
630
630
630
651
651
651
659
659
696
696
696
696
708
718
726
726
726
726
726
726
726
727
748
748
748
748
748
748
748
748
748
748
748
748
748
748
748
748
748
748
748
748
748
748
748
761
771
776
776
776
796
796
796
810
810
810
810
830
830
830
845
846
850
857
857
857
857
857
860
860
860
860
889
892
892
892
897
897
897
897
897
897
897
897
897
897
898
923
943
954
972
988
988
988
988
988
988
1000
1000
1000
1003
1006
1045
1052
1065
1071
1093
1104
1104
1104
1104
1104
1104
1104
1104
1104
1104
1104
1104
1104
1104
1106
1106
1106
1106
1106
1106
1106
1106
1106
1106
1106
1108
1108
1108
1108
1108
1108
1108
1108
1108
1108
1108
1108
1108
1108
1108
1108
1108
1108
1108
1108
1108
1139
1156
1156
1161
1162
1162
1162
1162
