0
0
0
0
0
0
0
0
0
0
0
0
0
0
0
0
0
0
0
0
0
0
0
0
0
0
3
4
4
25
25
25
39
39
39
39
59
59
59
73
74
77
86
86
86
86
86
87
87
87
87
118
120
120
120
125
125
125
125
125
125
125
125
125
125
126
152
165
181
199
216
217
217
217
217
217
226
230
230
230
230
270
280
294
298
318
329
335
335
335
335
335
335
335
335
335
335
335
335
335
335
335
335
335
335
335
335
335
335
335
335
336
336
336
336
336
336
336
336
336
336
336
336
336
336
336
336
336
336
336
336
336
354
384
384
389
389
389
389
389
389
398
398
398
398
398
400
400
400
400
400
400
404
414
414
414
414
414
414
414
424
437
466
483
501
501
501
501
501
501
516
519
519
521
521
540
573
577
577
577
590
593
593
593
593
593
593
593
593
604
604
604
604
604
604
604
604
604
604
604
604
604
604
604
604
604
604
604
604
604
604
604
604
604
604
604
604
604
604
604
604
604
604
604
605
619
628
656
659
665
665
665
665
665
665
666
673
673
673
681
695
695
699
702
708
708
708
708
708
708
708
708
708
708
708
708
716
730
737
739
739
739
739
739
749
766
766
766
766
766
770
783
790
790
790
790
790
790
790
790
790
790
790
790
790
797
797
797
797
797
797
797
797
797
797
797
798
809
809
809
809
809
813
818
818
818
818
818
818
818
818
818
818
818
818
818
818
818
818
818
832
858
862
862
862
862
862
862
862
862
862
862
862
868
868
868
881
882
882
882
882
882
882
882
882
882
882
882
882
882
882
882
882
882
882
882
882
882
882
882
882
882
882
882
882
882
882
882
882
882
882
882
882
882
882
882
882
882
882
882
882
882
882
882
882
882
882
882
882
882
882
882
882
882
882
882
897
897
897
897
897
897
897
897
897
897
897
897
897
897
897
897
902
911
938
967
984
984
1016
1016
1016
1016
1016
1016
1016
1019
1019
1019
1022
1022
1032
1033
1033
1033
1033
1035
1035
1035
1035
1035
1035
1035
1035
1035
1035
1035
1041
1048
1048
1048
1048
1048
1048
1048
1048
1048
1048
1048
1048
1048
1048
1048
1048
1048
1048
1058
1058
1059
1063
1069
1069
1073
1080
1080
1080
1080
1080
1080
1080
1100
1100
1100
1112
1116
1125
1128
1128
1128
1128
1128
1153
1153
1153
1153
1154
1155
1155
1155
1155
1155
1155
