0
0
0
0
0
0
0
0
4
4
4
7
18
18
18
18
18
18
18
18
18
18
18
18
18
18
18
18
18
18
18
18
18
18
18
18
18
18
18
18
18
18
18
18
18
18
18
18
18
18
18
18
18
18
18
18
18
18
18
18
18
18
18
18
18
18
18
18
18
18
18
26
30
30
30
30
30
30
30
30
30
30
30
30
30
30
30
30
42
52
99
117
117
149
149
149
149
149
149
149
149
151
151
153
153
159
166
166
166
166
166
166
166
166
166
166
166
166
166
166
166
170
180
180
180
180
180
180
180
180
180
180
180
180
180
180
180
180
180
180
188
192
192
195
201
201
204
213
213
213
213
213
213
213
229
231
232
238
247
256
259
259
259
259
259
282
283
283
283
284
288
288
288
288
288
288
288
288
288
288
288
288
292
298
332
332
357
381
381
381
381
381
381
381
399
403
403
410
410
440
448
448
448
451
469
477
477
477
477
477
477
477
477
498
499
499
499
499
499
499
499
499
499
499
499
499
499
499
499
499
499
499
499
499
499
499
508
523
525
527
527
546
547
547
562
562
562
562
580
581
581
593
597
602
608
608
608
608
608
611
611
611
611
641
643
643
643
649
649
649
649
649
649
649
649
649
649
649
674
682
703
723
740
740
740
740
740
740
748
752
752
752
754
793
800
816
820
839
854
855
855
855
855
855
855
855
855
855
855
855
855
855
856
857
857
857
857
857
857
857
857
857
857
859
859
859
859
859
859
859
859
859
859
859
859
859
859
859
859
859
859
859
859
859
873
907
907
912
913
913
913
913
913
921
921
921
921
921
921
921
921
921
921
923
927
938
938
938
938
938
938
938
947
956
986
1004
1024
1024
1024
1024
1024
1024
1036
1040
1040
1045
1045
1063
1089
1098
1098
1098
1112
1115
1115
1115
1115
1115
1115
1115
1115
1129
1129
1129
1129
1129
1129
1129
1129
1129
1129
1129
1129
1129
1129
1129
1129
1129
1129
1129
1129
1129
1129
1129
1129
1129
1129
1129
1129
1129
1129
1129
1129
1129
1129
1129
1129
1142
1151
1178
1179
1187
1187
1187
1187
1187
1187
1187
1192
1192
1192
1203
1218
1218
1218
1225
1225
1232
1232
1232
1232
1232
1232
1232
1232
1232
1232
1232
1238
1249
1260
1263
1263
1263
1263
1263
1273
1290
1290
1290
1290
1290
1292
1304
1313
1313
1313
1313
1313
1313
1313
1313
1313
1313
1313
1313
1313
1318
1318
1318
1318
