0
0
0
0
0
0
0
0
0
0
0
0
0
0
0
0
0
0
0
0
0
0
0
0
0
0
2
4
4
23
23
23
37
37
37
37
58
58
58
72
75
78
84
84
84
84
84
88
88
88
88
116
120
120
120
125
125
125
125
125
125
125
125
125
125
125
151
166
180
199
216
216
216
216
216
216
226
228
228
228
230
269
280
296
299
318
330
331
331
331
331
331
331
331
331
331
331
331
331
331
333
333
333
333
333
333
333
333
333
333
333
336
336
336
336
336
336
336
336
336
336
336
336
336
336
336
336
336
336
336
336
336
353
385
385
388
388
388
388
388
388
399
399
399
399
399
399
399
399
399
399
399
403
414
414
414
414
414
414
414
424
437
466
481
501
501
501
501
501
501
517
517
517
522
522
541
571
576
576
576
590
593
593
593
593
593
593
593
593
605
605
605
605
605
605
605
605
605
605
605
605
605
605
605
605
605
605
605
605
605
605
605
605
605
605
605
605
605
605
605
605
605
605
605
605
619
628
655
658
663
663
663
663
663
663
665
670
670
670
680
693
693
700
702
707
707
707
707
707
707
707
707
707
707
707
707
715
725
735
740
740
740
740
740
750
767
767
767
767
767
770
781
790
790
790
790
790
790
790
790
790
790
790
790
790
795
795
795
795
795
795
795
795
795
795
795
799
808
808
808
808
808
812
817
817
817
817
817
817
817
817
817
817
817
817
817
817
817
817
817
830
859
861
861
861
861
861
861
861
861
861
861
861
867
867
867
880
880
880
880
880
880
880
880
880
880
880
880
880
880
880
880
880
880
880
880
880
880
880
880
880
880
880
880
880
880
880
880
880
880
880
880
880
880
880
880
880
880
880
880
880
880
880
880
880
880
880
880
880
880
880
880
880
880
880
880
894
894
894
894
894
894
894
894
894
894
894
894
894
894
894
894
898
906
932
962
981
981
1013
1013
1013
1013
1013
1013
1013
1016
1016
1016
1016
1016
1028
1033
1033
1033
1033
1033
1033
1033
1033
1033
1033
1033
1033
1033
1033
1033
1039
1045
1045
1045
1045
1045
1045
1045
1045
1045
1045
1045
1045
1045
1045
1045
1045
1045
1045
1055
1055
1055
1061
1065
1065
1069
1077
1077
1077
1077
1077
1077
1077
1096
1096
1096
1108
1112
1121
1124
1124
1124
1124
1124
1149
1149
1149
1149
1151
1152
1152
1152
1152
1152
1152
