0
0
0
0
0
0
0
0
0
0
0
0
2
14
14
17
18
18
18
18
18
27
27
27
27
27
27
27
27
27
27
27
39
43
43
43
43
43
43
45
59
75
109
122
129
129
129
129
129
129
145
145
145
151
151
185
202
204
204
208
220
221
221
221
221
221
221
221
221
234
234
234
234
234
234
234
234
234
234
234
234
234
234
234
234
234
234
234
234
234
234
234
234
234
234
234
234
234
234
234
234
234
234
234
240
255
268
283
289
291
291
291
291
291
291
298
298
298
307
313
321
321
331
331
335
335
335
335
335
335
335
335
335
335
335
336
345
354
367
368
368
368
368
368
389
395
395
395
395
395
400
409
419
419
419
419
419
419
419
419
419
419
419
419
423
423
423
423
423
423
423
423
423
423
423
428
432
436
436
436
436
436
445
445
445
445
445
445
445
445
445
445
445
445
445
445
445
445
445
446
468
487
490
490
490
490
490
490
490
490
490
490
495
495
495
495
508
508
508
508
508
508
508
508
508
508
508
508
508
508
508
508
508
508
508
508
508
508
508
508
508
508
508
508
508
508
508
508
508
508
508
508
508
508
508
508
508
508
508
508
508
508
508
508
508
508
508
508
508
508
508
508
508
508
508
508
523
523
523
523
523
523
523
523
523
523
523
523
523
523
523
523
535
539
564
601
609
629
641
641
641
641
641
641
641
644
644
644
645
645
661
661
661
661
661
661
661
661
661
661
661
661
661
661
661
661
673
674
674
674
674
674
674
674
674
674
674
674
674
674
674
674
674
674
676
684
684
687
694
694
697
697
705
705
705
705
705
705
706
724
725
725
738
749
749
753
753
753
753
755
777
777
777
777
781
781
781
781
781
781
781
781
781
781
781
781
785
790
809
826
827
868
874
874
874
874
874
874
874
896
896
900
905
910
941
941
941
941
962
970
970
970
970
970
970
970
970
979
992
992
992
992
992
992
992
992
992
992
992
992
992
992
992
992
992
992
992
992
992
992
992
1015
1018
1021
1021
1023
1040
1040
1053
1054
1054
1054
1069
1075
1075
1076
1091
1092
1095
1101
1101
1101
1101
1101
1105
1105
1105
1125
1135
1136
1136
1142
1142
1142
1142
1142
1142
1142
1142
1142
1142
1142
1159
1172
1189
1207
1229
1233
1233
1233
1233
1233
1233
1244
1244
1244
1246
1269
1293
1299
1312
