0
0
0
0
0
0
0
0
4
4
4
6
17
17
17
17
17
17
17
17
17
17
17
17
17
17
17
17
17
17
17
17
17
17
17
17
17
17
17
17
17
17
17
17
17
17
17
17
17
17
17
17
17
17
17
17
17
17
17
17
17
17
17
17
17
17
17
17
17
17
17
25
28
28
28
28
28
28
28
28
28
28
28
28
28
28
28
28
41
51
97
115
115
147
147
147
147
147
147
147
147
150
150
152
152
158
164
164
164
164
165
165
165
165
165
165
165
165
165
165
165
169
179
179
179
179
179
179
179
179
179
179
179
179
179
179
179
179
179
179
187
190
190
194
199
199
204
211
211
211
211
211
211
211
227
229
230
236
246
255
259
259
259
259
259
280
282
282
282
284
286
286
286
286
286
286
286
286
286
286
286
286
290
296
330
332
356
380
380
380
380
380
380
380
398
401
401
410
410
439
446
446
446
450
469
477
477
477
477
477
477
477
477
496
498
498
498
498
498
498
498
498
498
498
498
498
498
498
498
498
498
498
498
498
498
498
506
521
525
525
525
545
545
545
559
559
559
559
580
580
580
592
596
600
607
607
607
607
607
610
610
610
610
640
642
642
642
647
647
647
647
647
647
647
647
647
647
647
673
681
701
721
739
739
739
739
739
739
747
750
750
750
753
792
799
816
819
838
851
855
855
855
855
855
855
855
855
855
855
855
855
855
855
856
856
856
856
856
856
856
856
856
856
858
858
858
858
858
858
858
858
858
858
858
858
858
858
858
858
858
858
858
858
858
872
905
906
911
911
911
911
911
911
920
920
920
920
920
920
920
920
920
920
921
925
937
937
937
937
937
937
937
946
954
984
1003
1023
1023
1023
1023
1023
1023
1034
1039
1039
1044
1044
1060
1087
1097
1097
1097
1112
1115
1115
1115
1115
1115
1115
1115
1115
1127
1127
1127
1127
1127
1127
1127
1127
1127
1127
1127
1127
1127
1127
1127
1127
1127
1127
1127
1127
1127
1127
1127
1127
1127
1127
1127
1127
1127
1127
1127
1127
1127
1127
1127
1127
1141
1150
1177
1178
1185
1185
1185
1185
1185
1185
1186
1191
1191
1191
1201
1216
1216
1216
1224
1224
1229
1229
1229
1229
1229
1229
1229
1229
1229
1229
1229
1238
1248
1258
1261
1261
1261
1261
1261
1273
1288
1288
1288
1288
1288
1291
1302
1311
1311
1311
1311
1311
1311
1311
1311
1311
1311
1311
1311
1311
1317
1317
1317
1317
