0
0
0
0
0
0
0
0
0
0
0
0
0
0
0
0
0
0
0
0
0
0
0
0
0
0
0
0
0
0
0
0
0
0
0
0
0
0
0
0
0
0
0
0
0
0
0
0
0
0
0
0
0
0
0
0
0
0
0
0
0
0
0
0
0
0
0
2
7
12
12
12
12
12
12
12
25
25
25
25
25
25
25
25
25
25
25
25
25
25
25
25
25
25
25
25
25
25
25
25
25
25
25
25
25
25
25
25
25
25
25
25
25
25
25
25
25
25
25
27
27
27
27
27
27
27
27
27
27
27
27
27
27
27
27
27
27
27
27
27
27
27
27
27
27
27
27
27
27
27
27
27
27
27
27
27
27
27
27
29
34
47
56
62
62
62
62
62
62
71
90
90
90
90
90
90
90
90
97
106
106
106
106
106
106
106
106
106
106
106
106
106
106
106
106
106
106
106
106
106
106
106
106
106
106
106
106
106
106
106
106
106
106
106
106
106
106
106
106
106
106
106
106
106
106
106
106
106
106
106
106
106
106
106
106
106
106
106
106
106
106
106
106
106
106
106
106
106
106
106
106
106
106
106
106
106
106
111
111
127
127
127
127
136
163
163
163
167
167
176
176
179
198
200
200
200
200
200
200
200
200
200
200
200
200
200
200
200
200
200
200
200
200
200
200
200
200
200
200
200
200
200
200
200
200
200
200
200
200
200
200
200
200
200
200
200
200
200
200
200
200
200
200
200
200
200
200
200
200
200
200
200
200
200
200
200
200
200
200
200
200
200
200
200
200
200
200
200
200
200
200
200
200
200
200
200
200
200
210
213
213
213
213
213
213
213
213
213
213
213
213
213
213
213
213
213
213
213
213
213
213
213
213
213
213
213
213
213
213
213
213
213
213
213
213
213
213
213
213
213
213
213
213
213
213
213
213
213
213
213
213
213
213
213
213
213
213
213
213
213
213
213
213
213
213
213
213
213
213
213
213
213
213
213
213
213
213
213
213
213
213
213
213
213
213
219
242
242
242
242
242
242
242
242
242
242
242
242
247
255
263
263
263
263
263
263
263
263
263
263
263
263
263
263
263
263
263
263
263
263
263
263
263
263
263
263
263
263
263
263
263
263
263
263
263
263
263
263
263
263
263
