0
0
0
0
0
0
0
0
0
0
0
0
0
0
0
0
0
0
0
0
0
0
0
0
0
0
0
0
0
0
0
0
0
0
0
0
0
0
0
0
0
0
0
0
0
0
0
0
0
6
16
43
45
50
50
50
50
50
50
54
56
56
56
66
81
81
86
90
94
94
94
94
94
94
94
94
94
94
94
94
102
112
122
126
126
126
126
126
136
154
154
154
154
154
156
167
177
177
177
177
177
177
177
177
177
177
177
177
177
182
182
182
182
182
182
182
182
182
182
182
186
196
196
196
196
196
200
205
205
205
205
205
205
205
205
205
205
205
205
205
205
205
205
205
217
245
249
249
249
249
249
249
249
249
249
249
249
253
253
253
267
267
267
267
267
267
267
267
267
267
267
267
267
267
267
267
267
267
267
267
267
267
267
267
267
267
267
268
268
268
268
268
268
268
268
268
268
268
268
268
268
268
268
268
268
268
268
268
268
268
268
268
268
268
268
268
268
268
268
268
280
280
280
280
280
280
280
280
280
280
280
280
280
280
280
280
286
292
319
349
367
367
400
400
400
400
400
400
400
402
402
402
403
403
415
416
416
416
416
417
417
417
417
417
417
417
417
417
417
417
425
431
431
431
431
431
431
431
431
431
431
431
431
431
431
431
431
431
431
442
442
442
446
452
452
455
464
464
464
464
464
464
464
482
483
483
494
498
506
511
511
511
511
511
535
535
535
535
536
539
539
539
539
539
539
539
539
539
539
539
539
547
550
582
583
615
632
632
632
632
632
632
632
654
654
654
663
663
698
698
698
698
709
720
729
729
729
729
729
729
729
729
750
750
750
750
750
750
750
750
750
750
750
750
750
750
750
750
750
750
750
750
750
750
750
764
773
778
778
778
798
798
798
810
810
810
812
832
832
832
848
849
852
859
859
859
859
859
862
862
862
862
891
894
894
894
899
899
899
899
899
899
899
899
899
899
900
924
947
956
973
991
991
991
991
991
991
1002
1002
1002
1005
1008
1047
1055
1068
1071
1095
1106
1106
1106
1106
1106
1106
1106
1106
1106
1106
1106
1106
1106
1106
1107
1107
1107
1107
1107
1107
1107
1107
1107
1107
1107
1110
1110
1110
1110
1110
1110
1110
1110
1110
1110
1110
1110
1110
1110
1110
1110
1110
1110
1110
1110
1110
1140
1158
1158
1164
1164
1164
1164
1164
