0
2
7
22
35
42
53
64
64
64
64
64
64
83
83
83
95
100
124
129
138
142
160
164
164
164
168
168
171
180
185
187
199
199
199
199
209
222
222
222
226
226
227
244
247
254
254
255
263
263
263
264
264
266
266
269
273
274
278
279
298
298
300
302
305
305
308
317
322
344
355
355
360
362
362
362
362
385
396
396
396
397
410
413
413
416
417
420
420
426
430
431
431
431
431
434
441
451
463
478
486
498
498
498
501
501
506
534
534
534
545
545
569
585
588
588
593
608
608
608
609
609
613
624
626
633
653
653
653
653
656
661
661
661
674
674
681
693
693
695
704
704
706
706
706
706
706
706
706
714
715
715
715
715
734
735
735
740
740
748
752
762
772
781
794
796
800
802
802
802
802
810
833
833
842
846
855
863
863
867
869
874
874
879
879
879
879
879
883
884
891
891
903
907
914
919
924
924
925
925
926
955
965
965
975
975
984
992
999
1005
1005
1006
1006
1006
1010
1010
1020
1023
1029
1029
1045
1048
1052
1052
1057
1062
1062
1062
1072
1075
1079
1101
1101
1105
1111
1111
1111
1111
1121
1131
1134
1134
1135
1140
1141
1141
1141
1141
1154
1156
1156
1156
1156
1156
1156
1178
1183
1201
1215
1217
1217
1223
1223
1223
1223
1236
1258
1258
1273
1275
1282
1285
1285
1297
1297
1297
1297
1310
1312
1312
1312
1315
1319
1319
1329
1331
1331
1336
1339
1340
1340
1341
1341
1341
1348
1375
1380
1380
1383
1383
1388
1388
1388
1388
1392
1405
1407
1407
1418
1418
1428
1436
1438
1438
1448
1448
1448
1448
1456
1462
1462
1462
1477
1483
1483
1492
1494
1501
1513
1513
1513
1513
1527
1543
1543
1543
1546
1564
1564
1564
1564
1564
1567
1570
1570
1570
1572
1577
1582
1607
1612
1630
1650
1660
1670
1689
1689
1689
1689
1695
1706
1717
1732
1732
1734
1741
1741
1761
1761
1761
1761
1775
1775
1776
1776
1776
1776
1776
1783
1783
1787
1795
1795
1806
1807
1807
1808
1808
1808
1820
1820
1821
1837
1837
1837
1841
1841
1845
1845
1851
1856
1858
1875
1875
1888
1891
1895
1895
1898
1904
1904
1904
1916
1923
1923
1933
1949
1950
1953
1969
1972
1978
1982
1982
1982
1982
2007
2021
2021
2021
2021
2036
2037
2037
2039
2041
2041
2041
2043
2045
2050
2056
2066
2083
2090
2094
2112
2114
2133
2144
2144
2144
2144
2144
2152
2159
2180
2180
2187
2196
2202
2227
2228
2228
2228
2246
2249
2254
2254
2262
2264
2266
2272
2276
2287
2296
2296
2302
2302
2302
2309
2309
2309
2315
2315
2324
2335
2335
2335
2342
2352
2352
2352
2355
2358
2360
2365
2367
2388
2390
2394
