0
4
10
28
42
50
62
77
77
77
77
77
77
102
102
103
116
122
149
159
166
170
188
199
199
199
205
205
208
222
225
230
241
241
241
241
252
266
266
266
270
270
272
292
295
302
302
303
312
312
312
312
312
316
316
318
325
325
329
329
351
351
351
354
357
357
359
370
376
401
415
415
418
420
420
420
420
446
458
458
458
460
476
480
481
483
483
487
487
493
499
500
501
501
503
504
513
523
538
553
566
578
578
578
585
585
589
624
624
624
635
635
662
684
687
687
695
707
711
711
711
711
717
730
730
739
762
762
762
762
767
775
775
775
790
792
799
813
813
815
824
826
828
828
828
829
829
829
829
838
841
841
841
841
863
865
865
871
871
877
883
893
904
914
931
934
938
941
941
941
941
953
976
980
990
997
1006
1017
1017
1020
1022
1028
1028
1035
1035
1038
1039
1039
1044
1047
1053
1056
1066
1073
1083
1089
1091
1091
1094
1094
1098
1129
1140
1140
1154
1154
1166
1173
1183
1190
1190
1191
1191
1191
1195
1195
1206
1210
1218
1218
1237
1240
1246
1246
1251
1258
1258
1258
1270
1272
1279
1303
1303
1309
1316
1318
1318
1318
1332
1343
1346
1346
1347
1352
1352
1352
1352
1352
1370
1370
1370
1370
1373
1373
1373
1401
1405
1426
1441
1446
1446
1451
1451
1451
1451
1466
1492
1492
1507
1513
1521
1524
1524
1539
1539
1539
1539
1552
1557
1557
1557
1560
1570
1570
1581
1582
1582
1590
1591
1593
1593
1595
1595
1595
1604
1637
1640
1641
1643
1643
1649
1649
1649
1649
1655
1671
1671
1671
1683
1683
1694
1705
1707
1707
1719
1719
1719
1719
1728
1734
1734
1734
1753
1759
1759
1770
1775
1783
1793
1793
1793
1793
1809
1828
1828
1828
1832
1852
1852
1852
1852
1852
1857
1858
1858
1858
1860
1866
1873
1901
1908
1930
1951
1964
1977
1998
1998
1998
1998
2005
2018
2030
2048
2048
2050
2060
2060
2082
2082
2082
2082
2100
2100
2100
2100
2100
2100
2100
2108
2108
2111
2120
2120
2134
2134
2134
2136
2136
2136
2149
2153
2153
2170
2170
2170
2174
2174
2180
2180
2188
2191
2194
2213
2213
2230
2233
2236
2236
2243
2250
2250
2250
2263
2272
2272
2283
2302
2302
2306
2325
2329
2337
2341
2341
2341
2341
2371
2387
2387
2387
2387
2407
2407
2407
2408
2408
2408
2408
2410
2413
2422
2428
2438
2458
2466
2469
2492
2492
2515
2530
2530
2530
2530
2533
2541
2550
2574
2574
2582
2593
2599
2632
2636
2636
2636
2659
2662
2667
2667
2677
2677
2678
2688
2694
2705
2713
2713
2719
2719
2719
2726
2726
2726
2734
2734
2746
2758
2758
2758
2766
2777
2778
2778
2781
2786
2790
2797
2799
2822
2826
2830
