0
0
3
3
3
3
3
5
7
7
11
11
11
11
11
15
16
16
16
16
16
28
28
28
28
28
28
28
37
37
44
56
56
62
69
77
77
78
97
105
105
105
110
110
121
121
135
135
135
138
147
148
148
149
164
176
179
179
180
180
189
191
200
205
216
223
243
252
258
258
263
264
264
287
289
289
289
296
296
300
317
321
322
322
325
326
330
346
346
353
353
353
355
355
363
363
363
363
363
370
370
370
371
371
378
382
382
382
382
383
386
396
396
396
396
397
397
397
397
397
397
399
402
402
405
412
412
412
421
428
429
429
446
451
451
451
451
451
458
458
467
467
469
475
478
478
478
478
488
505
505
505
506
506
513
517
529
535
538
540
548
554
554
554
555
555
559
568
569
569
569
580
582
582
590
590
592
592
596
597
605
614
614
624
625
625
625
625
627
627
627
627
634
641
642
644
648
648
654
654
654
654
654
654
656
667
667
667
667
674
674
674
674
674
674
689
695
695
702
707
708
708
717
723
740
744
752
757
759
759
760
760
770
770
792
794
794
794
795
795
795
795
812
820
820
820
820
820
820
826
842
848
854
859
867
867
867
867
869
869
880
893
893
894
897
909
909
912
918
920
921
921
933
933
933
942
942
954
954
954
954
954
959
959
959
959
959
968
968
971
974
974
974
974
981
981
981
981
981
987
987
987
987
987
987
987
987
987
990
1008
1020
1020
1027
1027
1027
1027
1044
1047
1060
1064
1075
1083
1083
1083
1083
1083
1087
1097
1117
1117
1117
1122
1130
1130
1132
1144
1161
1167
1167
1167
1167
1167
1167
1167
1181
1182
1192
1196
1202
1208
1208
1210
1210
1210
1215
1217
1217
1218
1222
1230
1230
1234
1234
1234
1234
1234
1239
1239
1239
1245
1248
1248
1248
1248
1248
1248
1253
1256
1256
1259
1264
1272
1272
1276
1279
1279
1279
1279
1283
1283
1283
1283
1284
1293
1293
1293
1293
1298
1298
1298
1304
1304
1304
1329
1343
1343
1346
1351
1351
1351
1364
1364
1370
1371
1379
1394
1394
1399
1406
1406
1406
1415
1443
1444
1444
1451
1464
1466
1469
1473
1484
1486
1486
1486
1486
1486
1486
1490
1501
1501
1501
1501
1504
1504
1504
1505
1505
1505
1505
1505
1505
1508
1508
1513
1513
1514
1520
1520
1520
1523
1530
1530
1530
1534
1541
1544
1545
1545
1545
1545
1545
1548
1548
1548
1561
1570
1573
1576
1582
1582
1582
1582
1582
1582
1582
1582
1582
1594
1594
1594
1594
1595
1597
1600
1602
1602
1602
1621
1628
1628
1628
