0
2
6
12
14
16
20
20
25
25
25
25
25
25
27
37
37
37
37
44
44
44
44
44
44
58
64
64
69
75
75
75
90
92
107
117
117
122
122
122
122
125
134
141
158
158
158
159
160
160
160
160
178
187
187
187
187
187
187
192
213
214
224
224
231
231
231
231
232
232
244
255
255
256
264
272
272
280
280
281
283
283
296
296
298
306
306
319
319
319
319
319
325
325
325
325
325
334
334
336
340
340
340
340
345
345
345
345
345
353
353
353
353
353
353
353
353
353
357
374
387
387
394
394
394
394
413
422
428
438
444
451
451
451
451
451
453
463
482
482
482
493
495
495
495
507
524
530
530
530
530
530
530
530
544
544
553
556
563
569
569
570
570
570
573
575
575
575
581
587
587
588
588
588
588
588
594
594
596
604
604
604
604
604
604
604
608
611
611
613
618
627
627
631
632
632
632
632
637
637
637
637
644
648
648
648
648
650
650
650
655
655
655
684
694
694
698
704
704
704
716
724
724
726
733
747
747
756
760
760
760
774
797
798
798
807
818
821
825
827
839
840
840
840
840
840
840
844
854
854
854
854
857
857
857
858
858
858
858
858
858
859
859
864
864
867
871
871
871
875
881
881
881
888
892
895
896
896
896
896
896
898
898
898
910
920
921
928
930
930
930
930
930
930
930
930
936
941
941
941
941
943
947
948
950
950
953
973
976
976
977
986
986
994
996
1001
1001
1007
1008
1017
1017
1025
1026
1028
1028
1035
1049
1051
1051
1053
1058
1061
1064
1074
1074
1074
1074
1075
1075
1080
1084
1087
1097
1097
1097
1097
1097
1097
1097
1100
1100
1100
1100
1100
1101
1102
1102
1105
1105
1105
1105
1105
1109
1110
1110
1110
1110
1114
1121
1121
1121
1121
1121
1121
1127
1129
1129
1137
1147
1147
1155
1168
1168
1168
1174
1188
1197
1197
1202
1202
1204
1212
1212
1224
1224
1225
1229
1236
1236
1236
1237
1254
1264
1268
1268
1268
1268
1277
1279
1291
1293
1309
1315
1332
1344
1346
1346
1352
1352
1359
1376
1376
1376
1376
1384
1385
1398
1403
1408
1408
1408
1414
1414
1426
1431
1431
1440
1440
1440
1442
1442
1451
1451
1451
1451
1451
1456
1456
1457
1457
1457
1469
1469
1469
1469
1469
1469
1476
1481
1481
1481
1481
1483
1483
1483
1483
1483
1483
1488
1488
1488
1491
1498
1498
1498
1513
1513
1513
1515
1530
1533
1533
1533
1533
1533
1539
1543
1551
1551
1557
1560
1560
1560
1560
1560
1571
1587
1587
1587
1587
1587
