0
0
1
24
40
51
65
81
81
81
81
81
81
102
102
102
113
116
149
157
168
172
193
202
202
202
204
204
204
219
223
227
243
243
243
243
252
270
270
270
273
273
273
294
294
302
302
302
311
311
311
311
311
311
311
311
316
317
322
322
343
343
343
346
350
350
350
362
366
397
413
413
416
416
416
416
416
440
455
455
455
455
469
473
473
473
473
478
478
485
490
490
490
490
490
490
495
508
526
545
556
573
573
573
574
574
576
614
614
614
624
624
652
674
676
676
681
696
698
698
698
698
698
716
716
727
753
753
753
753
753
758
758
758
772
772
779
791
791
791
800
800
800
800
800
800
800
800
800
806
810
810
810
810
832
833
833
836
836
842
846
861
873
885
904
907
911
911
911
911
911
920
946
947
954
959
972
984
984
989
992
995
995
997
997
997
997
997
998
998
1003
1004
1020
1026
1035
1044
1047
1047
1047
1047
1047
1083
1098
1098
1109
1109
1117
1128
1136
1144
1144
1144
1144
1144
1144
1144
1151
1157
1164
1164
1182
1186
1192
1192
1193
1196
1196
1196
1207
1210
1213
1239
1239
1245
1252
1252
1252
1252
1260
1275
1278
1278
1278
1279
1279
1279
1279
1279
1293
1294
1294
1294
1294
1294
1294
1319
1326
1350
1368
1371
1371
1372
1372
1372
1372
1387
1416
1416
1430
1438
1445
1445
1445
1457
1457
1457
1457
1472
1473
1473
1473
1473
1482
1482
1492
1492
1492
1495
1498
1499
1499
1499
1499
1499
1504
1543
1547
1547
1550
1550
1553
1553
1553
1553
1553
1571
1574
1574
1584
1584
1593
1607
1608
1608
1616
1616
1616
1616
1620
1623
1623
1623
1640
1648
1648
1656
1661
1670
1684
1684
1684
1684
1700
1722
1722
1722
1722
1743
1743
1743
1743
1743
1745
1746
1746
1746
1746
1752
1759
1793
1801
1825
1852
1865
1874
1900
1900
1900
1900
1904
1919
1932
1951
1951
1951
1958
1958
1980
1980
1980
1980
1995
1995
1995
1995
1995
1995
1995
1999
1999
1999
2008
2008
2020
2022
2022
2022
2022
2022
2033
2034
2034
2055
2055
2055
2056
2056
2056
2056
2059
2066
2070
2092
2092
2107
2111
2115
2115
2119
2127
2127
2127
2137
2148
2148
2157
2178
2179
2180
2202
2207
2212
2215
2215
2215
2215
2244
2263
2263
2263
2263
2278
2282
2282
2282
2282
2282
2282
2282
2282
2286
2294
2306
2329
2340
2344
2370
2371
2399
2415
2415
2415
2415
2415
2422
2432
2460
2460
2465
2477
2479
2516
2516
2516
2516
2537
2541
2547
2547
2555
2556
2556
2563
2568
2580
2592
2592
2597
2597
2597
2600
2600
2600
2605
2605
2617
2630
2630
2630
2633
2648
2649
2649
2649
2651
2652
2660
2660
2684
2690
2693
