0
0
0
5
5
28
28
28
28
28
28
28
28
28
28
36
36
39
39
39
39
41
42
42
42
42
42
44
44
44
44
44
44
44
44
44
61
74
96
96
102
102
102
102
126
149
153
170
178
187
187
187
187
187
187
209
232
232
232
247
247
247
249
266
293
303
303
303
303
303
303
305
321
325
337
338
354
360
360
360
360
360
361
363
363
363
371
377
377
377
377
377
377
377
379
379
379
390
390
391
391
391
391
391
396
396
396
396
402
416
416
417
417
417
417
417
417
417
417
417
424
427
427
427
427
427
427
427
428
428
439
470
491
491
491
493
493
493
507
520
520
526
546
554
554
576
576
576
576
605
634
635
635
663
663
674
674
678
700
703
703
703
703
703
703
717
719
719
719
719
719
719
719
719
719
719
719
719
719
719
719
722
722
727
727
727
727
730
736
736
736
743
754
755
755
755
755
755
755
755
755
755
771
785
788
802
802
802
802
802
802
802
802
802
812
819
819
819
819
819
823
823
823
823
834
856
861
861
861
873
873
879
889
894
894
905
908
917
917
933
933
936
936
946
966
970
970
975
975
983
992
1001
1001
1001
1001
1001
1001
1008
1008
1025
1031
1031
1031
1031
1031
1031
1031
1031
1031
1031
1031
1031
1031
1031
1031
1031
1031
1031
1031
1031
1031
1031
1031
1031
1031
1033
1042
1043
1043
1043
1043
1043
1046
1046
1046
1050
1067
1067
1074
1097
1097
1097
1115
1138
1138
1138
1139
1139
1147
1149
1149
1163
1163
1163
1178
1178
1178
1178
1186
1202
1218
1218
1218
1218
1218
1227
1241
1252
1252
1270
1302
1310
1338
1338
1338
1340
1340
1350
1376
1378
1378
1378
1382
1387
1411
1419
1428
1428
1428
1428
1428
1450
1450
1464
1466
1466
1466
1466
1468
1475
1475
1475
1475
1475
1477
1477
1477
1477
1480
1490
1490
1490
1490
1490
1490
1505
1505
1505
1505
1505
1505
1505
1505
1505
1505
1505
1506
1506
1506
1506
1515
1515
1515
1532
1536
1536
1546
1567
1567
1567
1567
1567
1567
1570
1577
1588
1588
1593
1593
1593
1593
1593
1593
1607
1631
1631
1631
1631
1631
1638
1648
1668
1671
1677
1693
1693
1706
1706
1706
1706
1706
1709
1720
1720
1720
1724
1734
1734
1741
1741
1744
1744
1744
1746
1746
1770
1770
1770
1781
1781
1781
1781
1781
1781
1781
1781
1786
1786
1789
1789
1793
1793
1793
1793
1793
1793
1793
1793
1793
1804
1808
1808
1808
1808
1811
1811
1811
1811
1811
1826
1831
1841
1841
1844
1855
1855
1855
1875
1902
1906
1924
1929
1931
1931
1931
1931
1941
1943
1957
1978
1978
