0
0
3
3
3
3
4
4
4
4
4
4
4
4
4
15
15
15
15
16
16
16
16
16
16
37
49
49
50
63
63
63
84
88
122
144
144
155
156
156
156
156
167
175
210
212
212
212
212
212
212
212
236
254
254
254
254
254
254
254
294
296
308
308
319
319
319
319
319
319
331
356
356
356
357
373
373
380
380
380
380
380
392
392
396
410
410
437
437
437
437
437
437
437
437
437
437
442
442
442
442
442
442
442
442
442
442
442
442
442
442
442
442
442
442
442
442
442
442
474
504
504
508
508
508
508
535
554
568
580
595
610
610
610
610
610
610
618
661
661
661
670
676
676
676
694
732
745
745
745
745
745
745
745
764
765
777
783
797
812
812
812
812
812
812
812
812
812
812
825
825
825
825
825
825
825
825
825
825
837
840
840
840
840
840
840
840
841
841
841
841
860
860
860
860
860
860
860
860
860
860
860
860
869
869
869
869
869
869
869
869
869
869
918
943
943
943
947
947
947
960
977
977
977
987
1015
1015
1034
1043
1043
1043
1060
1110
1114
1114
1121
1145
1150
1158
1166
1190
1195
1195
1195
1195
1195
1195
1195
1210
1210
1210
1210
1210
1210
1210
1210
1210
1210
1210
1210
1210
1210
1210
1210
1210
1210
1211
1211
1211
1211
1219
1219
1219
1223
1232
1238
1240
1240
1240
1240
1240
1240
1240
1240
1254
1273
1276
1290
1294
1294
1294
1294
1294
1294
1294
1294
1294
1307
1307
1307
1307
1307
1308
1308
1308
1308
1308
1345
1352
1352
1352
1365
1365
1370
1372
1387
1387
1399
1400
1417
1417
1436
1437
1441
1441
1444
1475
1480
1480
1480
1482
1486
1495
1517
1517
1517
1517
1517
1517
1517
1519
1527
1551
1551
1551
1551
1551
1551
1551
1551
1551
1551
1551
1551
1551
1551
1551
1551
1551
1551
1551
1551
1551
1551
1551
1551
1551
1551
1560
1560
1560
1560
1560
1560
1560
1562
1562
1562
1583
1584
1593
1623
1623
1623
1624
1654
1671
1671
1671
1671
1671
1679
1679
1694
1694
1694
1695
1708
1708
1708
1708
1733
1748
1753
1753
1753
1753
1760
1762
1789
1792
1813
1829
1862
1889
1896
1896
1896
1896
1900
1937
1939
1939
1939
1940
1944
1972
1985
1997
1997
1997
1997
1997
2013
2021
2022
2041
2041
2041
2041
2041
2050
2050
2050
2050
2050
2050
2050
2050
2050
2050
2063
2063
2063
2063
2063
2063
2066
2077
2077
2077
2077
2077
2077
2077
2077
2077
2077
2077
2077
2077
2077
2084
2084
2084
2103
2107
2107
2107
2136
2145
2145
2145
2145
2145
2146
2151
2169
2169
2171
2172
2172
2172
2172
2172
2185
2217
2217
2217
2217
2217
