0
0
0
0
0
0
6
23
23
24
24
24
24
24
24
35
68
68
68
68
68
68
73
111
113
124
144
144
158
158
158
158
158
158
170
170
170
171
183
183
192
192
194
194
194
194
194
220
220
220
233
233
233
233
233
233
233
233
235
235
235
235
235
235
235
235
235
235
235
235
235
235
246
246
246
246
246
246
246
246
246
246
268
280
280
280
293
293
293
314
334
352
374
377
385
386
386
386
387
397
416
441
441
441
441
441
441
441
441
466
484
484
484
484
484
484
484
525
525
538
538
550
550
550
550
550
550
561
587
587
587
604
604
604
609
609
609
609
609
621
621
629
639
639
667
667
667
667
667
667
667
667
667
667
671
671
671
671
671
671
671
671
671
671
671
671
671
671
671
671
671
671
671
671
671
679
704
733
733
736
736
736
736
763
785
796
813
828
837
837
837
837
837
837
858
890
890
890
903
904
904
904
922
962
975
975
975
975
975
975
975
993
993
1012
1012
1033
1042
1042
1042
1042
1042
1042
1042
1042
1042
1043
1055
1055
1055
1055
1055
1055
1055
1055
1055
1055
1068
1068
1068
1068
1068
1068
1068
1070
1070
1070
1070
1070
1089
1089
1089
1089
1089
1089
1089
1089
1089
1089
1089
1092
1097
1097
1097
1097
1097
1097
1097
1097
1097
1097
1147
1173
1173
1174
1176
1176
1176
1188
1206
1206
1207
1228
1243
1244
1273
1273
1273
1273
1300
1344
1345
1345
1374
1374
1390
1390
1395
1422
1425
1425
1425
1425
1425
1425
1437
1442
1442
1442
1442
1442
1442
1442
1442
1442
1442
1442
1442
1442
1442
1442
1442
1442
1442
1442
1442
1442
1442
1449
1449
1449
1453
1465
1468
1468
1468
1468
1468
1468
1468
1468
1468
1481
1501
1503
1522
1523
1523
1523
1523
1523
1523
1523
1523
1531
1536
1536
1536
1536
1536
1537
1537
1537
1537
1541
1574
1581
1581
1581
1595
1595
1597
1603
1616
1616
1629
1629
1646
1646
1666
1667
1670
1670
1677
1704
1707
1707
1710
1710
1721
1723
1744
1744
1744
1744
1744
1744
1747
1747
1769
1779
1779
1779
1779
1779
1779
1779
1779
1779
1779
1779
1779
1779
1779
1779
1779
1779
1779
1779
1779
1779
1779
1779
1779
1779
1779
1788
1788
1788
1788
1788
1788
1789
1789
1789
1789
1810
1810
1820
1850
1850
1850
1860
1898
1898
1898
1898
1898
1898
1904
1904
1918
1918
1918
1928
1932
1932
1932
1932
1957
1979
1979
1979
1979
1979
1985
2000
2017
2017
2038
2075
2088
2120
2123
2123
2123
2123
2127
2163
2165
2165
2165
2167
2171
2199
2211
2223
2223
2223
2223
2223
2242
2247
2262
2267
2267
2267
2267
2267
2276
2276
2276
