0
0
8
12
17
28
28
28
28
33
35
35
35
35
35
46
46
55
56
59
59
67
69
69
69
69
75
79
79
79
82
82
82
83
89
89
108
115
129
131
140
144
144
144
167
179
183
198
203
208
208
208
208
214
216
233
247
247
247
263
263
267
272
280
297
302
302
302
302
302
302
313
321
329
338
338
348
353
354
357
360
360
370
371
374
374
384
387
387
394
394
394
394
397
408
411
416
424
425
425
425
425
425
427
435
438
438
445
448
458
458
465
465
468
468
474
474
474
474
474
485
487
487
488
488
495
495
495
500
500
513
533
543
545
547
555
555
555
571
580
580
590
602
609
609
623
623
623
623
646
664
666
666
687
687
693
693
698
710
710
710
710
710
710
716
728
730
730
732
733
739
739
739
740
740
740
742
742
742
748
754
755
755
768
768
770
770
779
784
784
784
794
802
805
805
805
805
805
811
811
811
812
828
837
844
852
852
852
855
855
855
855
856
856
870
871
871
874
874
877
884
884
890
893
906
920
926
926
930
940
942
953
960
962
963
976
985
992
992
1002
1002
1002
1002
1016
1027
1033
1034
1044
1044
1053
1057
1066
1066
1066
1066
1071
1071
1082
1082
1095
1096
1096
1097
1097
1097
1102
1105
1106
1106
1106
1106
1108
1118
1118
1125
1125
1125
1127
1128
1134
1137
1140
1140
1140
1140
1150
1155
1156
1156
1156
1159
1159
1170
1170
1171
1179
1190
1195
1203
1217
1217
1219
1233
1250
1250
1250
1258
1258
1271
1272
1277
1287
1287
1292
1305
1305
1309
1309
1321
1333
1350
1350
1350
1355
1356
1369
1379
1387
1389
1407
1427
1431
1446
1446
1446
1454
1454
1467
1483
1489
1489
1497
1500
1501
1516
1519
1525
1525
1527
1531
1531
1551
1553
1558
1561
1561
1561
1565
1569
1576
1576
1576
1576
1576
1586
1586
1590
1590
1599
1605
1605
1605
1605
1608
1616
1627
1627
1627
1627
1627
1630
1631
1631
1631
1631
1631
1638
1638
1640
1646
1654
1654
1658
1674
1675
1679
1691
1703
1703
1703
1704
1704
1709
1713
1716
1724
1724
1732
1739
1739
1743
1743
1747
1759
1773
1773
1779
1779
1785
1793
1799
1810
1812
1818
1828
1828
1834
1834
1836
1838
1839
1847
1860
1860
1860
1870
1875
1875
1888
1889
1894
1894
1896
1902
1902
1922
1922
1929
1936
1936
1936
1936
1940
1940
1940
1941
1950
1953
1961
1965
1974
1974
1982
1982
1982
1982
1982
1982
1986
1995
1996
1996
1996
1998
2010
2010
2010
2010
2010
2026
2031
2038
2043
2047
2055
2056
2059
2075
2089
2092
2105
2112
2115
2115
2116
2116
2128
2130
2145
2157
2157
