0
0
0
0
0
0
6
23
23
25
25
25
25
25
25
38
70
70
70
70
70
70
75
112
114
125
146
146
159
159
159
159
159
159
172
172
172
174
185
185
194
194
196
196
196
196
196
222
222
222
234
234
234
234
234
234
234
234
237
237
237
237
237
238
238
238
238
238
238
238
238
239
249
249
249
249
250
250
250
250
250
250
272
283
283
283
296
296
296
317
337
355
376
380
387
387
387
387
389
399
418
443
443
443
443
443
443
443
443
468
487
487
487
487
487
487
487
528
528
540
540
552
552
552
552
552
552
564
589
589
589
606
607
607
614
614
614
614
614
626
626
633
644
644
671
671
671
671
671
671
671
671
671
671
675
675
675
675
675
675
675
675
675
675
675
675
675
675
675
675
675
675
675
675
675
683
707
736
736
741
741
741
741
767
790
800
817
832
842
842
842
842
842
842
863
894
894
894
908
909
909
909
927
964
978
978
978
978
978
978
979
997
997
1016
1016
1038
1044
1044
1044
1044
1044
1044
1044
1044
1044
1046
1057
1057
1057
1057
1057
1057
1057
1057
1057
1057
1070
1072
1072
1072
1072
1072
1072
1073
1073
1073
1073
1073
1093
1093
1093
1093
1093
1093
1093
1093
1093
1093
1093
1097
1102
1102
1102
1102
1102
1102
1102
1102
1102
1102
1152
1176
1176
1178
1181
1181
1181
1194
1211
1211
1214
1232
1249
1249
1277
1277
1277
1277
1305
1348
1350
1350
1379
1380
1393
1393
1401
1425
1430
1430
1430
1430
1430
1430
1441
1445
1445
1445
1445
1445
1445
1445
1445
1445
1445
1445
1445
1445
1445
1445
1445
1445
1445
1446
1446
1446
1446
1455
1455
1455
1460
1472
1476
1476
1476
1476
1476
1476
1476
1476
1476
1489
1509
1512
1529
1530
1530
1530
1530
1530
1530
1530
1530
1539
1543
1543
1543
1543
1543
1544
1544
1544
1544
1548
1581
1588
1588
1588
1601
1601
1605
1608
1622
1622
1635
1635
1652
1652
1672
1673
1676
1676
1685
1710
1715
1715
1718
1718
1729
1731
1751
1751
1751
1751
1751
1751
1753
1753
1777
1785
1785
1785
1785
1785
1785
1785
1785
1785
1785
1785
1785
1785
1785
1785
1785
1785
1785
1785
1785
1785
1785
1785
1785
1785
1785
1794
1794
1794
1794
1794
1794
1796
1796
1796
1796
1817
1818
1828
1856
1856
1856
1866
1904
1904
1904
1904
1904
1905
1912
1912
1927
1927
1927
1938
1943
1943
1943
1943
1968
1988
1988
1988
1988
1988
1995
2010
2027
2027
2049
2086
2099
2128
2132
2132
2132
2132
2137
2173
2175
2175
2175
2176
2181
2209
2220
2232
2232
2232
2232
2232
2252
2256
2272
2276
2276
2276
2276
2276
2284
2284
2284
