0
0
0
0
0
0
0
0
0
0
0
0
0
0
0
0
0
0
0
0
0
7
9
9
9
9
9
9
11
11
11
31
32
36
51
67
67
67
94
111
111
111
111
111
118
118
132
132
132
132
147
147
147
147
167
183
188
188
188
188
194
197
215
222
231
248
287
305
318
318
318
318
318
353
358
358
358
359
360
366
401
411
411
411
411
411
411
435
435
449
452
452
452
452
460
460
460
460
460
460
460
460
460
460
463
474
474
474
474
474
474
487
487
487
487
487
487
487
487
487
487
487
487
487
487
495
495
495
503
516
516
516
545
552
552
552
552
552
553
553
574
574
574
576
576
576
576
576
585
618
618
618
618
618
621
623
649
661
666
672
687
701
701
701
701
701
701
712
712
712
712
722
724
724
733
733
734
734
734
734
738
759
759
769
771
771
771
771
771
771
771
771
775
775
775
775
777
777
777
777
777
777
777
777
777
789
789
789
789
789
789
789
789
789
789
806
819
819
819
831
831
831
838
850
886
893
905
916
916
916
916
916
926
926
966
968
968
968
968
968
968
968
990
1008
1008
1008
1008
1008
1008
1008
1035
1047
1049
1059
1069
1069
1069
1069
1069
1069
1080
1103
1103
1103
1103
1120
1120
1120
1126
1126
1126
1126
1138
1138
1138
1153
1153
1179
1179
1179
1179
1179
1179
1179
1179
1179
1179
1185
1185
1185
1185
1185
1185
1185
1185
1185
1185
1185
1185
1185
1185
1185
1185
1185
1185
1185
1185
1185
1185
1215
1242
1242
1244
1244
1244
1244
1266
1269
1299
1301
1323
1338
1338
1338
1338
1338
1338
1345
1388
1388
1388
1388
1403
1403
1403
1419
1455
1467
1467
1467
1467
1467
1467
1467
1482
1485
1495
1502
1514
1528
1528
1528
1528
1528
1528
1528
1528
1528
1529
1543
1543
1543
1543
1543
1543
1543
1543
1543
1543
1548
1556
1556
1556
1556
1556
1556
1556
1558
1558
1558
1559
1578
1578
1578
1578
1578
1578
1578
1578
1578
1578
1578
1578
1586
1586
1586
1586
1586
1586
1586
1586
1586
1586
1625
1655
1655
1655
1658
1658
1658
1670
1671
1686
1686
1692
1722
1722
1733
1746
1746
1746
1752
1807
1810
1810
1812
1838
1841
1851
1856
1878
1884
1884
1884
1884
1884
1884
1884
1898
1898
1898
1898
1898
1898
1898
1898
1898
1898
1898
1898
1898
1898
1898
1898
1898
1898
1899
1899
1899
1899
1907
1907
1907
1907
1920
1925
1927
1927
1927
1927
1927
1927
1927
1927
1940
1958
1958
1964
1978
1978
1978
1978
1978
1978
1978
1978
1978
1990
1990
1990
1990
1990
1990
1992
1992
1992
1992
2020
2033
2033
2033
