0
5
10
18
19
21
27
27
33
33
33
33
33
33
35
48
48
48
48
56
56
56
56
56
56
75
82
82
91
98
98
98
118
120
141
151
151
159
159
159
159
164
174
183
203
204
204
205
207
207
207
208
228
238
238
238
238
238
239
247
273
274
286
287
297
297
297
297
298
298
313
326
326
327
337
346
346
357
357
359
362
362
379
379
381
389
389
406
406
406
406
406
413
413
413
413
413
423
423
427
429
429
429
429
436
436
436
436
436
444
444
444
444
444
444
444
445
445
454
473
488
488
496
497
497
497
519
529
539
550
557
564
564
564
564
564
568
583
606
606
606
618
624
624
625
640
661
669
669
669
669
669
669
669
686
686
699
701
712
717
717
719
719
719
724
726
726
726
733
741
741
747
747
747
747
747
754
754
758
765
768
768
768
768
768
768
774
777
777
779
787
795
795
799
802
802
802
802
807
807
807
807
816
820
820
820
820
825
825
825
831
831
831
865
879
879
883
889
889
889
904
913
913
916
926
940
940
951
957
957
957
977
1005
1005
1005
1016
1030
1032
1037
1041
1054
1058
1058
1058
1058
1058
1058
1063
1075
1075
1075
1075
1079
1079
1079
1079
1079
1079
1079
1079
1079
1083
1084
1091
1091
1096
1101
1101
1106
1113
1120
1120
1120
1129
1135
1138
1138
1138
1138
1138
1138
1143
1143
1143
1156
1168
1170
1179
1182
1182
1182
1182
1182
1182
1182
1182
1190
1196
1196
1196
1196
1199
1205
1205
1207
1208
1213
1240
1244
1244
1245
1260
1260
1270
1273
1280
1280
1287
1287
1300
1302
1309
1312
1312
1312
1323
1340
1342
1342
1344
1350
1354
1359
1370
1370
1370
1370
1372
1372
1378
1382
1385
1399
1399
1399
1399
1399
1399
1399
1406
1406
1406
1406
1406
1409
1411
1411
1416
1416
1416
1416
1416
1421
1423
1423
1423
1423
1429
1436
1436
1436
1436
1436
1436
1441
1445
1445
1453
1465
1465
1476
1492
1492
1492
1499
1517
1525
1525
1530
1530
1533
1542
1542
1558
1558
1560
1567
1574
1575
1575
1577
1597
1608
1613
1613
1616
1616
1627
1629
1646
1647
1666
1676
1695
1709
1712
1712
1718
1718
1729
1750
1750
1750
1750
1760
1760
1778
1783
1790
1790
1790
1795
1795
1811
1816
1818
1826
1826
1826
1827
1828
1838
1838
1838
1838
1838
1845
1845
1846
1846
1847
1861
1861
1861
1861
1861
1862
1871
1877
1877
1877
1877
1877
1877
1877
1877
1877
1877
1883
1883
1883
1885
1897
1897
1897
1917
1919
1919
1925
1942
1946
1946
1946
1946
1946
1953
1956
1967
1967
1976
1981
1982
1982
1982
1982
1995
2014
2014
2014
2016
2016
