0
0
0
0
0
42
42
42
42
42
42
42
42
42
42
43
43
43
43
43
43
43
43
43
43
43
43
43
43
43
43
43
43
43
43
43
64
87
133
133
133
133
133
133
168
212
222
256
273
287
287
287
287
287
287
319
363
363
363
381
381
381
381
416
471
490
490
490
490
490
490
490
514
518
542
544
575
589
589
589
589
589
589
589
589
589
596
607
607
607
607
607
607
607
607
607
607
621
621
621
621
621
621
621
621
621
621
621
621
647
647
647
647
647
647
647
647
647
647
647
650
657
657
657
657
657
657
657
657
657
665
728
767
767
769
775
775
775
790
816
816
816
854
869
869
914
914
914
914
960
1019
1020
1020
1063
1063
1083
1083
1094
1137
1142
1142
1142
1142
1142
1142
1155
1160
1160
1160
1160
1160
1160
1160
1160
1160
1160
1160
1160
1160
1160
1160
1160
1160
1160
1160
1160
1160
1160
1165
1165
1165
1167
1186
1190
1190
1190
1190
1190
1190
1190
1190
1190
1207
1237
1238
1271
1271
1271
1271
1271
1271
1271
1271
1271
1279
1285
1285
1285
1285
1285
1285
1285
1285
1285
1293
1340
1348
1348
1348
1369
1369
1370
1389
1397
1397
1418
1427
1445
1445
1476
1477
1482
1482
1489
1529
1536
1536
1536
1536
1551
1563
1589
1589
1589
1589
1589
1589
1589
1589
1623
1638
1638
1638
1638
1638
1638
1638
1638
1638
1638
1638
1638
1638
1638
1638
1638
1638
1638
1638
1638
1638
1638
1638
1638
1638
1638
1646
1647
1647
1647
1647
1647
1647
1647
1647
1647
1676
1676
1690
1737
1737
1737
1758
1806
1806
1806
1806
1806
1814
1814
1814
1834
1834
1834
1854
1854
1854
1854
1854
1888
1921
1921
1921
1921
1921
1926
1955
1975
1975
2003
2064
2084
2136
2136
2136
2136
2136
2140
2196
2196
2196
2196
2196
2201
2250
2263
2284
2284
2284
2284
2284
2316
2318
2342
2347
2347
2347
2347
2347
2355
2355
2355
2355
2355
2355
2355
2355
2355
2355
2368
2368
2368
2368
2368
2368
2383
2383
2383
2383
2383
2383
2383
2383
2383
2383
2383
2383
2383
2383
2383
2390
2390
2390
2415
2420
2420
2441
2481
2481
2481
2481
2481
2481
2481
2489
2513
2513
2513
2513
2513
2513
2513
2513
2531
2577
2577
2577
2577
2577
2578
2597
2638
2644
2657
2689
2689
2712
2712
2712
2712
2712
2712
2727
2727
2727
2727
2741
2741
2756
2756
2758
2758
2758
2758
2758
2792
2792
2792
2813
2813
2813
2813
2813
2813
2813
2813
2813
2813
2813
2813
2813
2813
2813
2813
2813
2813
2813
2813
2813
2817
2825
2825
2825
2825
2825
2825
2825
2825
2825
2839
2852
2871
2871
2871
2885
2885
2885
2912
2964
2971
3006
3020
3024
3024
3024
3024
3030
3034
3065
3104
3104
