0
0
0
28
50
66
85
105
105
105
105
105
105
128
128
128
138
143
189
200
216
218
247
259
259
259
259
259
259
273
280
285
307
307
307
307
314
339
339
339
339
339
339
367
367
374
374
375
388
388
388
388
388
388
388
388
388
390
398
398
424
424
424
426
433
433
433
443
449
490
511
511
516
516
516
516
516
544
567
567
567
567
584
590
590
590
590
592
592
603
609
609
609
609
609
609
613
629
652
677
693
717
717
717
717
717
717
767
767
767
776
776
807
838
841
841
842
864
868
868
868
868
868
887
888
903
940
940
940
940
940
943
943
943
957
957
968
982
982
982
993
993
993
993
993
993
993
993
993
997
1000
1000
1000
1000
1024
1027
1027
1028
1028
1037
1043
1060
1078
1096
1121
1124
1130
1130
1130
1130
1130
1137
1173
1175
1181
1189
1204
1220
1220
1228
1230
1236
1236
1236
1236
1236
1236
1236
1236
1236
1240
1243
1263
1271
1283
1295
1301
1301
1301
1301
1301
1345
1366
1366
1375
1375
1380
1396
1407
1418
1418
1418
1418
1418
1418
1418
1426
1432
1443
1443
1466
1470
1478
1478
1478
1480
1480
1480
1489
1491
1497
1529
1529
1536
1546
1546
1546
1546
1552
1573
1577
1577
1577
1577
1577
1577
1577
1577
1591
1593
1593
1593
1593
1593
1593
1623
1630
1662
1689
1692
1692
1692
1692
1692
1692
1707
1747
1747
1762
1770
1782
1782
1782
1798
1798
1798
1798
1813
1815
1815
1815
1815
1820
1820
1832
1832
1832
1835
1837
1839
1839
1839
1839
1839
1842
1894
1900
1900
1903
1903
1907
1907
1907
1907
1907
1929
1932
1932
1949
1949
1958
1977
1977
1977
1982
1982
1982
1982
1984
1989
1989
1989
2005
2017
2017
2023
2029
2042
2062
2062
2062
2062
2079
2109
2109
2109
2109
2133
2133
2133
2133
2133
2133
2133
2133
2133
2133
2137
2144
2190
2200
2233
2271
2289
2297
2330
2330
2330
2330
2330
2351
2369
2394
2394
2394
2398
2398
2425
2425
2425
2425
2440
2440
2440
2440
2440
2440
2440
2440
2440
2440
2450
2450
2467
2470
2470
2470
2470
2470
2481
2482
2482
2511
2511
2511
2511
2511
2511
2511
2511
2518
2522
2552
2552
2568
2574
2579
2579
2584
2593
2593
2593
2602
2617
2617
2625
2654
2654
2654
2679
2684
2693
2697
2697
2697
2697
2731
2756
2756
2756
2756
2774
2776
2776
2776
2776
2776
2776
2776
2776
2776
2786
2805
2839
2849
2855
2890
2891
2929
2949
2949
2949
2949
2949
2953
2967
3005
3005
3006
3024
3024
3071
3071
3071
3071
3094
3099
3108
3108
3114
3116
3116
3122
3130
3145
3162
3162
3162
3162
3162
3162
3162
3162
3165
3165
3183
3200
3200
3200
3201
3221
3222
3222
3222
3222
3224
3235
3235
3264
3269
3276
