0
0
3
25
44
56
71
88
88
88
88
88
88
110
110
110
123
123
161
168
180
185
207
216
216
216
219
219
219
234
242
244
261
261
261
261
271
291
291
291
292
292
293
316
316
323
323
325
335
335
335
335
335
335
335
335
339
340
346
347
369
369
369
372
376
376
376
387
391
424
440
440
444
444
444
444
444
471
487
487
487
487
503
507
507
507
507
512
512
518
524
524
524
524
524
524
531
544
563
584
595
612
612
612
613
613
613
654
654
654
665
665
693
719
720
720
724
741
744
744
744
744
744
763
763
775
803
803
803
803
803
808
808
808
821
822
832
844
844
844
855
855
855
855
855
855
855
855
855
862
864
864
864
864
889
889
889
890
890
897
905
917
930
946
964
966
973
973
973
973
973
981
1011
1011
1020
1026
1040
1050
1050
1057
1059
1063
1063
1063
1063
1063
1063
1063
1064
1064
1070
1074
1088
1097
1106
1115
1117
1117
1117
1117
1117
1156
1171
1171
1183
1183
1192
1203
1212
1221
1221
1221
1221
1221
1221
1221
1230
1235
1243
1243
1265
1267
1273
1273
1278
1280
1280
1280
1293
1295
1298
1326
1326
1333
1343
1343
1343
1343
1352
1369
1372
1372
1372
1372
1373
1373
1373
1373
1388
1390
1390
1390
1390
1390
1390
1418
1424
1450
1470
1473
1473
1475
1475
1475
1475
1487
1520
1520
1535
1542
1551
1551
1551
1566
1566
1566
1566
1581
1583
1583
1583
1584
1591
1591
1601
1601
1601
1603
1607
1607
1607
1607
1607
1607
1612
1654
1658
1659
1660
1660
1664
1664
1664
1664
1664
1685
1688
1688
1699
1699
1708
1724
1725
1725
1732
1732
1732
1732
1739
1743
1743
1743
1762
1770
1770
1776
1783
1791
1807
1807
1807
1807
1824
1847
1847
1847
1848
1871
1871
1871
1871
1871
1872
1875
1875
1875
1875
1881
1887
1924
1931
1959
1987
2002
2013
2038
2038
2038
2038
2043
2058
2072
2094
2094
2094
2102
2102
2126
2126
2126
2126
2143
2143
2143
2143
2143
2143
2143
2146
2146
2146
2156
2156
2169
2171
2171
2171
2171
2171
2184
2184
2184
2207
2207
2207
2207
2207
2207
2207
2209
2216
2219
2244
2244
2260
2265
2271
2271
2274
2282
2282
2282
2291
2303
2303
2311
2335
2335
2335
2358
2361
2369
2372
2372
2372
2372
2402
2423
2423
2423
2423
2439
2442
2442
2442
2442
2442
2442
2442
2442
2445
2453
2468
2491
2503
2507
2536
2536
2566
2582
2582
2582
2582
2582
2589
2599
2629
2629
2634
2647
2647
2688
2688
2688
2688
2709
2713
2721
2721
2728
2729
2729
2737
2744
2756
2769
2769
2772
2772
2772
2775
2775
2775
2781
2781
2793
2807
2807
2807
2810
2827
2829
2829
2831
2833
2834
2843
2843
2869
2874
2878
