0
0
0
0
0
0
0
0
0
0
0
0
0
0
0
0
0
0
0
0
0
12
12
12
12
12
12
12
17
17
19
37
37
41
54
68
68
68
94
109
109
109
110
110
119
119
132
132
132
132
147
147
147
147
168
184
186
186
186
186
195
196
213
220
231
245
278
294
306
306
307
307
307
342
345
345
345
348
349
354
384
393
394
394
394
394
394
416
416
428
431
431
431
431
440
440
440
440
440
441
441
441
441
441
446
454
454
454
454
454
454
468
468
468
468
468
468
468
468
468
468
468
469
469
469
479
479
479
487
499
499
499
524
531
531
531
531
531
535
535
552
552
552
557
557
557
557
557
568
596
596
596
596
596
600
603
624
636
640
645
659
671
671
671
671
671
671
684
685
685
685
695
700
700
707
707
709
709
709
711
716
734
734
742
745
745
745
745
745
745
745
745
750
754
754
754
756
756
756
756
756
756
756
756
756
772
772
772
772
774
774
774
774
774
774
795
805
805
809
819
819
819
827
838
869
874
888
895
895
895
895
895
906
906
939
943
943
943
943
943
943
943
964
978
978
978
978
978
978
980
1004
1014
1017
1024
1033
1034
1034
1034
1034
1034
1046
1065
1065
1065
1065
1083
1083
1083
1091
1091
1091
1091
1105
1105
1105
1120
1120
1143
1143
1143
1143
1143
1144
1144
1144
1144
1144
1152
1152
1152
1154
1154
1154
1154
1157
1157
1157
1157
1157
1158
1158
1158
1158
1158
1158
1158
1158
1158
1158
1188
1210
1210
1216
1216
1216
1216
1240
1240
1267
1269
1288
1301
1301
1301
1301
1301
1301
1308
1345
1345
1345
1345
1360
1360
1360
1376
1406
1417
1417
1417
1417
1417
1417
1417
1433
1436
1446
1452
1463
1474
1474
1474
1474
1474
1474
1477
1477
1477
1478
1492
1492
1492
1492
1492
1492
1492
1494
1494
1494
1499
1505
1505
1506
1506
1506
1506
1507
1511
1511
1511
1517
1530
1530
1530
1530
1530
1530
1530
1530
1530
1530
1530
1530
1540
1540
1540
1540
1540
1540
1540
1541
1541
1541
1578
1605
1605
1605
1607
1607
1607
1620
1621
1634
1634
1642
1667
1667
1678
1689
1689
1689
1698
1745
1748
1748
1753
1774
1778
1785
1790
1810
1815
1815
1815
1815
1815
1815
1815
1831
1831
1831
1831
1831
1831
1831
1831
1831
1831
1831
1831
1831
1831
1831
1834
1834
1834
1839
1839
1839
1839
1849
1849
1849
1851
1864
1867
1869
1869
1869
1869
1869
1869
1869
1869
1884
1899
1900
1905
1916
1916
1916
1916
1916
1916
1916
1916
1916
1932
1932
1932
1932
1932
1932
1936
1936
1936
1936
1965
1974
1974
1974
