0
0
0
0
0
0
0
0
0
0
0
0
0
0
0
0
0
0
0
0
0
8
10
10
10
10
10
10
12
12
12
34
35
40
56
74
74
74
101
122
122
122
122
122
128
128
143
143
143
143
158
158
158
158
179
197
203
203
203
203
209
211
232
241
251
270
312
331
347
347
347
347
347
385
389
389
389
390
390
398
436
447
447
447
447
447
447
471
471
488
491
491
491
491
499
499
499
499
499
499
499
499
499
499
502
511
511
511
511
511
511
524
524
524
524
524
524
524
524
524
524
524
524
524
524
530
530
530
538
554
554
554
585
593
593
593
593
593
595
595
617
617
617
617
618
618
618
618
626
662
662
662
662
662
662
667
693
707
714
719
738
752
752
752
752
752
752
764
764
764
764
772
776
776
786
786
787
787
787
787
788
813
813
824
826
826
826
826
826
826
826
826
829
829
829
829
830
830
830
830
830
830
830
830
830
841
841
841
841
841
841
841
841
841
841
862
876
876
876
888
888
888
896
909
947
955
969
980
980
980
980
980
992
992
1034
1036
1036
1036
1036
1036
1036
1036
1059
1079
1079
1079
1079
1079
1079
1079
1106
1120
1122
1134
1146
1146
1146
1146
1146
1146
1158
1185
1185
1185
1185
1202
1202
1202
1208
1208
1208
1208
1219
1219
1219
1238
1238
1266
1266
1266
1266
1266
1266
1266
1266
1266
1266
1271
1271
1271
1271
1271
1271
1271
1271
1271
1271
1271
1271
1271
1271
1271
1271
1271
1271
1271
1271
1271
1271
1302
1332
1332
1334
1334
1334
1334
1357
1361
1394
1396
1421
1436
1436
1436
1436
1436
1436
1442
1489
1489
1489
1489
1503
1503
1503
1521
1560
1573
1573
1573
1573
1573
1573
1573
1590
1591
1603
1611
1624
1639
1639
1639
1639
1639
1639
1639
1639
1639
1639
1653
1653
1653
1653
1653
1653
1653
1653
1653
1653
1660
1667
1667
1667
1667
1667
1667
1667
1668
1668
1668
1668
1688
1688
1688
1688
1688
1688
1688
1688
1688
1688
1688
1688
1697
1697
1697
1697
1697
1697
1697
1697
1697
1697
1740
1773
1773
1773
1776
1776
1776
1788
1790
1806
1806
1811
1843
1843
1858
1873
1873
1873
1878
1941
1944
1944
1944
1973
1978
1987
1994
2018
2023
2023
2023
2023
2023
2023
2023
2040
2040
2040
2040
2040
2040
2040
2040
2040
2040
2040
2040
2040
2040
2040
2040
2040
2040
2040
2040
2040
2040
2048
2048
2048
2048
2060
2066
2067
2067
2067
2067
2067
2067
2067
2067
2079
2100
2100
2106
2122
2122
2122
2122
2122
2122
2122
2122
2122
2135
2135
2135
2135
2135
2135
2136
2136
2136
2136
2164
2179
2179
2179
