0
0
2
24
42
51
67
84
84
84
84
84
84
104
104
104
115
118
152
159
171
175
196
205
205
205
206
206
206
219
226
229
245
245
245
245
253
271
271
271
273
273
273
296
296
302
302
303
313
313
313
313
313
313
313
313
318
320
325
325
346
346
346
348
353
353
354
365
369
400
414
414
419
419
419
419
419
443
459
459
459
459
474
478
478
478
478
482
482
491
496
496
496
496
496
496
500
514
532
552
563
579
579
579
581
581
581
620
620
620
631
631
658
681
682
682
687
702
706
706
706
706
707
724
724
736
763
763
763
763
763
767
767
767
779
779
788
801
801
801
811
811
811
811
811
811
811
811
811
817
820
820
820
820
841
842
842
844
844
850
857
870
882
895
914
916
923
923
923
923
923
930
959
959
967
972
987
997
997
1001
1005
1010
1010
1011
1011
1011
1011
1011
1014
1014
1018
1019
1034
1042
1051
1059
1064
1064
1064
1064
1065
1101
1115
1115
1126
1126
1133
1144
1152
1160
1160
1160
1160
1160
1160
1160
1167
1174
1182
1182
1199
1204
1209
1209
1211
1212
1212
1212
1222
1223
1227
1252
1252
1258
1267
1267
1267
1267
1275
1291
1293
1293
1293
1294
1294
1294
1294
1294
1309
1311
1311
1311
1311
1311
1311
1337
1343
1366
1386
1389
1389
1392
1392
1392
1392
1405
1435
1435
1450
1455
1465
1465
1465
1478
1478
1478
1478
1493
1496
1496
1496
1496
1503
1503
1511
1511
1511
1515
1517
1518
1518
1518
1518
1518
1523
1561
1566
1566
1569
1569
1572
1572
1572
1572
1575
1592
1595
1595
1606
1606
1616
1627
1629
1629
1636
1636
1636
1636
1640
1646
1646
1646
1661
1669
1669
1675
1681
1691
1705
1705
1705
1705
1721
1743
1743
1743
1743
1764
1764
1764
1764
1764
1765
1766
1766
1766
1766
1771
1778
1812
1820
1844
1873
1885
1894
1920
1920
1920
1920
1923
1939
1952
1974
1974
1974
1982
1982
2005
2005
2005
2005
2021
2021
2021
2021
2021
2021
2021
2024
2024
2024
2033
2033
2046
2048
2048
2048
2048
2048
2059
2061
2061
2081
2081
2081
2081
2081
2081
2081
2083
2090
2093
2116
2116
2131
2134
2140
2140
2143
2151
2151
2151
2161
2172
2172
2181
2202
2202
2202
2224
2227
2233
2237
2237
2237
2237
2267
2285
2285
2285
2285
2301
2304
2304
2304
2304
2304
2304
2304
2304
2310
2316
2329
2352
2362
2368
2393
2394
2423
2438
2438
2438
2438
2438
2446
2458
2486
2486
2490
2503
2504
2540
2540
2540
2540
2559
2563
2570
2570
2578
2578
2578
2586
2591
2604
2615
2615
2617
2617
2617
2621
2621
2621
2627
2627
2639
2651
2651
2651
2655
2670
2671
2671
2672
2675
2677
2683
2683
2707
2712
2717
