0
302
565
861
1159
1528
1814
2085
2389
2687
2934
3196
3400
3738
4038
4348
4635
4937
5173
5508
5912
6211
6501
6792
7133
7433
7704
7985
8245
8532
8897
9162
9457
9708
9958
10229
10499
10741
11043
11301
11517
11811
12035
12430
12712
13005
13324
13648
13975
14279
14590
14825
15108
15398
15729
15963
16224
16568
16909
17116
17463
17745
18084
18353
18636
18834
19117
19476
19753
20006
20273
20562
20914
21193
21546
21888
22164
22476
22765
23080
23368
23656
23923
24206
24511
24885
25104
25391
25706
25923
26197
26469
26739
27097
27431
27692
27976
28248
28539
28814
29094
29387
29739
29969
30295
30624
30878
31153
31425
31729
32009
32285
32597
32879
33247
33496
33746
33987
34320
34597
34873
35260
35581
35872
36142
36395
36675
36989
37249
37546
37812
38089
38370
38641
38924
39225
39515
39763
40015
40447
40755
41111
41422
41689
41986
42247
42517
42840
43163
43423
43666
43876
44216
44519
44829
45132
45454
45695
46120
46428
46654
47020
47338
47648
47967
48180
48420
48701
48960
49236
49481
49776
50030
50316
50608
50919
51185
51552
51912
52220
52514
52890
53137
53500
53759
53970
54269
54596
54931
55209
55521
55835
56117
56401
56690
56970
57321
57624
57923
58123
58421
58643
58951
59348
59665
59920
60277
60575
60918
61273
61512
61807
62198
62542
62779
63090
63325
63605
63866
64178
64415
64755
65078
65389
65655
65888
66125
66406
66702
66919
67167
67468
67693
67999
68238
68527
68794
69108
69457
69763
70069
70401
70686
70913
71151
71515
71801
72083
72335
72611
72846
73103
73391
73656
74000
74225
74505
74833
75109
75419
75753
76009
76253
76591
76822
77168
77423
77709
77979
78228
78511
78745
79036
79393
79667
80003
80320
80579
80857
81171
81380
81668
81957
82223
82466
82715
83037
83386
83697
83962
84275
84626
84996
85274
85520
85828
86090
86395
86682
86936
87237
87501
87792
88082
88367
88713
89060
89392
89690
89967
90188
90391
90680
90977
91307
91631
91943
92238
92507
92879
93181
93413
93599
93908
94258
94624
94841
95163
95454
95736
95999
96279
96569
96834
97152
97400
97664
97970
98253
98593
98876
99190
99512
99790
100119
100407
100761
101102
101433
101778
102103
102358
102621
102827
103125
103410
103757
104108
104340
104621
104937
105172
105429
105799
106125
106481
106744
107154
107455
107772
108139
108480
108762
109153
109446
109690
109969
110274
110546
110899
111153
111469
111753
112050
112365
112654
112941
113182
113486
113835
114189
114459
114746
115078
115375
115656
115974
116261
116515
116843
117197
117519
117796
118035
118327
118641
119040
119368
119649
119920
120194
120468
120730
120992
121252
121475
121646
121863
122182
122490
122802
123162
123505
123782
124043
124263
124576
124849
125151
125421
125649
125941
126168
126464
126759
126973
127279
127644
127938
128184
128501
128726
128986
129312
129564
129828
130140
130465
130740
131029
131273
131548
131823
132163
132387
132705
133048
133287
133547
133805
134141
134464
134763
135055
135356
135675
135991
136326
136603
136973
137244
137497
137710
138014
138301
138637
138972
139272
139541
139848
140133
140439
140698
140936
141237
141549
141900
142230
142467
142770
143099
143340
143539
143837
144179
144520
144763
145082
145382
145655
145899
