0
375
700
1123
1427
1808
2175
2594
2851
3236
3651
4100
4438
4912
5251
5593
6058
6419
6747
7128
7519
7984
8353
8661
9024
9431
9736
10062
10280
10698
11054
11452
11800
12170
12454
12876
13381
13717
14093
14439
14891
15257
15596
15950
16261
16601
17093
17450
17816
18125
18401
18717
18981
19309
19672
19989
20225
20587
20870
21366
21724
22057
22471
22887
23313
23693
24083
24427
24770
25115
25545
25817
26176
26616
27077
27287
27716
28072
28495
28804
29143
29363
29677
30155
30498
30783
31111
31420
31921
32286
32750
33166
33506
33914
34262
34653
34973
35335
35658
35976
36346
36879
37114
37458
37864
38115
38460
38776
39090
39550
39945
40275
40648
40967
41337
41648
41985
42379
42799
43090
43503
43946
44249
44554
44840
45242
45634
45971
46365
46712
47161
47452
47769
48073
48486
48862
49163
49686
50079
50418
50782
51075
51445
51828
52149
52515
52858
53178
53559
53872
54213
54560
54907
55201
55502
56077
56466
56903
57279
57585
57992
58342
58685
59064
59486
59791
60071
60278
60685
61095
61473
61876
62278
62550
63126
63514
63814
64305
64713
65124
65506
65719
66023
66394
66700
67054
67345
67706
68006
68357
68704
69097
69452
69956
70413
70804
71171
71671
71949
72438
72778
73002
73385
73778
74208
74551
74919
75310
75692
76041
76384
76730
77145
77530
77904
78117
78503
78772
79168
79677
80111
80406
80864
81190
81618
82054
82396
82758
83304
83763
84015
84413
84675
84959
85278
85623
85948
86369
86796
87182
87525
87802
88068
88425
88768
89019
89315
89696
89964
90327
90608
90942
91242
91636
92098
92486
92846
93285
93619
93907
94180
94655
95022
95379
95681
96003
96283
96577
96909
97251
97710
97962
98279
98693
99052
99455
99853
100154
100456
100856
101152
101575
101859
102231
102555
102843
103188
103466
103834
104299
104651
105091
105470
105790
106130
106537
106787
107126
107450
107819
108103
108406
108790
109239
109629
109960
110374
110821
111301
111629
111934
112331
112636
112993
113308
113612
113963
114310
114649
115030
115323
115801
116258
116657
117049
117418
117671
117901
118213
118618
119030
119467
119810
120173
120498
120983
121367
121633
121842
122238
122695
123131
123424
123799
124116
124438
124751
125103
125443
125708
126094
126372
126705
127096
127458
127896
128266
128672
129063
129398
129827
130153
130632
131021
131445
131893
132305
132617
132928
133139
133513
133870
134320
134756
135031
135354
135762
136039
136328
136797
137203
137662
137975
138531
138890
139338
139802
140221
140610
141083
141490
141766
142138
142509
142849
143311
143589
144005
144341
144699
145121
145468
145794
146107
146473
146924
147390
147738
148123
148526
148919
149259
149636
149956
150265
150667
151145
151574
151920
152209
152552
152944
153478
153865
154203
154532
154879
155215
155543
155879
156141
156430
156632
156881
157260
157624
158045
158511
158961
159273
159592
159819
160226
160540
160955
161274
161533
161884
162156
162527
162881
163137
163534
164008
164360
164652
165031
165282
165574
165992
166298
166621
167006
167444
167782
168122
168462
168790
169117
169520
169793
170176
170646
170940
171266
171575
171989
172416
172785
173145
173506
173911
174333
174758
175095
175561
175880
176151
176376
176728
177119
177566
177979
178357
178657
179043
179359
179743
180095
180369
180723
