0
254
529
763
1003
1284
1592
1946
2263
2538
2846
3090
3375
3628
3987
4341
4653
4935
5180
5454
5675
6074
6372
6618
6918
7257
7522
7866
8100
8438
8705
8961
9240
9481
9745
10028
10273
10516
10781
11091
11463
11735
12132
12423
12745
13061
13335
13656
13969
14234
14536
14773
15087
15409
15673
15950
16267
16566
16899
17193
17514
17818
18028
18294
18589
18917
19197
19506
19779
20134
20373
20681
20948
21219
21529
21813
22122
22438
22644
22948
23223
23563
23840
24144
24474
24779
25066
25330
25612
25843
26129
26476
26754
27069
27466
27752
28115
28485
28855
29195
29459
29676
29918
30242
30556
30767
31038
31372
31720
32020
32419
32720
33068
33357
33640
33890
34223
34578
34932
35194
35524
35770
36031
36336
36570
36923
37200
37471
37756
37968
38296
38554
38795
39076
39344
39604
39914
40225
40535
40808
41122
41403
41642
41908
42157
42485
42717
43021
43324
43633
43946
44291
44558
44887
45137
45417
45779
46085
46325
46563
46779
47032
47334
47645
47927
48249
48528
48970
49386
49680
49944
50234
50559
50888
51230
51542
51865
52175
52482
52738
52973
53203
53557
53821
54050
54343
54704
55016
55357
55565
55768
56108
56407
56761
56966
57247
57530
57834
58130
58456
58811
59157
59459
59763
60101
60309
60617
60863
61209
61529
61746
62024
62253
62504
62768
63031
63284
63611
63904
64206
64490
64833
65192
65481
65787
66141
66417
66675
66941
67299
67584
67866
68156
68494
68817
69093
69313
69626
69928
70196
70504
70809
71135
71378
71672
72025
72327
72598
72882
73188
73433
73714
74095
74381
74700
75101
75469
75864
76195
76517
76804
77178
77394
77645
77922
78177
78493
78791
79096
79367
79660
80018
80331
80636
80932
81199
81533
81802
82116
82409
82736
83029
83322
83605
83962
84241
84564
84851
85094
85352
85598
85942
86295
86520
86825
87117
87424
87685
87956
88279
88616
88903
89264
89571
89831
90177
90478
90779
91075
91408
91724
92101
92442
92790
93079
93341
93567
93868
94118
94451
94734
94982
95289
95587
95982
96222
96565
96859
97192
97529
97894
98227
98497
98687
98997
99248
99534
99866
100155
100445
100652
100904
101215
101527
101804
102053
102365
102684
102965
103228
103524
103772
104034
104244
104573
104883
105214
105492
105829
106084
106406
106656
106943
107204
107501
107799
108004
108262
108499
108733
109047
109365
109671
109990
110233
110536
110774
111077
111402
111612
111863
112209
112563
112897
113162
113548
113857
114110
114424
114758
115122
115409
115719
116021
116293
116537
116788
117144
117430
117674
117963
118251
118522
118811
119129
119347
119682
120001
120370
120623
120901
121132
121370
121661
121927
122167
122543
122809
123110
123470
123758
123995
124252
124572
124850
125220
125440
125714
126024
126323
126545
126901
127229
127521
127898
128205
128502
128804
129030
129324
129579
129874
130099
130334
130554
130868
131205
131459
131825
132158
132417
132670
132945
133264
133520
133835
134143
134423
134752
134983
135287
135528
135750
136028
136359
136615
136883
137188
137429
137739
138004
138224
138545
138934
139264
139527
139787
139987
140212
140483
140823
141076
141370
141693
142073
142361
142696
142995
143278
143574
143877
144159
144452
144803
145092
145388
145714
146015
146312
146605
146844
