0
519
1027
1559
2078
2649
3151
3615
4147
4672
5134
5634
6111
6643
7206
7746
8278
8802
9284
9839
10413
10941
11476
12009
12536
13075
13552
14062
14585
15094
15638
16122
16613
17090
17586
18081
18583
19044
19563
20076
20551
21055
21544
22182
22661
23165
23665
24147
24693
25243
25768
26223
26732
27205
27761
28263
28731
29267
29837
30290
30851
31400
31936
32410
32908
33404
33879
34414
34905
35410
35860
36389
36940
37428
37962
38476
38970
39542
40068
40583
41113
41599
42108
42607
43126
43694
44159
44646
45176
45666
46155
46683
47183
47761
48291
48803
49286
49787
50276
50812
51356
51861
52369
52848
53371
53894
54374
54896
55410
55919
56425
56921
57423
57937
58507
58963
59431
59905
60440
60995
61527
62056
62568
63076
63565
64033
64562
65068
65570
66141
66623
67139
67610
68101
68629
69160
69689
70191
70678
71303
71811
72381
72936
73457
73965
74483
74964
75482
76012
76492
76947
77409
77952
78443
78966
79488
80058
80532
81119
81662
82098
82645
83160
83676
84253
84707
85161
85664
86149
86676
87169
87713
88206
88729
89228
89739
90228
90805
91352
91919
92416
92966
93434
93999
94470
94943
95472
96004
96581
97059
97596
98125
98660
99163
99663
100150
100708
101210
101709
102138
102683
103126
103680
104279
104788
105291
105850
106351
106926
107468
107961
108484
109070
109603
110095
110630
111073
111503
111981
112541
112994
113558
114103
114594
115093
115560
116044
116544
117032
117491
117983
118490
118944
119500
120035
120547
120995
121503
122069
122609
123136
123656
124172
124655
125134
125723
126274
126773
127283
127795
128265
128769
129244
129756
130315
130801
131313
131827
132303
132811
133361
133840
134273
134835
135277
135822
136293
136818
137274
137750
138266
138757
139292
139811
140337
140887
141414
141908
142382
142941
143434
143960
144460
144978
145460
145918
146447
146999
147495
147958
148473
149004
149592
150086
150581
151117
151584
152112
152576
152998
153503
154026
154519
155024
155532
156100
156643
157182
157718
158214
158668
159137
159668
160179
160737
161275
161808
162317
162821
163405
163924
164368
164818
165341
165866
166394
166878
167388
167900
168377
168854
169358
169864
170337
170900
171380
171900
172407
172897
173414
173952
174512
175048
175541
176058
176566
177151
177727
178260
178776
179291
179805
180293
180765
181294
181800
182342
182906
183380
183850
184378
184875
185346
185886
186440
186956
187457
188032
188569
189145
189713
190226
190768
191399
191892
192360
192849
193394
193943
194507
195021
195562
196088
196619
197149
197665
198166
198640
199140
199670
200219
200710
201241
201802
202333
202817
203328
203832
204297
204831
205381
205909
206382
206864
207356
207842
208453
208998
209493
209966
210468
210964
211447
211917
212420
212867
213275
213755
214267
214742
215281
215851
216400
216908
217424
217863
218403
218890
219397
219874
220354
220889
221377
221926
222439
222887
223415
223987
224481
224975
225543
226007
226525
227098
227589
228085
228597
229127
229640
230171
230665
231162
231663
232262
232783
233298
233844
234347
234847
235313
235851
236405
236915
237418
237931
238490
239055
239631
240150
240741
241254
241740
242193
242704
243215
243761
244312
244818
245309
245808
246336
246861
247338
247795
248306
248842
249399
249975
250479
251041
251588
252090
252515
253066
253604
254184
254656
255145
255676
256181
256685
