0
499
998
1508
1996
2499
3003
3528
3984
4529
5030
5570
6085
6632
7185
7738
8271
8788
9286
9815
10324
10887
11396
11862
12388
12934
13400
13907
14376
14913
15456
15990
16528
17045
17548
18099
18684
19192
19728
20258
20789
21322
21798
22310
22826
23346
23875
24332
24834
25321
25800
26292
26787
27281
27792
28322
28794
29293
29779
30439
30906
31421
31918
32428
32976
33521
34043
34516
35016
35481
36036
36530
37002
37538
38122
38599
39153
39705
40234
40699
41201
41688
42159
42714
43214
43710
44168
44669
45245
45736
46284
46800
47299
47868
48371
48881
49422
49894
50411
50921
51436
52032
52499
52978
53504
53994
54496
55008
55503
56081
56622
57133
57632
58142
58635
59147
59675
60192
60700
61201
61735
62261
62751
63274
63764
64279
64799
65280
65777
66271
66829
67302
67758
68257
68792
69330
69839
70381
70902
71432
71932
72397
72938
73436
73936
74485
74964
75475
75968
76442
76970
77458
78011
78504
78971
79575
80091
80657
81206
81719
82245
82766
83256
83772
84317
84791
85257
85723
86274
86771
87300
87811
88386
88842
89438
89965
90410
90947
91450
91962
92538
92968
93441
93946
94431
94937
95427
95960
96458
96988
97487
98002
98491
99087
99638
100184
100689
101257
101713
102291
102780
103259
103795
104326
104890
105370
105912
106448
106978
107502
107999
108479
109031
109558
110048
110502
111048
111512
112056
112663
113172
113679
114223
114717
115285
115820
116313
116804
117407
117959
118428
118974
119419
119840
120340
120874
121335
121909
122464
122947
123447
123907
124408
124907
125380
125850
126350
126838
127305
127860
128384
128896
129340
129839
130404
130946
131491
132016
132525
133035
133507
134088
134637
135123
135623
136109
136591
137094
137564
138069
138625
139103
139620
140126
140619
141145
141695
142164
142604
143162
143622
144175
144649
145165
145627
146109
146616
147105
147632
148150
148689
149227
149747
150223
150697
151248
151739
152284
152769
153293
153759
154227
154749
155299
155803
156293
156802
157349
157938
158419
158906
159438
159899
160430
160882
161319
161824
162371
162873
163392
163893
164467
165016
165536
166065
166574
167024
167487
167993
168525
169074
169615
170153
170662
171169
171748
172280
172707
173164
173681
174194
174732
175219
175729
176236
176720
177198
177705
178221
178692
179244
179718
180228
180728
181225
181747
182272
182826
183367
183866
184394
184890
185477
186044
186585
187095
187624
188139
188612
189073
189603
190115
190664
191231
191721
192184
192708
193201
193677
194229
194791
195298
195788
196354
196878
197449
198003
198494
199040
199652
200160
200628
201129
201673
202226
202798
203280
203838
204360
204915
205451
205970
206468
206957
207433
207977
208529
209024
209542
210102
210632
211109
211609
212111
212582
213121
213658
214198
214682
215145
215646
216116
216725
217282
217796
218293
218793
219281
219779
220249
220738
221206
221615
222078
222592
223070
223612
224176
224719
225216
225723
226144
226685
227178
227688
228154
228617
229155
229651
230191
230693
231170
231710
232281
232761
233235
233805
234268
234791
235361
235868
236374
236873
237413
237912
238450
238950
239462
239959
240535
241068
241573
242114
242602
243088
243563
244100
244647
245167
245675
246203
246751
247331
247901
248422
249005
249520
250012
250456
250952
251487
252042
252589
253105
253601
254113
254643
255161
255649
256113
256625
