0
20
42
104
155
168
183
211
242
265
291
332
392
434
471
552
598
635
697
735
778
815
838
900
907
950
972
1014
1040
1081
1097
1156
1160
1197
1238
1266
1284
1309
1336
1364
1389
1433
1466
1517
1561
1587
1618
1671
1694
1754
1767
1778
1818
1826
1859
1884
1919
1924
1938
1969
2006
2029
2055
2069
2100
2140
2190
2218
2255
2299
2336
2344
2367
2395
2447
2480
2501
2501
2529
2576
2611
2628
2683
2708
2715
2742
2750
2762
2786
2803
2834
2846
2870
2895
2927
2943
2974
3015
3041
3095
3122
3148
3186
3203
3227
3241
3280
3310
3319
3357
3396
3416
3424
3426
3426
3468
3498
3512
3555
3571
3612
3659
3701
3718
3738
3759
3795
3820
3853
3913
3952
3977
3980
3985
4036
4061
4106
4141
4166
4179
4192
4209
4230
4271
4294
4305
4316
4342
4370
4384
4404
4431
4474
4492
4531
4557
4590
4621
4626
4627
4654
4694
4711
4742
4812
4861
4925
4940
4997
5009
5059
5089
5139
5167
5200
5217
5258
5295
5301
5327
5350
5406
5454
5479
5519
5524
5525
5554
5613
5648
5686
5733
5815
5841
5854
5870
5910
5945
5967
6010
6047
6077
6118
6159
6187
6218
6241
6251
6275
6310
6368
6408
6423
6436
6458
6497
6527
6575
6583
6588
6613
6651
6700
6713
6759
6780
6789
6816
6858
6887
6949
7010
7031
7040
7082
7144
7176
7249
7263
7278
7317
7347
7389
7417
7445
7455
7463
7487
7529
7578
7587
7599
7652
7682
7714
7740
7786
7814
7869
7888
7933
7955
8014
8051
8074
8075
8104
8142
8166
8171
8211
8235
8252
8266
8288
8304
8330
8353
8363
8386
8386
8401
8420
8436
8448
8476
8489
8539
8549
8575
8632
8670
8694
8698
8725
8744
8756
8829
8884
8918
8923
8940
8959
8987
9024
9052
9073
9083
9133
9149
9184
9193
9207
9226
9234
9259
9288
9340
9402
9415
9428
9433
9479
9500
9520
9561
9588
9620
9663
9698
9701
9746
9771
9779
9797
9830
9836
9848
9877
9897
9952
9965
9982
9991
9991
10050
10065
10083
10130
10156
10176
10205
10242
10288
10313
10333
10360
10409
10453
10471
10506
10542
10586
10619
10654
10672
10699
10760
10816
10866
10920
10961
11000
11012
11036
11060
11117
11148
11169
11179
11242
11258
11269
11308
11350
11393
11394
11410
11431
11450
11489
11549
11609
11635
11649
11659
11700
11714
11750
11801
11828
11844
11853
11875
11919
11970
11976
11991
12015
12036
12058
12089
12131
12161
12186
12230
12265
12277
12321
12359
12372
12392
12422
12448
12494
12548
12565
12603
12649
12698
12726
12757
12762
12774
12822
12827
12869
12902
12919
12922
12976
12996
13036
13062
13095
13098
13123
13127
13174
13184
13234
13260
13282
13294
13305
13334
13387
13395
13438
13473
13484
13503
13535
13554
13577
13611
13629
13643
13651
13699
13735
13769
13781
13808
13840
13886
13923
13951
14000
14059
14075
14082
14106
14140
14183
14215
14243
14265
14267
14285
14313
14363
14372
14378
14410
14422
14473
14485
14490
14492
14522
