0
176
323
352
433
554
742
783
836
850
895
972
972
1096
1168
1218
1218
1373
1488
1507
1576
1652
1653
1687
1689
1828
1944
1971
2035
2099
2099
2111
2243
2346
2429
2490
2527
2600
2600
2690
2727
2751
2845
2850
2885
2899
3027
3153
3190
3245
3257
3391
3460
3573
3721
3877
3976
3976
3976
4047
4194
4243
4351
4418
4433
4458
4458
4542
4659
4671
4694
4733
4737
4890
4923
4923
4946
4987
5082
5146
5209
5355
5576
5594
5594
5594
5709
5797
5809
5855
5922
6018
6166
6234
6267
6353
6421
6558
6636
6649
6692
6752
6752
6832
6834
6872
6889
6992
7001
7148
7155
7155
7179
7242
7342
7396
7487
7589
7713
7753
7773
7865
7908
7946
8056
8154
8298
8412
8618
8753
8905
8997
9179
9310
9411
9449
9510
9679
9768
9840
9876
9988
10085
10143
10294
10323
10405
10449
10596
10637
10666
10727
10771
10812
10867
11005
11076
11261
11304
11380
11455
11596
11655
11813
11839
11943
11953
11995
12041
12171
12187
12199
12219
12374
12416
12495
12517
12547
12620
12769
12932
12949
13066
13178
13250
13260
13319
13425
13499
13623
13646
13652
13727
13871
13968
14033
14133
14207
14211
14242
14256
14295
14342
14422
14422
14437
14558
14588
14647
14698
14829
14866
14971
15148
15200
15254
15315
15341
15382
15388
15535
15584
15697
15791
15824
15839
15844
15844
15942
15945
16004
16074
16132
16141
16294
16412
16487
16521
16557
16607
16707
16763
16930
17061
17199
17199
17199
17305
17369
17437
17549
17658
17658
17658
17659
17737
17786
17898
17901
17917
17924
18059
18072
18072
18174
18208
18305
18436
18471
18534
18647
18672
18672
18672
18754
18873
18891
19046
19212
19345
19526
19687
19695
19844
19939
20009
20112
20162
20261
20340
20399
20501
20505
20603
20745
20841
20920
21054
21077
21083
21083
21148
21349
21467
21559
21754
21890
21948
21948
22033
22132
22174
22289
22336
22467
22543
22686
22757
22882
22883
22960
22985
23029
23112
23250
23366
23381
23414
23544
23574
23733
23817
23817
23851
23922
23966
24114
24178
24225
24262
24288
24387
24451
24559
24673
24880
24887
24933
25025
25151
25298
25461
25496
25608
25658
25821
25850
25974
25994
25994
26033
26066
26246
26293
26293
26304
26492
26584
26657
26740
26867
26919
27076
27160
27241
27363
27423
27563
27563
27617
27629
27738
27788
27887
27924
27966
27966
27975
28051
28071
28101
28187
28187
28247
28259
28301
28317
28323
28388
28417
28544
28568
28632
28716
28839
28932
28936
28949
29025
29063
29181
29393
29462
29522
29529
29547
29635
29688
29744
29813
29852
29852
30007
30008
30102
30116
30138
30189
30202
30255
30440
30609
30683
30694
30694
30763
30854
30872
30987
31075
31145
31216
31330
31386
31423
31548
31566
31607
31607
31694
31718
31718
31844
31862
32005
32047
32062
32062
32241
32241
32266
32349
32452
32496
32565
32624
32726
32815
32891
33009
33083
33193
33284
33349
33418
33527
33633
33695
33752
33791
33881
34049
34287
34371
34478
34629
34708
34719
34812
34842
35002
35129
35129
35311
35334
35362
35449
35562
35650
35707
35739
