0
16
30
50
80
123
154
199
257
295
332
374
398
458
491
543
567
605
631
672
702
745
767
795
845
875
914
965
980
983
1006
1048
1091
1141
1181
1245
1281
1308
1337
1371
1418
1428
1474
1508
1557
1592
1640
1669
1711
1724
1760
1784
1817
1858
1893
1921
1957
1975
2021
2039
2078
2104
2115
2159
2196
2222
2253
2292
2318
2343
2374
2413
2446
2490
2526
2574
2591
2622
2675
2699
2766
2797
2817
2854
2890
2945
2972
3007
3021
3037
3067
3103
3163
3187
3209
3240
3281
3317
3356
3384
3427
3464
3513
3551
3584
3622
3658
3703
3714
3744
3773
3807
3829
3863
3886
3916
3946
3969
3994
4021
4049
4093
4104
4128
4153
4184
4201
4229
4257
4278
4314
4342
4369
4410
4450
4474
4497
4518
4544
4567
4605
4672
4708
4728
4758
4780
4822
4864
4893
4928
4944
4967
5005
5026
5063
5087
5100
5130
5145
5176
5224
5272
5301
5321
5347
5376
5413
5433
5479
5509
5540
5586
5617
5635
5665
5701
5732
5762
5809
5827
5847
5870
5900
5933
5975
6006
6025
6036
6082
6099
6134
6168
6206
6226
6267
6298
6350
6385
6416
6458
6492
6539
6569
6608
6639
6686
6714
6750
6773
6810
6846
6903
6961
6999
7039
7083
7106
7119
7155
7209
7245
7282
7299
7351
7384
7416
7459
7500
7546
7563
7591
7618
7647
7686
7744
7779
7836
7862
7876
7918
7948
7987
8030
8064
8100
8107
8133
8158
8206
8230
8257
8288
8319
8350
8378
8414
8453
8490
8525
8575
8590
8620
8664
8697
8717
8745
8774
8799
8859
8903
8928
8983
9009
9058
9086
9120
9147
9172
9207
9232
9276
9291
9317
9353
9386
9417
9437
9473
9501
9525
9543
9579
9602
9646
9673
9702
9740
9760
9773
9835
9854
9884
9904
9939
9974
10001
10033
10058
10092
10127
10151
10164
10208
10243
10277
10306
10341
10359
10411
10446
10477
10522
10562
10593
10616
10633
10672
10718
10746
10797
10821
10838
10855
10871
10921
10959
10980
11013
11038
11060
11091
11110
11122
11146
11171
11207
11242
11271
11322
11376
11394
11407
11429
11463
11488
11519
11556
11593
11631
11664
11699
11713
11752
11780
11826
11848
11875
11898
11923
11938
11973
11995
12014
12038
12065
12092
12141
12158
12186
12222
12257
12288
12312
12362
12409
12431
12460
12494
12532
12562
12578
12633
12677
12723
12758
12817
12861
12912
12942
12995
13023
13066
13096
13144
13166
13210
13239
13279
13314
13343
13373
13417
13443
13483
13521
13551
13592
13617
13646
13685
13715
13750
13796
13828
13881
13913
13946
13998
14035
14085
14117
14135
14173
14187
14217
14256
14287
14300
14321
14340
14380
14411
14451
14465
14501
14539
14578
14632
14669
14702
14750
14773
14796
14832
14866
14894
14945
14962
14999
15030
15077
15113
15157
15190
15218
15247
15269
15299
15328
15358
15390
15407
15436
15473
15503
15525
15557
15602
15635
15678
15714
15738
15782
15816
15855
15884
15921
15964
15983
16016
16069
16099
16116
16138
16148
16183
16219
16234
16285
16308
16334
