0
86
162
178
225
289
385
413
444
457
490
532
536
606
639
665
668
747
811
823
864
906
913
936
943
1010
1070
1090
1123
1156
1156
1168
1237
1288
1339
1375
1402
1438
1438
1492
1514
1534
1587
1592
1615
1628
1698
1760
1785
1823
1831
1901
1942
2002
2081
2157
2209
2214
2223
2264
2347
2373
2427
2466
2482
2500
2504
2555
2614
2628
2642
2668
2676
2754
2776
2778
2794
2819
2868
2908
2942
3014
3125
3133
3133
3133
3193
3237
3250
3284
3324
3369
3447
3488
3506
3552
3594
3663
3707
3717
3742
3775
3775
3820
3829
3857
3873
3924
3935
4008
4020
4021
4042
4078
4138
4171
4221
4277
4336
4367
4382
4432
4462
4481
4544
4598
4673
4731
4833
4900
4974
5026
5115
5183
5235
5261
5300
5378
5424
5469
5490
5549
5605
5640
5719
5740
5782
5815
5885
5914
5936
5973
6002
6027
6061
6132
6169
6266
6297
6336
6379
6447
6481
6556
6579
6634
6645
6670
6701
6767
6783
6793
6805
6888
6915
6954
6969
6987
7029
7116
7192
7209
7268
7329
7369
7375
7411
7474
7513
7575
7589
7596
7630
7705
7761
7800
7846
7889
7893
7920
7935
7958
7985
8028
8030
8043
8109
8125
8153
8180
8254
8278
8339
8426
8455
8492
8530
8551
8576
8586
8654
8682
8742
8790
8809
8821
8832
8832
8882
8886
8917
8964
9005
9012
9094
9155
9193
9222
9238
9268
9318
9360
9437
9503
9570
9571
9571
9628
9670
9704
9761
9818
9829
9836
9847
9888
9919
9980
9987
10002
10010
10080
10096
10102
10154
10171
10224
10294
10321
10356
10417
10435
10435
10438
10486
10546
10562
10641
10720
10781
10877
10954
10957
11038
11086
11127
11177
11202
11264
11305
11335
11389
11391
11447
11519
11570
11615
11686
11702
11709
11712
11748
11847
11912
11959
12059
12133
12166
12167
12218
12276
12298
12363
12392
12458
12497
12566
12602
12666
12672
12720
12736
12763
12809
12878
12936
12952
12979
13043
13057
13137
13178
13179
13205
13245
13275
13349
13390
13416
13440
13461
13512
13556
13609
13678
13777
13793
13822
13875
13934
14008
14089
14108
14166
14195
14274
14294
14353
14368
14369
14395
14419
14510
14540
14547
14557
14651
14697
14738
14778
14841
14877
14951
14995
15041
15104
15145
15217
15217
15249
15262
15313
15348
15402
15424
15451
15457
15470
15516
15534
15550
15597
15599
15633
15645
15675
15692
15699
15738
15752
15814
15834
15877
15922
15988
16040
16044
16060
16099
16122
16182
16287
16325
16361
16373
16383
16432
16465
16494
16537
16561
16561
16645
16651
16699
16717
16731
16761
16777
16809
16900
16983
17024
17036
17043
17080
17131
17147
17205
17251
17292
17341
17397
17422
17447
17508
17523
17548
17554
17599
17618
17622
17684
17697
17767
17793
17806
17806
17893
17895
17911
17957
18009
18032
18074
18105
18166
18210
18258
18317
18356
18410
18465
18506
18537
18593
18648
18684
18715
18749
18800
18883
19001
19046
19105
19177
19223
19232
19279
19298
19376
19440
19440
19530
19550
19571
19613
19672
19719
19753
19774
