0
226
421
459
565
714
959
1005
1076
1088
1147
1248
1248
1408
1502
1559
1559
1761
1910
1935
2015
2116
2116
2154
2154
2334
2483
2513
2598
2668
2668
2681
2853
2988
3095
3174
3218
3311
3311
3421
3466
3497
3615
3620
3661
3676
3844
4005
4048
4117
4130
4304
4391
4532
4730
4943
5062
5062
5062
5150
5341
5404
5546
5635
5649
5679
5679
5787
5942
5956
5979
6032
6032
6229
6266
6266
6291
6343
6464
6548
6631
6822
7107
7130
7130
7130
7280
7392
7406
7457
7552
7675
7866
7950
7992
8099
8181
8359
8462
8471
8522
8598
8598
8700
8701
8751
8768
8902
8907
9101
9105
9105
9136
9214
9346
9406
9517
9645
9808
9856
9878
9995
10055
10102
10244
10373
10563
10703
10974
11149
11346
11461
11706
11870
11997
12048
12129
12351
12466
12556
12596
12742
12866
12939
13134
13177
13284
13335
13527
13570
13605
13681
13729
13777
13849
14030
14123
14358
14407
14504
14590
14774
14846
15058
15092
15226
15233
15287
15341
15514
15529
15544
15572
15770
15823
15923
15948
15984
16077
16269
16486
16507
16656
16800
16882
16882
16954
17092
17192
17355
17388
17395
17489
17668
17793
17870
18005
18098
18099
18139
18146
18197
18254
18357
18357
18376
18542
18561
18636
18702
18867
18912
19047
19276
19341
19407
19482
19513
19557
19564
19757
19825
19968
20084
20131
20147
20151
20151
20278
20279
20354
20438
20509
20511
20717
20873
20968
21014
21059
21124
21247
21315
21529
21707
21881
21881
21881
22015
22098
22179
22322
22466
22466
22466
22466
22571
22618
22758
22761
22783
22788
22954
22969
22969
23102
23146
23273
23436
23481
23559
23710
23743
23743
23743
23844
24002
24023
24221
24438
24609
24843
25053
25061
25255
25376
25464
25588
25651
25778
25881
25950
26084
26090
26219
26407
26525
26627
26799
26827
26831
26831
26915
27176
27329
27449
27702
27882
27947
27947
28053
28188
28243
28387
28452
28614
28715
28906
28991
29146
29146
29252
29282
29338
29449
29631
29783
29801
29842
30009
30047
30251
30364
30364
30405
30497
30555
30746
30832
30883
30932
30962
31085
31173
31306
31458
31730
31738
31792
31907
32069
32262
32473
32515
32663
32720
32932
32962
33124
33151
33151
33198
33243
33477
33542
33542
33551
33802
33922
34020
34118
34279
34345
34548
34655
34761
34923
34994
35176
35176
35247
35257
35404
35464
35585
35632
35675
35675
35688
35779
35803
35844
35955
35955
36034
36043
36090
36108
36111
36191
36232
36388
36416
36496
36604
36761
36884
36888
36907
36998
37059
37214
37493
37584
37652
37659
37680
37792
37853
37931
38012
38061
38061
38262
38262
38380
38397
38420
38481
38499
38567
38801
39015
39113
39126
39126
39210
39325
39353
39504
39614
39697
39790
39935
40004
40054
40215
40228
40276
40276
40387
40410
40410
40565
40586
40778
40830
40847
40847
41083
41083
41108
41215
41345
41396
41482
41556
41687
41803
41906
42054
42150
42288
42410
42491
42580
42710
42840
42920
42987
43036
43142
43354
43663
43771
43908
44106
44210
44221
44336
44374
44582
44750
44750
44990
45016
45041
45142
45292
45399
45476
45517
