0
29
55
110
149
181
201
234
270
297
327
372
426
465
499
559
594
634
682
721
754
799
823
875
888
928
954
995
1025
1063
1086
1138
1155
1194
1232
1265
1287
1315
1348
1387
1418
1460
1497
1541
1585
1615
1651
1697
1728
1785
1798
1825
1857
1874
1907
1936
1972
1984
2006
2042
2074
2105
2138
2158
2199
2231
2281
2314
2356
2396
2425
2446
2477
2508
2553
2584
2616
2627
2662
2709
2749
2775
2820
2851
2866
2902
2925
2944
2966
2995
3029
3049
3076
3101
3127
3149
3186
3222
3252
3303
3330
3354
3395
3423
3460
3481
3517
3544
3561
3600
3639
3662
3683
3696
3702
3740
3766
3789
3835
3858
3899
3950
3986
4005
4030
4058
4090
4118
4146
4201
4236
4267
4273
4296
4343
4378
4421
4457
4481
4509
4534
4560
4586
4630
4656
4681
4696
4724
4752
4769
4791
4821
4858
4889
4922
4954
4995
5026
5036
5048
5077
5122
5142
5174
5232
5272
5329
5348
5395
5418
5461
5497
5541
5575
5604
5627
5671
5707
5733
5765
5790
5840
5880
5909
5952
5964
5969
5999
6047
6089
6133
6178
6243
6274
6300
6325
6365
6405
6430
6467
6499
6535
6582
6621
6651
6684
6711
6730
6759
6792
6844
6881
6914
6936
6961
6997
7029
7068
7084
7101
7129
7167
7213
7233
7273
7301
7315
7343
7385
7415
7466
7518
7550
7561
7602
7652
7679
7739
7759
7785
7820
7856
7897
7922
7955
7970
7992
8025
8073
8112
8131
8155
8204
8234
8269
8300
8346
8375
8426
8448
8490
8517
8570
8608
8637
8651
8687
8728
8756
8770
8804
8838
8857
8884
8912
8934
8967
8998
9027
9046
9055
9079
9109
9130
9148
9181
9199
9241
9262
9283
9335
9368
9392
9402
9425
9456
9471
9536
9582
9621
9638
9666
9687
9715
9751
9789
9816
9829
9871
9897
9931
9952
9976
9996
10010
10039
10069
10118
10163
10181
10204
10226
10261
10284
10307
10347
10377
10411
10452
10489
10501
10545
10574
10594
10617
10653
10673
10690
10729
10748
10797
10820
10843
10856
10870
10920
10935
10963
11002
11033
11058
11094
11134
11175
11200
11235
11263
11305
11347
11377
11415
11449
11491
11525
11567
11592
11633
11686
11741
11781
11825
11861
11900
11916
11938
11971
12021
12058
12088
12106
12157
12192
12223
12262
12304
12351
12366
12395
12428
12457
12500
12551
12607
12637
12661
12680
12720
12739
12775
12822
12854
12874
12886
12907
12946
12993
13007
13029
13059
13088
13121
13156
13200
13231
13253
13301
13332
13353
13395
13434
13460
13481
13510
13536
13578
13625
13648
13688
13728
13775
13804
13846
13865
13880
13923
13937
13979
14005
14030
14037
14083
14112
14144
14174
14206
14216
14248
14253
14302
14313
14356
14386
14416
14436
14456
14483
14524
14536
14578
14611
14631
14653
14685
14703
14734
14770
14794
14810
14820
14873
14909
14944
14964
14994
15033
15075
15112
15143
15191
15241
15266
15283
15317
15358
15399
15438
15468
15489
15501
15520
15549
15592
15609
15625
15661
15681
15721
15740
15753
15768
15796
