0
8
12
24
55
100
123
190
271
317
363
422
431
498
533
578
603
645
667
703
727
769
782
813
870
907
947
1007
1015
1015
1036
1082
1126
1175
1214
1313
1347
1367
1389
1433
1480
1480
1529
1561
1612
1644
1706
1732
1774
1781
1816
1833
1872
1912
1956
1990
2016
2022
2084
2098
2152
2175
2177
2205
2246
2279
2318
2359
2377
2396
2420
2460
2496
2553
2594
2656
2669
2701
2765
2786
2872
2918
2922
2963
2993
3053
3080
3122
3131
3135
3160
3198
3269
3281
3293
3323
3380
3411
3454
3476
3518
3550
3613
3657
3689
3738
3780
3820
3821
3848
3873
3913
3927
3975
3987
4011
4034
4055
4077
4102
4115
4153
4153
4179
4193
4222
4233
4255
4283
4298
4337
4364
4398
4454
4497
4523
4531
4553
4581
4596
4645
4728
4769
4790
4805
4819
4861
4910
4937
4970
4975
4986
5040
5053
5098
5113
5113
5144
5151
5183
5243
5312
5340
5357
5364
5393
5433
5447
5506
5536
5565
5615
5646
5660
5684
5729
5747
5764
5803
5811
5823
5836
5876
5910
5942
5965
5982
5982
6047
6049
6078
6118
6157
6169
6207
6233
6298
6324
6348
6391
6433
6482
6511
6551
6575
6639
6665
6693
6719
6750
6800
6865
6940
6987
7033
7080
7109
7118
7158
7221
7248
7279
7280
7344
7364
7390
7433
7474
7527
7536
7557
7579
7596
7643
7717
7741
7805
7831
7842
7880
7903
7944
7999
8018
8041
8045
8070
8092
8160
8186
8199
8229
8252
8277
8289
8337
8369
8410
8446
8505
8515
8535
8593
8619
8627
8647
8677
8698
8785
8826
8837
8910
8931
8989
9022
9039
9056
9076
9110
9136
9187
9194
9218
9258
9294
9337
9355
9390
9407
9425
9435
9469
9495
9544
9568
9591
9619
9623
9634
9717
9728
9775
9787
9812
9839
9859
9891
9909
9932
9970
9987
9992
10039
10075
10117
10131
10165
10176
10242
10279
10315
10379
10437
10453
10465
10474
10514
10573
10595
10654
10682
10686
10700
10704
10755
10796
10804
10837
10846
10862
10906
10922
10926
10948
10959
11006
11055
11078
11135
11206
11208
11213
11228
11261
11291
11310
11344
11389
11419
11460
11498
11503
11544
11580
11642
11659
11680
11694
11721
11725
11762
11783
11800
11820
11853
11869
11922
11935
11950
11980
12015
12042
12072
12127
12193
12210
12225
12260
12294
12323
12327
12393
12436
12492
12526
12608
12655
12725
12755
12829
12866
12913
12943
12993
13017
13065
13093
13139
13163
13194
13221
13286
13297
13345
13392
13417
13441
13464
13490
13524
13552
13585
13635
13662
13735
13766
13796
13856
13882
13934
13964
13972
14013
14025
14057
14086
14123
14133
14149
14164
14226
14252
14286
14286
14318
14369
14413
14463
14490
14537
14597
14608
14625
14667
14708
14731
14789
14791
14824
14860
14908
14924
14983
15001
15027
15049
15061
15081
15113
15129
15166
15170
15197
15233
15263
15270
15298
15354
15390
15430
15475
15502
15538
15564
15590
15614
15648
15692
15701
15739
15791
15810
15818
15824
15824
15861
15898
15906
15962
15978
16009
