0
109
244
452
453
674
766
921
976
1102
1164
1267
1337
1477
1507
1607
1825
1911
2022
2210
2215
2215
2260
2408
2570
2717
2839
3205
3311
3336
3357
3478
3631
3631
3784
3864
4053
4114
4338
4396
4533
4533
4640
4670
4789
4910
5079
5170
5230
5240
5435
5466
5657
5750
5750
5814
5928
5980
6132
6245
6270
6318
6366
6509
6580
6780
6894
7112
7121
7192
7405
7449
7735
7894
7894
8042
8097
8309
8365
8512
8525
8525
8570
8658
8911
8911
8918
9023
9222
9306
9452
9487
9649
9715
9942
10067
10144
10323
10403
10549
10549
10620
10688
10825
10837
10988
11006
11049
11055
11116
11153
11200
11216
11329
11329
11408
11417
11474
11484
11521
11610
11639
11766
11794
11881
12045
12214
12267
12267
12313
12400
12433
12590
12896
12994
13030
13041
13057
13171
13309
13389
13437
13437
13460
13639
13639
13773
13798
13798
13882
13882
13962
14187
14437
14505
14513
14513
14597
14712
14739
14958
15032
15092
15274
15367
15394
15507
15606
15620
15666
15776
15777
15800
15825
15952
16059
16164
16215
16232
16232
16468
16468
16523
16645
16775
16781
16868
16942
17155
17221
17289
17437
17574
17725
17794
17893
17962
18158
18227
18310
18379
18429
18572
18807
19054
19192
19339
19496
19597
19608
19724
19938
20024
20140
20140
20381
20415
20443
20592
20722
20862
20867
20908
20920
20956
21095
21347
21403
21624
21668
21678
21771
21838
21961
22161
22211
22246
22246
22305
22366
22615
22673
22708
22774
22804
22855
22870
23031
23118
23263
23363
23588
23595
23640
23835
23887
23888
23949
23995
24056
24375
24515
24519
24764
24809
25014
25096
25126
25145
25195
25295
25354
25525
25546
25603
25722
25828
25979
26004
26118
26159
26187
26198
26300
26378
26541
26584
26652
26715
26715
26729
27037
27037
27199
27222
27279
27360
27415
27494
27536
27553
27668
27710
27710
27852
27956
28084
28096
28177
28196
28423
28542
28651
28878
29083
29115
29115
29130
29229
29403
29457
29654
29703
29703
29733
29733
29855
30008
30008
30084
30085
30120
30283
30321
30321
30376
30398
30537
30683
30753
30913
31182
31182
31182
31225
31332
31445
31466
31571
31708
31815
31930
32049
32049
32160
32250
32481
32517
32554
32577
32652
32652
32755
32796
32808
32871
32957
32994
33156
33159
33192
33273
33350
33417
33466
33615
33862
33900
33929
33997
34083
34160
34160
34380
34478
34679
34778
35063
35216
35477
35565
35837
35928
36055
36134
36341
36409
36542
36635
36788
36823
36925
37003
37231
37239
37351
37509
37584
37642
37667
37738
37801
37891
37953
38140
38203
38412
38520
38623
38828
38879
39048
39141
39145
39279
39287
39390
39457
39583
39585
39627
39646
39872
39956
40002
40002
40074
40253
40379
40543
40617
40746
40929
40936
40945
41063
41177
41245
41440
41440
41541
41661
41804
41849
42039
42081
42155
42180
42195
42220
42293
42322
42413
42413
42474
42600
42691
42691
42755
42940
43032
43148
43331
43397
43466
43537
43569
43612
43720
43878
43893
44022
44162
44199
44207
44207
44207
44333
44409
44420
44552
44563
44622
44792
44944
45036
45112
45128
45279
45337
45467
