0
37
80
140
148
213
247
298
318
363
385
420
444
485
498
529
589
624
665
724
732
732
755
799
846
891
931
1028
1062
1082
1103
1148
1195
1197
1249
1280
1333
1366
1428
1456
1498
1505
1540
1556
1594
1633
1683
1713
1739
1749
1808
1822
1878
1902
1904
1932
1972
2005
2043
2084
2103
2120
2146
2187
2224
2280
2320
2382
2398
2430
2495
2514
2599
2644
2647
2688
2718
2777
2803
2844
2853
2857
2883
2917
2988
3001
3014
3051
3101
3131
3174
3194
3235
3267
3327
3372
3401
3450
3491
3532
3533
3560
3585
3624
3638
3687
3699
3722
3745
3767
3789
3814
3825
3861
3861
3886
3904
3928
3938
3959
3987
4001
4042
4065
4098
4154
4198
4225
4233
4255
4285
4299
4350
4434
4474
4493
4513
4518
4558
4607
4635
4668
4672
4686
4737
4750
4796
4811
4811
4842
4848
4882
4942
5012
5042
5057
5066
5095
5135
5149
5208
5238
5269
5319
5350
5366
5403
5438
5457
5474
5513
5519
5531
5545
5586
5619
5649
5674
5690
5690
5753
5755
5784
5824
5869
5875
5914
5940
6006
6035
6059
6102
6145
6195
6223
6263
6288
6352
6378
6406
6430
6460
6510
6576
6652
6699
6744
6792
6820
6830
6868
6931
6960
6991
6992
7056
7076
7102
7144
7186
7238
7248
7270
7290
7307
7356
7431
7453
7517
7544
7554
7593
7616
7657
7714
7731
7757
7761
7787
7808
7878
7902
7916
7946
7968
7992
8005
8050
8081
8124
8161
8222
8233
8255
8314
8342
8350
8378
8402
8424
8510
8551
8562
8634
8660
8713
8745
8762
8779
8798
8832
8858
8909
8917
8941
8983
9018
9060
9078
9114
9132
9150
9161
9194
9218
9265
9289
9312
9342
9344
9356
9439
9448
9495
9507
9534
9561
9581
9612
9629
9651
9692
9710
9713
9760
9796
9838
9852
9886
9896
9964
10001
10037
10102
10160
10179
10189
10198
10235
10294
10314
10373
10401
10405
10419
10423
10474
10514
10523
10555
10565
10583
10626
10642
10646
10665
10677
10724
10772
10796
10854
10924
10929
10935
10951
10984
11013
11032
11065
11110
11142
11179
11217
11222
11259
11297
11360
11377
11398
11412
11438
11444
11483
11499
11517
11540
11570
11586
11639
11653
11668
11699
11733
11761
11790
11845
11914
11930
11947
11980
12013
12042
12046
12111
12155
12211
12243
12328
12371
12440
12472
12546
12583
12630
12658
12715
12735
12780
12809
12854
12878
12909
12939
13000
13011
13059
13105
13130
13155
13178
13202
13236
13264
13296
13344
13371
13446
13477
13511
13573
13595
13647
13677
13688
13733
13743
13775
13806
13840
13849
13866
13879
13942
13969
14002
14002
14034
14086
14129
14180
14212
14258
14313
14327
14345
14390
14431
14453
14511
14512
14545
14580
14628
14644
14702
14721
14746
14768
14778
14797
14827
14845
14880
14884
14912
14949
14979
14986
15014
15069
15104
15146
15191
15217
15253
15280
15308
15329
15366
15411
15420
15459
15509
15529
15536
15543
15543
15580
15616
15626
15682
15699
15728
15778
15823
15852
15883
15895
15939
15960
16010
