0
0
0
0
2
7
9
17
17
23
27
27
27
27
27
39
54
54
54
54
54
59
62
79
80
85
93
93
99
99
99
99
99
106
112
112
112
117
123
123
130
130
132
132
132
136
136
152
152
152
163
163
163
163
164
164
164
164
171
171
177
177
184
184
188
189
189
189
189
189
189
195
201
201
201
201
207
207
207
207
207
208
224
228
228
234
240
240
240
254
263
271
282
283
287
287
287
287
292
296
306
319
319
319
320
320
320
320
322
338
345
345
345
345
345
350
351
371
371
382
382
389
389
389
389
391
391
402
414
414
414
428
429
429
437
437
438
439
439
449
449
452
457
457
469
469
469
469
470
474
474
474
474
474
482
482
488
488
488
488
488
494
494
494
494
494
499
499
499
499
499
499
499
499
499
509
519
532
532
539
539
539
539
557
568
572
582
589
594
594
594
594
596
596
612
625
625
625
636
637
638
638
649
666
671
671
671
671
671
671
678
684
684
696
696
706
708
708
710
710
710
714
716
716
716
725
728
728
731
731
731
731
731
735
735
735
743
743
743
743
743
743
743
750
750
750
752
757
764
764
768
768
768
768
768
771
771
771
771
777
780
780
780
780
785
785
785
790
790
795
817
829
829
832
836
836
836
848
855
855
861
869
876
876
889
889
889
889
906
926
927
927
946
946
952
952
955
967
968
968
968
968
968
971
979
981
981
981
981
983
983
983
983
983
983
983
983
983
985
986
990
990
993
996
996
996
1000
1005
1005
1005
1012
1017
1020
1020
1020
1020
1020
1023
1023
1023
1023
1034
1043
1044
1053
1053
1053
1053
1053
1053
1053
1053
1053
1063
1065
1065
1065
1065
1067
1072
1072
1074
1074
1082
1096
1100
1100
1100
1108
1108
1117
1119
1124
1124
1131
1131
1140
1140
1149
1149
1150
1150
1160
1171
1173
1173
1180
1180
1186
1187
1196
1196
1196
1196
1196
1196
1203
1203
1213
1217
1217
1217
1217
1217
1217
1217
1219
1219
1219
1219
1219
1222
1222
1223
1224
1224
1224
1224
1227
1230
1230
1230
1230
1230
1235
1241
1241
1241
1241
1241
1241
1248
1248
1248
1254
1264
1264
1272
1283
1283
1283
1293
1310
1310
1310
1314
1314
1319
1323
1325
1336
1336
1336
1345
1347
1348
1348
1352
1364
1376
1376
1376
1376
1376
1385
1392
1399
1399
1414
1431
1437
1449
1452
1452
1458
1458
1465
1482
1483
1483
1485
1488
1491
1503
1510
1514
1514
1514
1518
1518
1533
1536
1542
1544
1544
1544
1544
1549
1553
1553
1553
