0
1
1
24
40
52
69
85
85
85
85
85
85
106
106
106
121
124
160
166
177
181
203
212
212
212
215
215
215
229
234
238
255
255
255
255
265
284
284
284
286
286
286
309
309
317
317
319
328
328
328
328
328
328
328
328
332
334
340
340
363
363
363
365
369
369
369
381
384
415
432
432
436
437
437
437
437
463
479
479
479
479
495
500
500
500
500
504
504
512
518
518
518
518
518
518
523
536
556
575
586
603
603
603
603
603
604
644
644
644
655
655
685
708
709
709
714
731
733
733
733
733
736
751
752
765
792
792
792
792
793
798
798
798
810
810
820
833
833
833
844
844
844
844
844
844
844
844
844
851
855
855
855
855
877
879
879
881
881
887
893
908
919
933
952
955
959
959
959
959
959
969
997
997
1007
1011
1024
1036
1036
1042
1042
1048
1048
1049
1049
1049
1049
1049
1051
1051
1057
1058
1073
1080
1091
1099
1103
1103
1103
1103
1103
1140
1155
1155
1166
1166
1173
1186
1193
1202
1202
1202
1202
1202
1202
1202
1209
1216
1223
1223
1241
1245
1251
1251
1254
1257
1257
1257
1267
1269
1274
1301
1301
1307
1316
1316
1316
1316
1325
1340
1344
1344
1344
1346
1346
1346
1346
1346
1361
1361
1361
1361
1361
1361
1361
1387
1394
1420
1440
1442
1442
1444
1444
1444
1444
1457
1488
1488
1502
1509
1518
1518
1518
1530
1530
1530
1530
1545
1547
1547
1547
1547
1556
1556
1566
1566
1566
1569
1572
1573
1573
1573
1573
1573
1579
1619
1623
1623
1626
1626
1629
1629
1629
1629
1629
1648
1650
1650
1662
1662
1671
1685
1686
1686
1693
1693
1693
1693
1699
1704
1704
1704
1720
1728
1728
1736
1742
1751
1766
1766
1766
1766
1782
1805
1805
1805
1805
1826
1827
1827
1827
1827
1829
1830
1830
1830
1830
1837
1843
1879
1887
1912
1940
1954
1964
1990
1990
1990
1990
1993
2010
2023
2043
2043
2043
2051
2051
2075
2075
2075
2075
2092
2092
2092
2092
2092
2092
2092
2096
2096
2096
2107
2107
2119
2122
2122
2122
2122
2122
2134
2134
2134
2155
2156
2156
2158
2158
2158
2158
2163
2168
2173
2196
2196
2211
2214
2220
2220
2224
2230
2230
2230
2240
2252
2252
2263
2284
2285
2285
2308
2313
2320
2324
2324
2324
2324
2354
2373
2373
2373
2373
2389
2393
2393
2393
2393
2393
2393
2393
2393
2397
2404
2420
2442
2453
2457
2485
2485
2515
2529
2529
2529
2529
2529
2537
2548
2577
2577
2581
2594
2595
2631
2631
2631
2631
2653
2655
2663
2663
2670
2671
2671
2677
2683
2695
2708
2708
2711
2711
2711
2715
2715
2715
2721
2721
2734
2747
2747
2747
2752
2767
2768
2768
2769
2772
2772
2781
2781
2807
2810
2815
