0
0
0
0
2
6
10
17
17
22
25
25
27
27
27
40
53
53
53
53
53
59
62
79
79
84
92
92
98
98
98
98
98
105
112
112
112
117
123
123
132
132
135
135
135
139
139
157
157
157
167
167
167
167
171
171
171
171
178
178
183
185
193
194
199
199
199
199
199
199
199
206
211
211
211
211
219
219
219
219
219
220
235
239
239
246
252
252
252
267
276
283
292
296
299
299
299
300
308
310
322
332
332
334
337
337
337
337
340
355
363
363
363
363
363
367
368
390
390
399
400
407
408
408
408
409
411
421
434
434
434
448
448
448
456
456
462
462
462
475
475
479
483
483
494
494
494
494
497
499
499
499
499
499
507
507
512
514
514
514
514
519
519
519
519
519
527
527
527
527
527
527
527
528
528
536
546
561
561
569
569
569
569
587
597
602
612
618
623
623
623
623
625
625
641
654
654
654
666
667
669
669
680
696
701
701
701
701
701
701
707
716
717
729
729
738
740
740
743
743
743
747
749
749
749
758
761
761
763
764
764
764
764
769
769
771
780
780
780
780
780
780
780
787
787
787
791
793
801
801
807
807
808
808
808
811
811
811
811
820
821
821
821
821
825
825
825
830
830
836
858
868
868
871
876
876
876
888
895
895
904
913
919
919
931
931
931
931
950
969
969
969
987
988
994
994
996
1007
1009
1009
1009
1009
1009
1013
1019
1022
1022
1022
1022
1025
1025
1025
1026
1026
1026
1026
1026
1026
1029
1031
1035
1035
1039
1041
1042
1042
1047
1052
1052
1052
1059
1065
1067
1067
1067
1067
1067
1072
1072
1072
1072
1085
1094
1096
1104
1105
1105
1105
1105
1106
1106
1106
1106
1115
1118
1118
1118
1118
1120
1125
1125
1128
1128
1138
1150
1154
1154
1157
1166
1166
1174
1178
1182
1182
1192
1193
1203
1204
1211
1211
1212
1212
1221
1233
1235
1235
1242
1242
1248
1250
1259
1259
1259
1259
1262
1262
1271
1271
1279
1283
1283
1283
1283
1283
1283
1283
1286
1286
1286
1286
1286
1288
1289
1292
1294
1294
1294
1294
1298
1300
1301
1301
1301
1301
1306
1311
1311
1311
1311
1311
1311
1317
1317
1317
1323
1333
1335
1342
1354
1354
1354
1364
1380
1380
1380
1385
1385
1394
1397
1399
1409
1409
1410
1419
1421
1424
1424
1429
1441
1453
1453
1453
1456
1456
1466
1473
1481
1481
1495
1511
1516
1529
1531
1531
1536
1536
1543
1559
1559
1559
1562
1565
1568
1580
1585
1590
1590
1590
1594
1594
1609
1612
1618
1619
1619
1619
1621
1624
1631
1631
1631
