0
7
13
21
24
30
33
34
40
40
40
40
40
40
45
53
53
53
53
63
66
66
66
66
67
85
90
90
98
105
105
106
124
124
140
153
153
161
163
163
163
168
176
188
203
204
207
209
211
211
211
214
229
237
237
237
237
237
240
246
268
269
279
283
294
297
297
302
305
305
319
334
334
338
347
356
356
365
366
369
374
374
388
391
394
402
402
417
417
417
417
418
422
422
422
422
422
432
432
437
443
443
446
446
454
454
454
454
454
464
464
464
467
467
467
467
473
473
479
498
513
513
522
525
525
525
547
555
562
572
578
585
585
585
585
587
590
601
621
621
621
634
638
641
642
653
671
676
676
676
676
676
676
676
694
694
707
710
717
724
726
729
731
731
737
742
742
745
753
758
758
763
765
765
765
767
777
779
784
790
793
793
793
793
793
795
801
806
806
814
817
828
828
835
835
835
836
836
842
842
842
842
852
854
854
854
854
860
860
860
866
866
869
900
909
909
913
920
920
920
935
944
944
952
958
972
972
981
986
986
986
1002
1027
1027
1028
1039
1049
1051
1056
1063
1072
1074
1074
1074
1074
1074
1074
1079
1094
1094
1095
1096
1103
1103
1103
1104
1104
1104
1104
1104
1104
1110
1113
1118
1118
1125
1130
1130
1132
1140
1144
1145
1145
1155
1162
1166
1166
1166
1166
1166
1170
1172
1172
1172
1187
1197
1204
1208
1211
1211
1211
1213
1213
1213
1213
1213
1222
1226
1226
1228
1229
1233
1238
1239
1244
1246
1250
1271
1277
1277
1280
1291
1291
1303
1308
1314
1316
1328
1333
1343
1343
1353
1353
1355
1355
1367
1379
1383
1384
1391
1393
1401
1402
1413
1413
1413
1413
1417
1417
1424
1427
1431
1441
1441
1443
1443
1443
1448
1448
1453
1453
1453
1453
1455
1459
1464
1468
1470
1470
1472
1473
1474
1480
1483
1483
1483
1483
1493
1498
1498
1498
1498
1502
1502
1509
1512
1512
1521
1530
1532
1543
1556
1557
1557
1566
1578
1588
1588
1595
1595
1599
1609
1611
1626
1626
1630
1634
1642
1644
1644
1647
1668
1681
1685
1685
1690
1690
1702
1707
1720
1721
1739
1745
1762
1774
1777
1777
1784
1785
1796
1813
1815
1817
1818
1827
1828
1841
1846
1853
1853
1856
1859
1859
1875
1882
1882
1889
1889
1889
1892
1892
1902
1902
1902
1902
1902
1910
1911
1914
1914
1916
1927
1929
1929
1929
1933
1938
1944
1952
1952
1952
1953
1956
1957
1957
1957
1957
1957
1965
1965
1967
1973
1982
1982
1982
2000
2002
2005
2011
2026
2029
2029
2029
2030
2030
2038
2041
2050
2050
2057
2062
2063
2067
2067
2069
2080
2095
2095
2096
2100
2101
