0
0
4
27
44
57
71
89
89
89
89
89
89
112
112
112
126
127
165
172
184
189
211
220
220
220
224
224
224
241
247
250
268
268
268
268
279
299
299
299
302
302
302
325
325
332
332
334
345
345
345
345
345
345
345
345
350
352
357
358
381
381
381
384
388
388
388
400
405
437
453
453
457
457
457
457
457
485
500
500
500
500
517
520
520
520
520
526
526
532
538
538
538
538
538
538
545
559
577
598
610
627
627
627
628
628
629
671
671
671
683
683
713
739
740
740
745
761
765
765
765
765
766
785
785
797
825
825
825
825
825
830
830
830
844
845
854
867
867
867
879
879
879
879
879
879
879
879
879
887
889
889
889
889
914
915
915
917
917
925
932
944
957
972
991
993
1000
1000
1000
1000
1000
1009
1039
1039
1050
1056
1069
1080
1080
1087
1089
1093
1093
1093
1093
1093
1093
1093
1095
1095
1101
1105
1120
1128
1136
1146
1148
1148
1148
1148
1148
1187
1201
1201
1213
1213
1222
1234
1243
1252
1252
1252
1252
1252
1253
1253
1264
1268
1276
1276
1297
1299
1305
1305
1310
1313
1313
1313
1328
1330
1333
1362
1362
1368
1379
1379
1379
1379
1389
1405
1408
1408
1408
1410
1411
1411
1411
1411
1428
1429
1429
1429
1429
1429
1429
1458
1465
1490
1510
1513
1513
1517
1517
1517
1517
1531
1564
1564
1579
1587
1596
1596
1596
1611
1611
1611
1611
1627
1629
1629
1629
1631
1637
1637
1648
1648
1648
1652
1655
1656
1656
1656
1656
1656
1663
1705
1709
1710
1711
1711
1716
1716
1716
1716
1717
1737
1740
1740
1752
1752
1762
1777
1779
1779
1788
1788
1788
1788
1795
1799
1799
1799
1818
1827
1827
1834
1841
1849
1865
1865
1865
1865
1882
1906
1906
1906
1908
1930
1930
1930
1930
1930
1933
1934
1934
1934
1935
1941
1948
1984
1992
2020
2048
2063
2075
2101
2101
2101
2101
2106
2122
2136
2158
2158
2158
2167
2167
2191
2191
2191
2191
2208
2208
2208
2208
2208
2208
2208
2212
2212
2212
2223
2223
2236
2238
2238
2238
2238
2238
2252
2252
2252
2274
2274
2274
2275
2275
2275
2275
2279
2286
2289
2313
2313
2330
2335
2341
2341
2344
2352
2352
2352
2363
2375
2375
2384
2409
2409
2410
2434
2437
2444
2447
2447
2447
2447
2479
2499
2499
2499
2499
2515
2519
2519
2519
2519
2519
2519
2520
2520
2524
2532
2547
2570
2581
2585
2616
2616
2645
2661
2661
2661
2661
2661
2669
2679
2709
2709
2715
2728
2729
2769
2769
2769
2769
2791
2795
2803
2803
2812
2813
2813
2822
2828
2841
2854
2854
2858
2858
2858
2864
2864
2864
2872
2872
2884
2898
2898
2898
2902
2918
2921
2921
2924
2926
2927
2935
2935
2962
2967
2971
