0
0
12
20
20
20
28
28
30
30
30
30
30
30
30
56
56
56
56
62
62
62
62
62
62
99
121
121
125
149
149
149
189
194
248
285
285
301
303
303
303
303
327
339
395
399
399
399
399
399
399
399
443
472
472
472
472
472
472
474
542
545
564
564
586
586
586
586
586
586
610
652
652
652
662
688
688
706
706
706
706
706
732
732
737
761
761
805
805
805
805
805
808
808
808
808
808
822
822
822
825
825
825
825
829
829
829
829
829
833
833
833
833
833
833
833
833
833
836
891
939
939
951
951
951
951
1000
1030
1054
1072
1099
1120
1120
1120
1120
1120
1120
1138
1211
1211
1211
1231
1242
1242
1242
1274
1335
1356
1356
1356
1356
1356
1356
1356
1394
1394
1414
1423
1446
1472
1472
1472
1472
1472
1472
1475
1475
1475
1483
1506
1506
1506
1506
1506
1506
1506
1507
1507
1507
1535
1535
1535
1535
1535
1535
1535
1535
1545
1545
1545
1554
1583
1583
1583
1583
1583
1583
1583
1583
1583
1583
1583
1590
1606
1606
1606
1606
1606
1606
1606
1608
1608
1608
1694
1734
1734
1735
1741
1741
1741
1769
1797
1797
1797
1817
1863
1863
1898
1910
1910
1910
1943
2026
2031
2031
2047
2087
2092
2106
2117
2157
2165
2165
2165
2165
2165
2165
2165
2197
2197
2197
2197
2197
2197
2197
2197
2197
2197
2197
2197
2197
2197
2197
2201
2201
2201
2207
2207
2207
2208
2227
2227
2227
2239
2254
2265
2265
2265
2265
2265
2265
2265
2265
2265
2295
2327
2328
2354
2362
2362
2362
2362
2362
2362
2362
2362
2370
2389
2389
2389
2389
2389
2400
2400
2400
2400
2400
2469
2476
2476
2476
2499
2499
2511
2516
2541
2541
2559
2561
2588
2588
2617
2619
2627
2627
2638
2689
2694
2694
2694
2708
2711
2726
2761
2761
2761
2761
2761
2761
2762
2774
2783
2823
2823
2823
2823
2823
2823
2823
2823
2823
2823
2823
2823
2823
2823
2823
2823
2823
2823
2823
2823
2823
2827
2827
2827
2827
2830
2849
2850
2850
2850
2850
2850
2850
2859
2859
2867
2901
2902
2916
2964
2964
2964
2974
3022
3048
3048
3052
3052
3052
3075
3075
3104
3104
3104
3111
3136
3136
3136
3136
3184
3206
3216
3216
3216
3216
3234
3236
3277
3284
3325
3354
3406
3449
3459
3459
3462
3462
3478
3535
3536
3536
3536
3547
3552
3597
3616
3637
3637
3637
3639
3639
3672
3688
3688
3717
3717
3717
3717
3717
3738
3738
3738
3738
3738
3743
3743
3743
3743
3743
3769
3769
3769
3769
3769
3769
3778
3797
3797
3797
3797
3797
3797
3797
3797
3797
3797
3800
3800
3800
3800
3820
3820
3820
3859
3862
3862
3863
3912
3925
3925
3925
3925
3925
3936
3942
3970
3970
3978
3980
3980
3980
3980
3980
4005
4057
4057
4057
4057
4057
