0
0
2
7
8
26
26
26
26
26
29
29
29
29
29
37
37
41
41
41
41
46
46
46
46
46
46
50
50
50
50
50
50
50
50
50
67
77
97
97
104
104
104
104
128
148
151
166
172
180
180
180
180
180
180
201
221
221
221
235
235
235
237
252
276
285
285
285
285
285
285
289
302
306
316
319
331
337
337
337
337
337
338
340
340
340
350
354
354
354
354
354
354
354
358
358
358
370
370
370
370
370
370
370
376
376
376
376
381
394
394
398
398
398
398
398
398
398
398
398
407
410
410
410
410
410
410
410
414
414
426
453
470
470
470
474
474
474
488
499
499
505
523
529
529
549
549
549
549
576
602
602
602
627
627
637
637
641
660
662
662
662
662
662
663
675
677
677
677
677
678
678
678
678
678
678
678
678
678
678
682
682
682
686
686
686
686
690
696
696
696
705
713
714
714
714
714
714
714
714
714
714
729
741
743
757
757
757
757
757
757
757
757
757
768
771
771
771
771
771
780
780
780
780
791
812
816
816
816
827
827
835
844
847
847
856
859
868
868
882
882
884
884
894
912
915
915
921
921
931
934
946
946
946
946
946
946
952
952
968
973
973
973
973
973
973
973
973
973
973
973
973
973
973
974
974
974
974
974
974
976
976
976
976
976
979
987
987
987
987
987
987
992
992
992
998
1012
1012
1020
1041
1041
1041
1058
1080
1080
1080
1082
1082
1093
1093
1094
1108
1108
1108
1123
1123
1123
1123
1130
1145
1160
1160
1160
1160
1160
1170
1182
1191
1191
1210
1238
1246
1269
1269
1269
1272
1272
1280
1305
1306
1306
1310
1313
1316
1337
1344
1351
1351
1351
1354
1354
1375
1375
1386
1389
1389
1389
1389
1393
1400
1400
1400
1400
1400
1403
1403
1403
1403
1408
1418
1418
1418
1418
1418
1418
1432
1432
1432
1432
1432
1432
1432
1432
1432
1432
1432
1435
1435
1435
1435
1444
1444
1444
1463
1465
1465
1476
1494
1494
1494
1494
1494
1494
1499
1505
1514
1514
1519
1519
1519
1519
1519
1519
1534
1554
1554
1554
1554
1556
1563
1571
1590
1591
1598
1612
1612
1622
1622
1622
1622
1622
1627
1637
1637
1637
1643
1650
1650
1658
1658
1659
1659
1659
1663
1663
1686
1686
1686
1697
1697
1697
1697
1697
1697
1697
1697
1704
1704
1709
1709
1716
1716
1719
1719
1719
1719
1719
1719
1719
1730
1733
1733
1733
1733
1738
1738
1738
1738
1738
1752
1758
1766
1766
1770
1779
1779
1779
1799
1821
1825
1839
1846
1849
1849
1849
1849
1861
1861
1874
1892
1892
