0
0
0
0
0
0
0
0
0
0
0
0
0
0
0
0
4
4
4
4
4
25
25
26
26
26
26
26
35
35
40
78
78
86
112
140
140
140
189
222
222
222
226
226
246
246
275
275
275
275
308
308
308
308
350
378
388
388
388
388
405
408
441
457
481
509
578
608
632
632
635
635
635
701
708
708
708
718
720
730
789
807
809
809
809
810
810
858
858
882
888
888
888
888
908
908
908
908
908
913
913
913
913
913
922
939
939
939
939
939
939
968
968
968
968
968
968
968
968
968
968
968
971
971
971
992
992
992
1010
1033
1033
1033
1084
1097
1097
1097
1097
1097
1108
1108
1142
1142
1142
1151
1152
1152
1152
1152
1173
1230
1230
1230
1230
1230
1238
1245
1288
1311
1320
1328
1358
1380
1380
1380
1380
1380
1380
1407
1407
1407
1407
1427
1434
1434
1448
1448
1451
1451
1453
1456
1465
1504
1504
1523
1529
1529
1529
1529
1529
1529
1529
1529
1540
1547
1547
1547
1553
1553
1556
1556
1556
1556
1556
1556
1556
1581
1581
1581
1581
1587
1587
1587
1587
1587
1587
1625
1647
1647
1650
1674
1674
1674
1692
1714
1774
1788
1810
1827
1828
1828
1828
1828
1850
1850
1920
1924
1924
1924
1924
1924
1924
1924
1968
1998
1998
1998
1998
1998
1998
2001
2049
2071
2072
2091
2112
2112
2112
2112
2112
2112
2136
2179
2179
2179
2179
2216
2216
2216
2234
2234
2234
2234
2260
2260
2260
2288
2288
2333
2333
2333
2333
2333
2336
2336
2336
2336
2336
2350
2350
2350
2353
2353
2353
2353
2358
2358
2358
2358
2358
2361
2361
2361
2361
2361
2361
2361
2361
2361
2361
2419
2466
2466
2477
2477
2477
2477
2523
2526
2580
2585
2625
2647
2647
2647
2647
2647
2647
2663
2737
2737
2737
2737
2769
2769
2769
2801
2863
2883
2883
2883
2883
2883
2883
2883
2917
2921
2941
2952
2974
2999
2999
2999
2999
2999
2999
3003
3003
3003
3007
3034
3034
3034
3034
3034
3034
3034
3035
3035
3035
3050
3062
3062
3062
3062
3062
3062
3062
3071
3071
3071
3078
3109
3109
3109
3111
3111
3111
3111
3111
3111
3111
3111
3111
3135
3135
3135
3135
3135
3135
3135
3137
3137
3137
3210
3263
3263
3265
3272
3272
3272
3300
3302
3327
3327
3344
3394
3394
3417
3440
3440
3440
3456
3557
3561
3561
3571
3618
3623
3639
3648
3686
3697
3697
3697
3697
3697
3697
3697
3729
3729
3729
3729
3729
3729
3729
3729
3729
3729
3729
3729
3729
3729
3729
3734
3734
3734
3741
3741
3741
3741
3760
3760
3760
3760
3787
3794
3797
3797
3797
3797
3797
3797
3797
3797
3826
3858
3858
3868
3893
3893
3893
3893
3893
3893
3893
3893
3893
3921
3921
3921
3921
3921
3923
3931
3931
3931
3931
3986
4007
4007
4007
