0
0
1
1
1
1
1
1
3
3
6
6
6
6
6
8
10
10
10
10
10
21
22
22
22
22
22
22
29
29
33
48
48
56
64
75
75
75
101
113
113
113
117
117
126
126
141
141
141
144
155
155
155
155
173
188
192
192
193
193
203
207
218
222
234
246
272
282
290
290
294
294
294
322
325
325
325
332
332
339
360
364
365
365
368
368
371
390
390
400
401
401
401
401
412
412
412
412
412
417
417
417
417
417
425
431
431
431
431
431
432
445
445
445
445
445
445
445
445
445
445
446
449
449
450
459
459
459
471
478
478
478
499
503
503
503
503
503
510
510
524
524
525
531
533
533
533
533
544
566
566
566
566
566
574
577
593
600
604
607
618
626
626
626
626
626
627
642
642
642
642
652
655
656
665
665
666
666
671
672
680
693
693
702
704
704
704
704
704
704
704
704
714
722
722
723
727
727
732
732
732
732
732
732
732
744
744
744
744
751
751
751
751
751
751
768
777
777
783
792
792
792
804
813
835
839
847
855
855
855
855
855
868
868
896
896
896
896
897
897
897
897
918
928
928
928
928
928
928
933
951
961
966
972
980
980
980
980
980
980
993
1009
1009
1009
1009
1026
1026
1030
1037
1037
1039
1039
1053
1053
1053
1063
1063
1079
1079
1079
1079
1079
1084
1084
1084
1084
1084
1094
1094
1094
1100
1100
1100
1100
1106
1106
1106
1106
1106
1114
1114
1114
1114
1114
1114
1114
1114
1114
1117
1140
1156
1156
1163
1163
1163
1163
1182
1185
1203
1206
1222
1230
1230
1230
1230
1230
1231
1240
1268
1268
1268
1273
1284
1284
1284
1300
1322
1330
1330
1330
1330
1330
1330
1330
1347
1349
1361
1364
1372
1380
1380
1383
1383
1383
1386
1389
1389
1389
1394
1404
1404
1405
1405
1405
1405
1405
1409
1409
1409
1416
1422
1422
1422
1422
1422
1422
1425
1430
1430
1430
1435
1448
1448
1450
1453
1453
1453
1453
1456
1456
1456
1456
1456
1470
1470
1470
1470
1471
1472
1472
1475
1475
1475
1505
1528
1528
1529
1533
1533
1533
1547
1547
1557
1557
1569
1586
1586
1593
1602
1602
1602
1612
1648
1650
1650
1656
1673
1676
1682
1686
1700
1702
1702
1702
1702
1702
1702
1704
1716
1718
1718
1718
1719
1719
1719
1719
1719
1719
1719
1719
1719
1720
1720
1726
1726
1726
1731
1731
1731
1735
1743
1743
1743
1747
1757
1760
1762
1762
1762
1762
1762
1763
1763
1763
1776
1788
1788
1792
1801
1801
1801
1801
1801
1801
1801
1801
1801
1814
1814
1814
1814
1816
1818
1823
1825
1825
1825
1849
1857
1857
1857
