0
0
8
13
13
13
19
19
22
22
22
22
22
22
22
38
38
38
38
43
43
43
43
43
43
66
78
78
82
95
95
95
120
122
154
174
174
185
185
185
185
185
200
207
240
242
242
242
242
242
242
242
267
286
286
286
286
286
286
289
327
329
341
342
353
353
353
353
353
353
369
392
392
392
399
414
414
425
425
425
425
425
440
440
444
457
457
483
483
483
483
483
487
487
487
487
487
497
497
497
501
501
501
501
504
504
504
504
504
508
508
508
508
508
508
508
508
508
511
543
571
571
578
578
578
578
607
625
639
649
664
677
677
677
677
677
677
690
732
732
732
744
751
751
751
770
805
818
818
818
818
818
818
818
840
840
853
860
871
885
885
885
885
885
885
889
889
889
895
908
908
908
908
908
908
908
910
910
910
925
926
926
926
926
926
926
926
934
934
934
939
957
957
957
957
957
957
957
957
957
957
957
962
970
970
970
970
970
970
970
973
973
973
1025
1049
1049
1049
1052
1052
1052
1069
1085
1085
1085
1098
1126
1126
1144
1151
1151
1151
1171
1219
1222
1222
1233
1256
1260
1268
1274
1298
1302
1302
1302
1302
1302
1302
1302
1321
1321
1321
1321
1321
1321
1321
1321
1321
1321
1321
1321
1321
1321
1321
1326
1326
1326
1331
1331
1331
1333
1343
1343
1343
1352
1360
1365
1367
1367
1367
1367
1367
1367
1367
1367
1386
1404
1407
1421
1425
1425
1425
1425
1425
1425
1425
1425
1430
1442
1442
1442
1442
1442
1449
1450
1450
1450
1450
1489
1495
1495
1495
1509
1509
1517
1520
1534
1534
1545
1546
1562
1562
1578
1581
1584
1584
1594
1622
1627
1627
1627
1635
1638
1647
1666
1666
1666
1666
1666
1666
1668
1674
1680
1702
1702
1702
1702
1702
1702
1702
1702
1702
1702
1702
1702
1702
1702
1702
1702
1702
1702
1702
1702
1702
1705
1705
1705
1705
1706
1719
1719
1719
1719
1719
1719
1720
1725
1725
1730
1750
1750
1759
1787
1787
1787
1791
1820
1836
1836
1840
1840
1840
1851
1851
1868
1868
1868
1873
1888
1888
1888
1888
1915
1929
1934
1934
1934
1934
1944
1947
1971
1974
1998
2013
2045
2071
2077
2077
2079
2079
2088
2122
2124
2124
2124
2131
2135
2161
2172
2182
2182
2182
2185
2185
2205
2214
2214
2231
2231
2231
2231
2231
2245
2245
2245
2245
2245
2250
2250
2250
2250
2250
2267
2268
2268
2268
2268
2268
2275
2286
2286
2286
2286
2286
2286
2286
2286
2286
2286
2288
2288
2288
2288
2300
2300
2300
2323
2326
2326
2326
2354
2362
2362
2362
2362
2362
2368
2373
2389
2389
2394
2395
2395
2395
2395
2395
2411
2442
2442
2442
2442
2442
