0
3
6
11
12
16
21
21
27
27
27
27
27
27
31
39
39
39
39
46
46
46
46
46
46
60
67
67
73
79
79
79
94
94
110
118
118
124
125
125
126
129
136
141
157
158
160
162
164
164
164
164
181
189
189
189
189
189
190
194
215
216
226
227
235
235
235
235
237
237
249
260
260
260
266
275
275
283
283
287
288
288
301
301
302
308
308
319
319
319
319
319
325
325
325
325
325
333
333
335
339
339
339
339
344
344
344
344
344
352
352
352
352
352
352
352
352
352
357
372
387
387
395
396
396
396
414
421
428
436
444
449
449
449
449
449
450
460
479
479
479
489
491
491
493
504
521
526
526
526
526
526
526
526
540
541
553
553
560
565
565
567
567
567
571
572
572
572
580
585
585
587
588
588
588
588
592
592
594
604
604
604
604
604
604
604
607
610
610
614
616
624
624
628
629
629
629
629
631
631
631
631
637
641
641
641
641
645
645
645
649
649
652
678
687
687
690
695
695
695
707
715
715
719
726
738
738
747
750
750
750
763
785
787
787
795
805
807
811
814
824
826
826
826
826
826
826
830
839
839
839
839
842
842
842
843
843
843
843
843
843
845
846
851
851
854
857
857
857
862
867
867
867
874
879
881
882
882
882
882
884
888
888
888
899
908
910
916
919
919
919
919
919
919
919
919
924
930
930
930
930
932
937
937
941
941
944
963
966
966
968
977
977
984
988
992
992
1001
1002
1013
1013
1018
1020
1021
1021
1028
1041
1043
1043
1046
1050
1054
1057
1067
1067
1067
1067
1069
1069
1074
1078
1080
1091
1091
1091
1091
1091
1091
1091
1094
1094
1094
1094
1094
1096
1097
1097
1100
1100
1100
1100
1100
1104
1108
1108
1108
1108
1113
1118
1118
1118
1118
1118
1118
1123
1124
1124
1131
1140
1140
1149
1160
1161
1161
1167
1181
1187
1187
1192
1192
1196
1205
1205
1217
1217
1219
1225
1230
1232
1232
1234
1249
1258
1261
1261
1263
1263
1274
1276
1288
1289
1303
1310
1325
1336
1340
1340
1346
1346
1354
1370
1370
1370
1370
1376
1378
1391
1395
1400
1400
1400
1404
1404
1417
1422
1422
1429
1429
1429
1432
1432
1442
1442
1442
1442
1442
1449
1449
1450
1450
1450
1461
1461
1461
1461
1461
1464
1470
1475
1475
1475
1475
1477
1477
1477
1477
1477
1477
1483
1483
1483
1487
1493
1493
1493
1509
1509
1510
1513
1525
1530
1530
1530
1530
1530
1536
1539
1546
1546
1552
1556
1556
1557
1557
1557
1569
1583
1583
1583
1583
1583
