0
0
0
55
100
130
171
213
213
213
213
213
213
259
259
259
281
289
382
402
435
443
499
524
524
524
524
524
524
551
565
576
620
620
620
620
636
686
686
686
686
686
686
744
744
758
758
761
784
784
784
784
784
784
784
784
786
790
804
806
854
854
854
862
874
874
874
895
906
990
1031
1031
1043
1044
1044
1044
1044
1103
1147
1147
1147
1147
1180
1194
1194
1194
1194
1198
1198
1221
1236
1236
1236
1236
1236
1236
1242
1278
1323
1374
1407
1455
1455
1455
1455
1455
1455
1554
1554
1554
1573
1573
1639
1703
1703
1703
1705
1751
1757
1757
1757
1757
1757
1794
1799
1829
1901
1901
1901
1901
1901
1905
1905
1905
1932
1932
1954
1978
1978
1978
1997
1997
1997
1997
1997
1997
1997
1997
1997
2009
2014
2014
2014
2014
2067
2068
2068
2068
2068
2085
2099
2138
2169
2205
2257
2263
2276
2276
2276
2276
2276
2291
2363
2363
2376
2391
2425
2456
2456
2472
2475
2488
2488
2488
2488
2488
2488
2488
2488
2488
2498
2505
2544
2561
2587
2610
2619
2619
2619
2619
2619
2709
2747
2747
2766
2766
2777
2809
2828
2852
2852
2852
2852
2852
2852
2852
2864
2879
2901
2901
2946
2956
2974
2974
2974
2976
2976
2976
2995
3003
3010
3074
3074
3087
3110
3110
3110
3110
3124
3164
3174
3174
3174
3174
3174
3174
3174
3174
3204
3208
3208
3208
3208
3208
3208
3269
3285
3352
3403
3412
3412
3412
3412
3412
3412
3441
3521
3521
3551
3570
3595
3595
3595
3627
3627
3627
3627
3662
3665
3665
3665
3665
3678
3678
3701
3701
3701
3701
3709
3712
3712
3712
3712
3712
3718
3822
3840
3840
3841
3841
3850
3850
3850
3850
3850
3896
3900
3900
3932
3932
3947
3983
3986
3986
3998
3998
3998
3998
4004
4013
4013
4013
4046
4067
4067
4078
4092
4118
4158
4158
4158
4158
4195
4253
4253
4253
4253
4306
4306
4306
4306
4306
4306
4306
4306
4306
4306
4311
4327
4421
4441
4508
4583
4620
4638
4706
4706
4706
4706
4706
4749
4785
4835
4835
4835
4847
4847
4904
4904
4904
4904
4937
4937
4937
4937
4937
4937
4937
4939
4939
4939
4959
4959
4992
4998
4998
4998
4998
4998
5021
5021
5021
5078
5078
5078
5078
5078
5078
5078
5078
5095
5102
5164
5164
5197
5205
5220
5220
5228
5247
5247
5247
5266
5293
5293
5307
5366
5368
5368
5420
5430
5447
5458
5458
5458
5458
5526
5577
5577
5577
5577
5614
5621
5621
5621
5621
5621
5621
5621
5621
5624
5644
5685
5745
5771
5783
5854
5857
5931
5973
5973
5973
5973
5973
5981
6011
6088
6088
6091
6125
6125
6217
6217
6217
6217
6262
6275
6293
6293
6305
6310
6310
6323
6338
6369
6402
6402
6403
6403
6403
6403
6403
6403
6408
6408
6443
6477
6477
6477
6479
6518
6522
6522
6522
6524
6525
6550
6550
6609
6618
6630
