0
0
0
0
1
7
12
22
22
30
34
34
34
34
34
49
70
70
70
70
70
78
81
104
105
112
124
124
133
133
133
133
133
140
147
147
147
153
162
162
172
172
174
174
174
181
181
203
203
203
215
215
215
215
215
215
215
215
223
223
229
229
237
237
241
241
241
241
241
241
241
248
255
255
255
255
262
262
262
262
262
262
281
290
290
297
305
305
305
323
336
348
362
363
369
369
369
369
377
381
397
413
413
413
415
415
415
415
415
439
448
448
448
448
448
452
455
483
483
494
494
503
503
503
503
504
504
519
535
535
535
552
553
553
563
565
567
567
567
581
581
587
594
594
610
610
610
610
613
619
619
619
619
619
629
629
636
636
636
636
636
642
642
642
642
642
649
649
649
649
649
649
649
649
649
660
676
694
694
703
703
703
703
728
741
750
761
770
777
777
777
777
777
777
797
816
816
816
834
834
834
834
850
875
881
881
881
881
881
881
887
900
900
915
915
930
933
933
933
934
934
938
940
940
940
948
956
956
958
958
958
958
958
962
962
963
973
974
974
974
974
974
974
981
981
981
981
988
1000
1000
1004
1004
1004
1004
1004
1009
1009
1009
1009
1018
1022
1022
1022
1022
1025
1025
1025
1029
1029
1035
1066
1083
1083
1084
1091
1091
1091
1107
1118
1118
1126
1137
1148
1148
1166
1166
1166
1166
1189
1218
1218
1218
1243
1243
1251
1251
1256
1272
1274
1274
1274
1274
1274
1277
1288
1291
1291
1291
1291
1293
1293
1293
1293
1293
1293
1293
1293
1293
1296
1297
1301
1301
1305
1308
1308
1308
1313
1321
1321
1321
1331
1338
1340
1340
1340
1340
1340
1343
1343
1343
1343
1358
1370
1372
1383
1384
1384
1384
1384
1384
1384
1384
1384
1397
1399
1399
1399
1399
1399
1407
1407
1408
1409
1418
1439
1444
1444
1445
1457
1457
1466
1468
1477
1477
1486
1486
1498
1498
1509
1510
1512
1512
1523
1540
1544
1544
1553
1553
1561
1562
1575
1575
1575
1575
1575
1575
1587
1587
1599
1603
1603
1603
1603
1603
1603
1603
1605
1605
1605
1605
1605
1607
1607
1607
1611
1611
1611
1611
1612
1616
1616
1616
1616
1616
1621
1629
1629
1629
1629
1629
1629
1637
1637
1637
1644
1656
1658
1669
1686
1686
1686
1699
1723
1723
1723
1728
1729
1736
1742
1742
1759
1759
1759
1771
1775
1776
1776
1781
1798
1816
1816
1816
1816
1816
1828
1836
1847
1847
1867
1891
1898
1917
1919
1919
1926
1926
1935
1959
1959
1959
1960
1967
1969
1989
1995
2002
2002
2002
2008
2008
2028
2029
2039
2042
2042
2042
2042
2047
2054
2054
2054
