0
0
1
1
1
1
1
2
4
4
7
7
7
7
7
9
11
11
11
11
11
23
23
23
23
23
23
23
28
28
33
44
45
53
59
68
68
68
87
98
98
98
102
102
114
114
126
126
126
129
140
140
140
140
156
169
172
172
173
173
182
184
193
197
208
216
238
245
254
254
258
258
258
282
285
285
285
292
292
296
314
320
320
320
323
323
327
341
341
349
350
350
351
351
359
359
359
359
359
365
365
365
365
365
372
377
377
377
377
377
378
390
390
390
390
390
390
390
390
390
390
392
396
396
398
405
405
405
415
421
421
421
438
444
444
444
444
444
450
450
461
461
462
468
473
473
473
473
484
501
501
501
502
502
508
511
523
530
533
536
545
552
552
552
552
552
554
565
565
565
565
575
577
577
585
585
586
586
589
591
598
610
610
619
621
621
621
621
621
621
621
621
629
636
638
640
645
645
650
650
650
650
650
650
651
661
661
661
661
666
666
666
666
666
666
683
689
689
696
702
703
703
713
720
739
742
748
753
754
754
754
754
765
765
787
789
789
790
792
792
792
792
808
818
818
818
818
818
818
824
842
849
854
860
867
868
868
868
868
868
881
893
893
893
895
908
908
911
916
916
919
919
931
931
931
940
940
953
953
953
953
953
957
957
957
957
957
966
966
968
971
971
971
971
976
976
976
976
976
981
981
981
981
981
981
981
981
981
983
1001
1015
1015
1022
1022
1022
1022
1040
1042
1058
1062
1073
1080
1080
1080
1080
1080
1082
1091
1113
1113
1113
1117
1127
1127
1127
1140
1158
1164
1164
1164
1164
1164
1164
1164
1178
1179
1188
1192
1200
1206
1206
1206
1206
1206
1211
1211
1211
1211
1216
1224
1224
1226
1226
1226
1226
1226
1230
1230
1230
1238
1242
1242
1242
1242
1242
1242
1247
1249
1249
1249
1256
1264
1264
1265
1268
1268
1268
1268
1271
1271
1271
1271
1271
1281
1281
1281
1281
1282
1284
1284
1289
1289
1289
1316
1333
1333
1335
1340
1340
1340
1352
1353
1362
1362
1370
1385
1385
1392
1399
1399
1399
1407
1438
1439
1439
1445
1458
1460
1465
1468
1480
1482
1482
1482
1482
1482
1482
1485
1496
1496
1496
1496
1499
1499
1499
1499
1499
1499
1499
1499
1499
1500
1500
1506
1506
1506
1512
1512
1514
1518
1525
1525
1525
1529
1537
1541
1541
1541
1541
1541
1541
1543
1543
1543
1554
1564
1564
1567
1575
1575
1575
1575
1575
1575
1575
1575
1575
1588
1588
1588
1588
1589
1590
1595
1598
1598
1598
1620
1625
1625
1625
