0
0
3
27
45
56
73
89
89
89
89
89
89
112
112
112
125
128
165
174
186
189
213
224
224
224
227
227
228
244
248
252
272
272
272
272
283
304
304
304
308
308
308
331
331
338
338
341
349
349
349
349
349
349
349
349
352
355
360
361
386
386
386
387
393
393
393
406
410
444
461
461
465
465
465
465
465
491
509
509
509
509
525
530
530
530
530
535
535
543
549
549
549
549
549
549
554
568
588
609
621
641
641
641
641
641
641
685
686
686
696
696
726
752
753
753
758
775
776
776
776
776
778
794
795
809
837
837
837
837
838
845
845
845
859
859
869
882
882
882
893
893
893
893
893
893
893
893
893
900
904
904
904
904
927
929
929
931
931
938
944
958
972
987
1006
1011
1016
1016
1016
1016
1016
1026
1054
1056
1065
1070
1084
1097
1097
1104
1105
1110
1110
1111
1111
1111
1111
1111
1113
1113
1119
1120
1137
1145
1156
1165
1166
1166
1166
1166
1166
1206
1221
1221
1233
1233
1245
1255
1263
1275
1275
1275
1275
1275
1275
1275
1284
1292
1298
1298
1317
1322
1328
1328
1331
1332
1332
1332
1343
1346
1349
1379
1379
1385
1393
1393
1393
1393
1401
1420
1422
1422
1422
1424
1424
1424
1424
1424
1439
1440
1440
1440
1440
1440
1440
1467
1475
1501
1524
1526
1526
1526
1526
1526
1526
1541
1575
1575
1591
1597
1607
1607
1607
1622
1622
1622
1622
1637
1640
1640
1640
1641
1650
1650
1659
1659
1659
1664
1665
1667
1667
1667
1667
1667
1674
1715
1720
1720
1722
1722
1725
1725
1725
1725
1727
1746
1748
1748
1761
1761
1772
1786
1787
1787
1794
1794
1794
1794
1802
1806
1806
1806
1823
1832
1832
1839
1845
1856
1871
1871
1871
1871
1888
1912
1912
1912
1912
1936
1936
1936
1936
1936
1938
1940
1940
1940
1940
1947
1954
1992
1999
2026
2057
2072
2083
2110
2110
2110
2110
2113
2130
2146
2166
2166
2166
2173
2173
2199
2199
2199
2199
2216
2216
2216
2216
2216
2216
2216
2220
2220
2220
2230
2230
2243
2246
2246
2246
2246
2246
2260
2260
2261
2284
2284
2284
2286
2286
2286
2286
2291
2296
2299
2325
2325
2341
2345
2350
2350
2355
2362
2362
2362
2373
2386
2386
2395
2419
2421
2421
2445
2450
2457
2460
2460
2460
2460
2492
2513
2513
2513
2513
2531
2534
2534
2534
2534
2534
2534
2534
2534
2539
2545
2562
2587
2598
2602
2633
2633
2664
2679
2679
2679
2679
2679
2689
2699
2731
2731
2736
2749
2751
2790
2790
2790
2790
2812
2817
2825
2825
2834
2835
2835
2844
2851
2862
2877
2877
2881
2881
2881
2886
2886
2886
2892
2892
2906
2920
2920
2920
2924
2940
2941
2941
2941
2944
2945
2955
2955
2983
2986
2992
