0
0
1
1
1
1
1
1
4
4
6
6
6
6
6
9
10
10
10
10
10
22
23
23
23
23
23
23
29
29
34
49
51
61
70
81
81
81
104
118
118
118
121
121
132
132
147
147
147
150
162
162
162
162
184
196
201
201
201
201
212
212
226
233
245
257
284
298
307
307
314
314
314
344
347
347
347
353
355
359
383
393
393
393
395
397
398
419
419
429
432
432
432
432
445
445
445
445
445
450
450
450
450
450
459
464
464
464
464
464
464
480
480
480
480
480
480
480
480
480
480
481
484
484
484
495
495
495
506
516
516
516
540
545
545
545
545
545
551
551
567
567
567
573
575
575
575
575
587
610
610
610
610
610
617
619
637
645
650
653
665
675
675
675
675
675
675
689
689
689
689
701
704
704
714
714
716
716
720
722
728
744
744
755
757
757
757
757
757
757
757
757
765
772
772
772
778
778
781
781
781
781
781
781
781
794
794
794
794
800
800
800
800
800
800
819
828
828
834
842
843
843
856
864
888
894
903
909
910
910
910
910
923
923
952
957
957
957
957
957
957
957
979
991
991
991
991
991
991
998
1019
1026
1029
1037
1046
1046
1046
1046
1046
1046
1061
1076
1076
1076
1077
1093
1093
1096
1103
1103
1104
1104
1119
1119
1119
1131
1131
1147
1147
1147
1147
1147
1154
1154
1154
1154
1154
1163
1163
1164
1169
1169
1169
1169
1175
1175
1175
1175
1175
1181
1181
1181
1181
1181
1181
1181
1181
1181
1184
1208
1227
1227
1238
1238
1238
1238
1259
1263
1282
1286
1300
1310
1310
1310
1310
1310
1310
1320
1350
1350
1350
1353
1367
1367
1367
1383
1408
1416
1416
1416
1416
1416
1416
1416
1434
1436
1449
1451
1461
1470
1470
1470
1470
1470
1473
1477
1477
1477
1482
1493
1493
1493
1493
1493
1493
1493
1497
1497
1497
1505
1510
1510
1510
1510
1510
1510
1512
1517
1517
1517
1523
1536
1536
1536
1540
1540
1540
1540
1543
1543
1543
1543
1543
1559
1559
1559
1559
1561
1561
1561
1565
1565
1565
1597
1619
1619
1621
1625
1625
1625
1639
1640
1653
1653
1663
1685
1685
1693
1703
1703
1703
1712
1752
1755
1755
1763
1783
1785
1791
1795
1810
1814
1814
1814
1814
1814
1814
1815
1831
1831
1831
1831
1832
1832
1832
1832
1832
1832
1832
1832
1832
1832
1832
1837
1837
1837
1844
1844
1844
1847
1856
1856
1856
1861
1871
1874
1876
1876
1876
1876
1876
1878
1878
1878
1892
1905
1906
1909
1919
1919
1919
1919
1919
1919
1919
1919
1919
1934
1934
1934
1934
1934
1939
1942
1943
1943
1943
1968
1980
1980
1980
