0
0
3
8
8
19
19
19
19
21
24
24
24
24
24
31
31
35
35
35
35
41
41
41
41
41
43
46
46
46
46
46
46
46
46
46
59
66
79
79
85
85
85
85
104
116
118
131
136
141
141
141
141
143
143
158
172
172
172
184
184
184
188
197
214
219
219
219
219
219
219
227
233
237
245
245
253
257
257
258
258
258
263
265
265
265
274
277
277
279
279
279
279
279
283
283
284
292
292
292
292
292
292
292
299
299
299
301
306
314
314
318
318
318
318
321
321
321
321
321
328
331
331
331
331
335
335
335
340
340
349
367
379
379
381
385
385
385
398
404
404
410
421
426
426
439
439
439
439
459
477
477
477
496
496
502
502
505
518
518
518
518
518
518
522
530
532
532
532
532
534
534
534
534
534
534
534
534
534
537
539
542
542
548
549
549
549
556
558
558
558
566
571
573
573
573
573
573
576
576
576
576
587
596
598
607
607
607
607
607
607
607
607
607
617
618
618
618
618
618
623
623
624
624
633
645
649
649
649
659
659
668
672
674
674
681
685
690
690
700
700
701
701
711
722
723
723
729
729
734
737
745
745
745
745
746
746
753
753
763
768
768
768
768
768
768
768
770
770
770
770
770
773
773
776
776
776
776
776
780
781
781
781
781
781
785
792
792
792
792
792
792
799
799
799
805
816
816
824
837
837
837
851
864
864
864
869
869
878
878
880
891
891
891
903
903
903
903
910
920
933
933
933
933
933
942
950
956
956
970
988
993
1008
1008
1008
1013
1013
1020
1036
1037
1037
1041
1043
1046
1059
1064
1069
1069
1069
1073
1073
1090
1092
1098
1099
1099
1099
1100
1104
1108
1108
1108
1108
1108
1114
1114
1114
1114
1119
1125
1125
1125
1125
1125
1127
1138
1138
1138
1138
1138
1138
1138
1138
1138
1138
1138
1142
1142
1142
1144
1152
1152
1152
1165
1166
1167
1175
1188
1188
1188
1188
1188
1189
1194
1197
1203
1203
1210
1213
1213
1213
1213
1213
1225
1239
1239
1239
1239
1241
1248
1252
1264
1266
1269
1279
1279
1284
1284
1284
1284
1284
1289
1295
1295
1295
1300
1306
1306
1314
1314
1315
1315
1315
1319
1319
1334
1334
1336
1345
1345
1345
1345
1345
1345
1345
1345
1352
1352
1358
1358
1365
1365
1370
1370
1370
1370
1370
1370
1370
1378
1381
1381
1381
1381
1388
1388
1388
1388
1388
1399
1404
1408
1408
1413
1420
1420
1420
1434
1449
1451
1463
1467
1468
1468
1468
1468
1478
1478
1489
1501
1501
