0
0
2
2
2
2
2
2
6
6
11
11
11
11
11
12
14
14
14
14
14
25
26
26
26
26
26
26
33
33
39
51
52
59
67
77
77
77
99
112
112
112
117
117
126
126
140
140
140
141
154
154
154
154
172
185
189
189
189
189
199
200
213
217
228
238
264
276
283
283
287
287
287
315
317
317
317
325
325
329
351
358
358
358
361
361
364
384
384
392
395
395
395
395
407
407
407
407
407
412
412
412
412
412
418
424
424
424
424
424
424
437
437
437
437
437
437
437
437
437
437
439
441
441
442
450
450
450
459
469
469
469
489
495
495
495
495
495
501
501
513
513
513
518
521
521
521
521
532
553
553
553
553
553
558
562
577
585
589
592
603
611
611
611
611
611
611
625
625
625
625
636
637
637
648
648
649
649
651
654
662
674
674
686
686
686
686
686
686
686
686
686
693
699
699
700
705
705
710
710
710
710
710
710
710
723
723
723
723
728
728
728
728
728
728
745
753
753
757
765
765
765
774
783
805
810
818
824
825
825
825
825
836
836
863
864
864
864
866
866
866
866
885
897
897
897
897
897
897
900
919
926
931
935
944
944
944
944
944
944
955
970
970
970
971
988
988
990
997
997
998
998
1011
1011
1011
1021
1021
1037
1037
1037
1037
1037
1041
1041
1041
1041
1041
1050
1050
1052
1055
1055
1055
1055
1059
1059
1059
1059
1059
1064
1064
1064
1064
1064
1064
1064
1064
1064
1066
1088
1105
1105
1112
1112
1112
1112
1130
1133
1152
1154
1169
1176
1176
1176
1176
1176
1176
1185
1213
1213
1213
1216
1227
1227
1227
1242
1265
1273
1273
1273
1273
1273
1273
1273
1288
1289
1299
1303
1311
1321
1321
1322
1322
1322
1324
1327
1327
1327
1331
1340
1340
1340
1341
1341
1341
1341
1344
1344
1344
1350
1355
1355
1355
1355
1355
1355
1356
1361
1361
1361
1366
1377
1377
1377
1382
1382
1382
1382
1385
1385
1385
1385
1385
1397
1397
1397
1397
1397
1398
1398
1402
1402
1402
1433
1451
1451
1452
1456
1456
1456
1469
1470
1479
1479
1487
1506
1506
1513
1522
1522
1522
1532
1567
1570
1570
1579
1594
1596
1601
1606
1619
1623
1623
1623
1623
1623
1623
1624
1640
1640
1640
1640
1641
1641
1641
1641
1641
1641
1641
1641
1641
1644
1644
1649
1649
1649
1654
1654
1654
1655
1665
1665
1665
1668
1680
1683
1683
1683
1683
1683
1683
1685
1685
1685
1701
1710
1710
1714
1723
1723
1723
1723
1723
1723
1723
1723
1723
1736
1736
1736
1736
1736
1738
1742
1742
1742
1742
1765
1774
1774
1774
