0
0
1
23
39
51
66
82
82
82
82
82
82
104
104
104
116
118
152
159
170
174
195
204
204
204
207
207
207
221
225
229
245
245
245
245
254
272
272
272
274
274
274
297
297
304
304
304
313
313
313
313
313
313
313
313
317
320
325
325
346
346
346
350
353
353
353
366
370
399
415
415
419
419
419
419
419
443
458
458
458
458
473
477
477
477
477
482
482
489
494
494
494
494
494
494
498
512
529
548
560
576
576
576
577
577
577
616
616
616
627
627
655
678
679
679
684
698
701
701
701
701
702
719
719
730
757
757
757
757
757
761
761
761
774
774
782
795
795
795
804
804
804
804
804
804
804
804
804
810
814
814
814
814
835
836
836
838
838
844
849
863
876
888
907
910
914
914
914
914
914
922
948
950
958
963
976
987
987
992
995
998
998
1000
1000
1000
1000
1000
1002
1002
1007
1007
1023
1030
1039
1048
1051
1051
1051
1051
1051
1088
1102
1102
1112
1112
1120
1132
1139
1147
1147
1147
1147
1147
1147
1147
1154
1160
1167
1167
1186
1189
1195
1195
1197
1201
1201
1201
1212
1214
1217
1242
1242
1248
1256
1256
1256
1256
1263
1278
1282
1282
1282
1283
1283
1283
1283
1283
1297
1299
1299
1299
1299
1299
1299
1324
1332
1355
1374
1377
1377
1378
1378
1378
1378
1392
1421
1421
1436
1442
1450
1450
1450
1463
1463
1463
1463
1478
1479
1479
1479
1479
1488
1488
1497
1497
1497
1500
1503
1504
1504
1504
1504
1504
1510
1548
1553
1553
1555
1555
1557
1557
1557
1557
1558
1576
1578
1578
1589
1589
1597
1612
1613
1613
1620
1620
1620
1620
1624
1628
1628
1628
1644
1653
1653
1660
1666
1675
1689
1689
1689
1689
1705
1727
1727
1727
1727
1748
1748
1748
1748
1748
1750
1751
1751
1751
1751
1756
1762
1797
1804
1828
1855
1869
1878
1903
1903
1903
1903
1907
1922
1935
1953
1953
1953
1960
1960
1982
1982
1982
1982
1997
1997
1997
1997
1997
1997
1997
2001
2001
2001
2011
2011
2023
2025
2025
2025
2025
2025
2036
2037
2037
2058
2058
2058
2059
2059
2059
2059
2062
2069
2073
2094
2094
2108
2112
2116
2116
2121
2128
2128
2128
2139
2149
2149
2158
2179
2180
2181
2203
2207
2213
2216
2216
2216
2216
2245
2264
2264
2264
2264
2279
2282
2282
2282
2282
2282
2282
2282
2282
2286
2294
2307
2330
2340
2345
2371
2372
2400
2415
2415
2415
2415
2415
2423
2432
2460
2460
2465
2477
2479
2516
2516
2516
2516
2537
2542
2548
2548
2555
2556
2556
2563
2569
2579
2592
2592
2596
2596
2596
2600
2600
2600
2605
2605
2618
2630
2630
2630
2633
2648
2649
2649
2650
2652
2653
2661
2661
2685
2691
2695
