0
3
10
23
38
44
57
67
67
67
67
67
67
88
88
88
101
107
135
142
147
155
174
180
180
180
185
185
189
201
205
207
219
219
219
219
232
245
245
245
251
251
254
271
277
282
282
283
292
292
292
295
295
299
299
302
307
308
310
313
334
334
334
339
342
342
345
354
361
383
397
397
398
402
402
403
403
426
438
438
438
440
454
456
456
458
459
463
463
469
475
477
477
477
478
482
490
501
512
528
537
550
550
550
557
557
563
592
592
592
602
602
628
644
646
646
654
666
668
668
669
670
674
686
688
697
714
714
714
714
718
724
724
724
737
740
748
763
763
765
775
778
778
778
778
783
783
783
783
792
795
795
795
795
815
817
817
823
823
829
834
844
856
862
876
880
883
886
886
886
886
899
919
919
929
933
943
953
953
957
957
963
963
968
968
968
968
970
974
978
984
984
996
1003
1010
1016
1019
1019
1026
1026
1029
1059
1069
1069
1081
1081
1092
1102
1108
1115
1115
1119
1119
1119
1123
1123
1132
1137
1143
1143
1161
1164
1168
1168
1175
1183
1183
1183
1196
1200
1203
1225
1226
1231
1237
1239
1239
1239
1250
1261
1264
1264
1265
1270
1271
1271
1271
1271
1286
1288
1288
1288
1290
1290
1290
1314
1319
1338
1352
1356
1356
1363
1363
1363
1363
1378
1401
1401
1416
1422
1428
1432
1432
1446
1446
1446
1446
1460
1462
1463
1463
1468
1475
1476
1488
1491
1491
1497
1502
1506
1506
1509
1509
1509
1517
1548
1551
1551
1556
1556
1563
1563
1563
1563
1567
1582
1584
1584
1597
1597
1607
1619
1621
1621
1631
1631
1631
1631
1639
1646
1646
1646
1662
1668
1668
1678
1682
1689
1701
1701
1701
1701
1719
1737
1737
1737
1741
1758
1758
1759
1759
1759
1763
1764
1764
1764
1767
1772
1776
1803
1809
1827
1848
1859
1871
1889
1889
1889
1889
1898
1909
1917
1934
1934
1936
1944
1944
1965
1965
1965
1965
1981
1981
1982
1982
1982
1983
1984
1993
1996
2000
2010
2010
2022
2022
2022
2025
2025
2025
2038
2038
2040
2055
2057
2057
2063
2063
2069
2069
2079
2082
2086
2104
2105
2120
2124
2126
2126
2130
2137
2137
2137
2149
2156
2156
2169
2185
2185
2192
2206
2209
2220
2223
2223
2223
2223
2250
2263
2263
2263
2263
2280
2285
2285
2286
2287
2287
2287
2289
2291
2298
2304
2318
2332
2340
2345
2365
2367
2386
2398
2398
2398
2398
2400
2409
2416
2436
2436
2443
2453
2457
2486
2490
2490
2490
2509
2512
2517
2517
2528
2530
2531
2540
2546
2551
2560
2560
2568
2568
2568
2574
2574
2574
2583
2583
2595
2605
2605
2607
2615
2626
2626
2626
2633
2635
2636
2643
2649
2670
2672
2676
