1
57201834
57201884
56977761
57057973
57061919
57050667
57110103
57130242
57067767
57159807
56976739
56868442
57267032
57146964
57045980
57110831
57207673
57096310
56807167
56938298
56957010
57048249
57052248
56877421
57124518
56981184
57022592
57241510
57077145
56951416
56952430
57245516
56935747
57259961
57066856
57252847
56938124
56980187
57132575
56956725
57102044
57045175
56960567
57098161
57088670
56814726
57015509
57038013
57018091
57133375
56983445
56895439
56983120
56891945
57090739
56933931
56959525
56890022
57074616
57284273
56909918
56851258
56970852
56829857
56954254
57166605
57034490
57186521
57077188
57099573
56957247
57246325
57072670
56987244
56775534
57188640
56791931
57084391
57177388
56876834
57191110
57061036
56943996
57050922
57144978
57316809
57022813
56866305
57162431
57142696
56940513
57198616
57010257
56783407
56733752
57187028
57015073
57449290
57033876
57054377
57075629
57024158
56941017
56956965
57019336
57088116
57065597
57081376
57039615
57061225
56735466
56976218
57016486
56884974
57061936
57389372
56991379
57123153
57067314
57013963
57080343
57165331
56886628
56951764
56961213
56862789
57074197
57254853
57086372
57405168
56868679
57167599
56861879
57060148
56995095
57224714
57182468
57007154
57220783
57111950
57149165
57103172
57343820
57098831
56996404
57162496
56640536
57090209
56787726
56887633
57196929
57096703
57284298
56992373
57055554
57179987
57191799
57102271
57071716
56690012
57029763
57169901
56829924
57081351
57204350
56669826
57207140
56934495
57147351
57119145
57155373
56929111
57141032
57018716
56816016
57128416
56945121
56854628
57157126
57057900
57106124
57068122
57212463
57207323
57118306
57087143
57206285
57253893
57211305
57076773
56940431
57105705
57123594
57039942
57122490
57170163
57323894
56891314
57245889
57004936
57023736
57071552
56986056
56979176
56837470
56808941
56908606
57242788
56976049
57295504
57194301
56863022
57031116
56802472
57196959
57024467
57161163
57050235
57022804
57135197
56894583
57053336
57177298
57150216
57091643
57032780
56836223
57082403
56975253
57239521
56920409
57072944
56960709
56945628
57306609
57070348
57151258
57060002
57278035
56814582
57132482
57075595
56979548
56987800
56998465
57084696
57012081
56844925
56881912
57256359
57048424
57149142
57187343
57048073
57191716
57124831
57057829
57266831
57077426
57295379
57217034
57023478
57099205
57256011
57141026
57182381
57057805
57229461
57146904
56992933
57147535
56913045
57108224
57201424
57062084
57239005
57118935
57136527
57097371
57302777
57119951
57247683
57242996
57070087
56954142
57055095
57057545
57039637
56985670
57180208
56780956
56926592
56895709
57091088
56824284
56833269
57174166
57105014
56982117
56801687
56649577
57027539
57098911
56792856
56930463
56979644
56887461
56982520
57350723
57077156
57179737
57027673
56808153
56825684
57067131
56943721
57153252
56795044
56951214
57060170
56902767
56984493
57069213
56720369
56771231
57032459
57018435
56865550
57060882
56855491
56965895
57101307
56915648
57120529
56908453
57343278
57050315
57220077
57060540
56925220
56982791
56846529
56826356
57002500
57137490
57074031
57273097
57153090
57051419
57144203
57215222
57029759
57112353
57022248
57149490
56984257
57017493
57009330
57295879
56975081
57272672
56800335
56974347
57021703
57208196
57068186
56885178
57132597
57258266
57112250
56772488
57229303
57070783
57175367
57306315
57122599
57266718
57180978
57107677
57295773
57119138
56959043
57132029
56970078
57233235
57088214
57164498
56895245
57144090
57129287
57178871
57207029
56907312
56991510
56942634
57200327
56772205
57145766
57118461
57085887
57094310
56825006
57024191
56974109
57043206
57013742
56955843
57089433
57431960
57158821
56834376
57140598
57207887
57347477
57149469
57194605
57222619
57130576
57079166
56956678
56928989
56889778
57237494
57040452
57200903
56922108
56989444
57071939
56955287
57024318
57176516
57378355
57141926
57138517
56878946
57133729
57181080
57274538
56755860
57137419
57283778
57185599
57113550
56995177
57056678
56858781
57065681
57173555
57039447
56944892
57008465
57096563
56845497
57081499
57168791
57040850
56950538
57206107
56980895
56940641
57028978
57302099
57099881
56996841
57079356
56822474
57030279
57160146
57023272
57122032
56936245
57148781
57154328
57014009
56977387
56959292
57291156
57035487
57143959
57038352
56901647
57058090
56945479
57034290
57231006
56749154
56940504
56704689
57071105
57087167
56935048
57115866
56981575
57276796
57085525
56878653
56873963
57027761
57144281
56952423
