1
162238013
160733526
161118079
162749497
163980694
164081795
163415952
162820478
161610945
163031241
160413813
161373861
161913069
163503157
162016098
162279803
163583959
160958861
163465380
163264978
161297519
162260413
161433634
163132508
163342241
162810612
162832286
163427339
159298465
161295821
164634375
162584489
165214779
162738499
161010666
161249165
163657146
163174365
163249224
161730902
161917587
161749610
160900562
163091837
162610721
161307575
162118624
162584162
161707361
162316285
161990813
164075499
164131353
162421287
161948741
159957597
163434273
161895703
162058074
162234633
163212286
162071210
161600605
161207813
161841673
162460205
162279974
162376003
162705643
161277243
161462480
160597766
162229780
160411008
161841607
162845180
161956461
162939909
161060961
162318009
161248593
162255240
161682252
163088885
161483803
163871006
159846025
161593478
161618645
163670743
160750721
163395999
162771809
160796327
164084225
161449853
160709452
162479148
162808334
162562308
161726619
162123812
161873413
163474723
161508189
160219766
162640544
162709154
160837138
163156613
161801003
161485583
162906026
158438644
160443888
161143916
161386302
163955352
162134323
161374104
163206335
162222508
162856013
162200692
160530536
160812139
159080603
163606007
162481763
162644253
162254657
163648852
160790400
161932602
163326730
160235625
162752760
162327861
161724470
163707417
162171418
159780978
162501507
162446541
161724373
161124374
164761824
161697646
162052074
160840134
160893285
162822711
162668017
163004404
161828274
162401255
161691656
161802383
161357489
160804943
161610634
160395649
159832593
163558594
162451390
161765578
161107349
163219910
161617540
162243525
163232536
160807583
163025265
163599261
162135521
163696960
163847651
161928465
162639229
162667589
159520432
163014825
161891073
160292002
162971398
159990908
163615408
161202923
161490245
162996263
159939353
162581664
161575372
163092347
164031073
161589757
163109345
162839674
161728185
161527918
160767426
160472659
162698751
162682315
163168046
164163223
162091580
161178081
161875107
161757147
164336744
162003518
161780409
164364342
163371708
162198202
161964301
162652961
163807715
161340831
162345812
162249988
163307348
161229416
159470920
162257505
162450482
161995801
161627188
161963138
162255691
162692071
163204958
164063546
161458498
162968612
162523406
161940169
161510566
161947973
161579322
162212934
161818586
161621239
161292072
161924526
163409635
161257900
162753725
161533602
162682829
163480016
162224682
161707728
161883869
160995883
162232727
159774780
160704314
160634165
161644743
161845017
162079886
163195211
160084958
163035883
162104582
162171216
162556900
162647750
161368156
161355738
162701332
161930699
163499519
162452632
160712611
162776053
160551786
162012496
162382997
162440238
161283042
162912556
161881805
161032992
163090463
161450918
160959262
161316268
162246136
160384664
163226224
161100570
162341953
162025627
161014720
162127485
162848915
160929821
162537407
162723612
161009149
161987772
162131452
161590834
162357908
164778638
162719796
163698091
161409133
162875775
162269563
163550051
163776804
161295202
163219779
161200198
161652245
163676404
162378947
162821109
162543877
162562199
161790257
160758410
161920478
163261678
160063671
163325115
161375912
160032210
162135047
161702412
160871348
161363619
163300747
162451252
163958591
164115843
160532861
162829275
161961775
160288264
162248202
162672876
161367050
161918793
162761798
162534506
161825531
161380323
161491422
161322970
162023917
161512024
160049110
161805691
161738459
162283966
163074079
161290615
162992430
162175188
161532195
162831147
161646270
161715925
162251996
160807674
159994820
163859557
162994751
160363941
163010308
161718266
162152297
163107153
162893144
161589343
162778290
161931056
161389955
159631875
161742479
160937860
162358264
161539384
162471221
163682935
162741939
162488574
161851014
163942981
162380243
162312447
163433659
163012399
162296537
160375108
163643850
163682016
162429091
162871255
162252198
163563717
163324972
161410821
162949565
160453056
164364632
161916019
162748779
161088506
160059826
162754840
163266082
161532942
159872232
162341269
160744292
162064028
162195160
162965230
160532006
161443539
161581459
160430126
160514948
162816777
162663697
161829916
162213514
163142506
163438064
161568113
160649759
159654174
162715903
160212189
163510989
163076961
161421958
162984692
163093214
161975695
159224927
163870554
160758060
161817595
162725235
162210551
162385787
164844955
163067159
162185823
162160968
162418995
163940600
162003827
159423482
163042288
162582343
160820321
163709779
160525170
162496662
159883031
161958120
162195346
164418969
160758930
162508027
162586962
163246537
161765302
161390321
162271049
161429353
161355445
163353578
161769735
162460229
162183408
160984396
161770075
161989813
163378057
161479929
160737316
161862868
162493052
163126491
163005435
160870699
161760203
161187904
160636709
161474450
163760324
