0
663
1367
2021
2615
3230
3905
4534
5145
5769
6387
7004
7629
8256
8871
9521
10158
10751
11392
12053
12703
13343
13937
14610
15284
15908
16519
17097
17709
18311
18960
19553
20171
20767
21426
22117
22702
23288
23862
24525
25124
25703
26321
26914
27522
28126
28732
29435
29993
30598
31238
31876
32497
33114
33778
34358
34955
35565
36248
36900
37469
38022
38599
39210
39792
40441
41047
41660
42316
42933
43540
44149
44723
45323
45931
46504
47159
47767
48362
48945
49503
50155
50732
51339
51932
52571
53180
53789
54454
55052
55660
56325
56937
57538
58163
58816
59378
59968
60640
61252
61918
62502
63156
63787
64399
65023
65655
66286
66863
67542
68237
68877
69470
70114
70793
71448
72072
72710
73354
73966
74578
75189
75732
76352
76943
77552
78232
78845
79485
80068
80713
81374
81980
82597
83163
83791
84443
85066
85705
86359
86974
87633
88227
88854
89532
90156
90773
91404
92027
92595
93233
93870
94502
95091
95674
96281
96928
97540
98191
98861
99503
100041
100738
101365
102018
102679
103271
103853
104402
104986
105626
106243
106771
107417
108034
108649
109219
109896
110480
111137
111770
112403
113079
113684
114335
115005
115695
116325
116904
117549
118119
118754
119369
120041
120632
121242
121820
122478
123139
123761
124378
124984
125633
126253
126920
127577
128095
128670
129264
129861
130485
131152
131772
132357
133009
133681
134323
134903
135555
136175
136791
137373
137993
138611
139220
139880
140467
141126
141744
142359
143067
143640
144267
144877
145491
146112
146732
147344
147982
148556
149208
149825
150483
151105
151760
152406
153061
153696
154288
154922
155560
156153
156781
157459
158068
158671
159293
159905
160534
161158
161768
162383
162959
163609
164228
164839
165402
166027
166611
167241
167900
168549
169174
169809
170435
171063
171704
172343
172976
173612
174245
174857
175447
176079
176674
177314
177937
178544
179193
179832
180484
181080
181691
182318
182944
183570
184145
184739
185390
185976
186568
187171
187798
188407
189032
189701
190343
190958
191572
192204
192805
193456
194112
194647
195280
195787
196403
197021
197639
198293
198892
199494
200119
200778
201414
202040
202640
203328
203955
204597
205221
205848
206431
206988
207612
208217
208872
209509
210079
210661
211317
211998
212621
213207
213820
214418
215025
215690
216277
216911
217539
218108
218711
219330
219905
220577
221163
221840
222431
223021
223614
224226
224829
225488
226070
226749
227347
227920
228546
229172
229831
230403
230998
231662
232314
232922
233443
234050
234648
235240
235854
236518
237115
237747
238385
238994
239680
240308
240933
241539
242159
242801
243436
244044
244632
245209
245894
246543
247150
247735
248409
248997
249583
250211
250818
251467
252066
252670
253281
253875
254484
255125
255729
256327
256923
257524
258112
258717
259315
259940
260540
261166
261740
262342
262983
263602
264215
264794
265382
265992
266630
267235
267865
268478
269137
269683
270285
270888
271476
272068
272703
273350
273891
274501
275113
275703
276306
276951
277613
278224
278864
279511
280063
280681
281302
281905
282529
283164
283720
284426
285042
285642
286261
286923
287560
288177
288839
289470
290080
290666
291248
291890
292465
293071
293724
294398
295030
295656
296285
296934
297580
298186
298790
299401
299986
300615
301268
301857
302484
303075
303727
304315
305002
305641
306285
306945
307549
308208
308861
309520
310168
