0
0
0
0
0
0
0
0
0
0
0
0
35
35
35
35
35
56
56
56
56
56
56
56
90
108
118
118
118
162
162
162
186
186
186
186
228
228
228
255
259
264
279
279
279
279
284
312
312
312
312
373
382
382
382
389
389
389
389
389
389
389
389
409
418
427
482
514
541
578
611
611
611
611
611
611
632
638
638
638
640
720
742
771
776
815
839
844
844
844
844
844
844
853
861
898
898
898
898
898
926
926
926
926
926
926
948
948
948
948
948
959
959
959
959
959
959
959
959
959
959
959
959
982
982
982
988
996
996
996
996
997
1040
1103
1103
1115
1115
1115
1115
1115
1115
1174
1174
1174
1174
1181
1185
1185
1185
1185
1185
1191
1198
1225
1225
1225
1225
1225
1225
1225
1243
1264
1325
1353
1393
1393
1393
1393
1393
1393
1452
1452
1452
1461
1461
1497
1561
1565
1565
1565
1598
1600
1600
1600
1600
1600
1609
1609
1634
1695
1695
1695
1695
1695
1695
1695
1695
1695
1695
1710
1710
1717
1717
1732
1732
1732
1732
1732
1732
1732
1732
1732
1732
1732
1732
1732
1732
1746
1751
1751
1751
1751
1752
1777
1808
1837
1851
1906
1912
1925
1925
1925
1925
1925
1925
1968
1975
1975
1975
1998
2026
2026
2034
2042
2050
2051
2051
2051
2051
2051
2051
2051
2051
2051
2051
2062
2086
2104
2127
2131
2131
2131
2131
2131
2180
2214
2214
2214
2214
2214
2220
2240
2260
2260
2260
2260
2260
2260
2260
2260
2260
2273
2273
2310
2318
2333
2333
2333
2333
2333
2333
2333
2333
2336
2384
2388
2402
2418
2418
2418
2418
2418
2435
2445
2445
2445
2445
2445
2445
2445
2445
2445
2448
2448
2448
2448
2448
2448
2484
2493
2542
2600
2605
2605
2605
2605
2605
2605
2605
2675
2675
2687
2695
2726
2726
2726
2752
2753
2753
2753
2753
2755
2755
2755
2755
2755
2755
2758
2758
2758
2758
2760
2762
2762
2762
2762
2762
2762
2822
2838
2838
2841
2841
2848
2848
2848
2848
2848
2857
2862
2862
2889
2889
2889
2898
2911
2911
2914
2914
2914
2914
2914
2914
2914
2914
2921
2932
2932
2944
2952
2970
3010
3010
3010
3010
3015
3065
3065
3065
3065
3078
3078
3078
3078
3078
3078
3078
3078
3078
3078
3078
3078
3147
3164
3217
3278
3314
3314
3377
3377
3377
3377
3377
3385
3408
3459
3459
3459
3464
3464
3485
3488
3488
3488
3488
3488
3488
3488
3488
3488
3488
3488
3488
3488
3488
3488
3504
3519
3519
3519
3519
3519
3519
3519
3519
3553
3559
3559
3559
3559
3559
3559
3559
3559
3559
3603
3603
3603
3612
3624
3624
3629
3647
3647
3647
3647
3660
3660
3660
3705
3707
3707
3733
3739
3755
3763
3763
3763
3763
3783
3838
3838
3838
3838
3842
3846
3846
3846
3848
3848
3848
