1
47420064
47119714
47161283
47310132
47264225
47214988
47280398
47090863
47366220
47033740
47132998
47145202
47509205
47471028
47152068
47424601
47002182
47472074
47337912
47149438
47213393
47372562
47141253
47295592
47106882
47041416
47217951
47228840
47334875
46902678
47269777
47211094
47233927
46851859
47393778
47068684
47217967
47013045
47257327
47119159
47206674
47220529
47252045
47352516
47290399
47388097
47062635
47411096
47233155
47479614
47210326
47326800
47134125
47272393
46987114
47110610
47021244
47499686
47191161
47262485
47401517
47417058
46946001
47304550
47287298
47323546
47242424
47272250
47194399
47196136
47214216
47302416
47255490
47049660
47244873
47257040
47299472
47272651
47155436
47165956
47288576
46951310
47226703
47514154
47080812
47182699
47246778
47153831
47482258
47157094
47130172
47303140
47214445
47210970
47153510
47404800
47249638
47360980
47302981
47210584
47111184
47288552
47423605
47334326
47336939
47193252
47009983
47297283
47259146
46980537
47301930
47163704
47395758
47147172
47125523
47155192
47143887
47168086
47512686
47263194
47393838
47401250
46975465
46983076
47112163
47176039
47367962
47216465
46914650
47204226
47390013
47252169
47230452
47440168
47110909
47167869
47277892
47235425
47173657
47254343
47156355
47183251
47528856
47170291
47223934
47078443
46986383
47302083
47424261
47177872
47105364
47199272
46942562
47227077
47273223
47309319
47284600
47130234
47324238
47203993
47309700
47325993
47228234
47333499
47289819
47088460
47263840
47389401
47521830
47302969
47061322
47421671
47463714
47367508
47370423
47145986
47284943
47178969
47333169
47182465
47115409
47490942
47284084
47199559
47182255
46994136
47143083
47363253
47446823
47225520
47351601
47221987
47347667
47339276
47318502
47222588
47446574
47011575
47243747
46880566
47247013
47130294
47417527
47265127
47395717
47219763
47148718
46958972
47363547
46913624
47127275
47179475
47247071
47215524
47083691
47062401
47178680
47170832
47361843
47151892
47102486
47226100
47199417
47295274
47372772
47396009
47292160
47577795
47096154
47345172
47211947
47190903
47152541
46837749
47299942
47179738
47178912
47360616
47162631
47194779
47346841
47462026
47175467
47035225
47216711
47009425
47290075
47133425
47097012
47336621
47223057
47250805
47041983
47031704
47264568
47390001
47026728
47036920
47318217
47217705
47191923
47091215
47068757
47280813
47336881
47234682
47309648
47147279
47214022
47129788
47382375
47071144
47368482
47207764
47258202
47534627
46962184
47165240
47056072
47333648
47227018
47256837
47127351
47525316
46985007
47394956
47040182
47144650
47040138
47258188
47180404
47037405
47269448
47133492
47333364
47029578
47557205
46840176
47230016
47304473
47339309
47150471
47055242
47273486
47241261
47167341
47125266
46958867
47319387
47220646
47065958
47093823
47208140
47288782
47109027
47140157
47202661
47294447
47266941
47164482
46963448
47338239
47210582
47120542
47175842
47527067
47278012
47198211
47189232
47533838
47384380
47130675
47256481
47112555
47277433
47292589
47141414
47337404
47329071
47392910
47067890
47143782
47095521
47003186
47267301
47331206
47219711
47169782
47334536
46934862
47171396
47213480
47145499
47117823
47130337
47025696
47365141
47148467
47072336
47230379
47124431
47029668
47386210
47185936
47289736
47338916
47181769
47061086
47108137
47162239
47261588
47271919
47187752
47297138
47196887
47243363
47133087
47204667
47266022
47150339
47050422
47414881
47142360
47142790
47227782
47179870
47306549
47225238
47480588
47013186
47218638
47161877
47196114
47161140
47390537
47264466
47232581
47082862
47340507
47299442
47366661
47090474
47252353
47308632
47370519
47082577
47311165
47374392
47146960
47121909
47470655
47227692
47238269
47388877
47179347
47110299
47439455
47415553
47025647
47139436
47236361
47074150
47281751
46972662
47414685
47266582
47139200
47199571
47402600
47089277
47261254
47079475
47314407
47224685
47199712
47205332
47287407
47340284
47165127
47303542
47386478
47378105
47167218
47292647
47601778
47227875
47243572
47418227
47093922
47293250
47042291
47205327
47260559
47169571
47234274
47165177
47259221
46926676
47217335
47140066
47183160
47296674
47345706
47124989
47421060
47128533
47186757
47147842
47382433
47162751
47205923
47283533
47521502
47194050
47383105
47095956
47078424
47335688
47164517
47219639
47134856
47210791
47251639
47123179
47472303
47353156
47128550
47015869
47240225
47170850
47220355
47234301
47262520
47295460
47137492
47148447
47343733
47173637
47298786
47328635
