0
0
0
0
0
0
0
0
0
0
0
0
19
19
19
19
19
29
29
29
29
29
29
29
42
52
57
58
58
78
78
78
91
91
91
91
115
115
115
126
132
133
139
139
139
139
139
151
151
151
151
179
184
184
184
188
188
188
188
188
188
188
188
194
199
204
231
246
261
279
296
296
296
296
296
296
307
308
308
309
311
350
358
374
379
402
412
414
414
414
414
414
414
416
420
440
440
440
440
440
451
451
451
451
451
451
460
460
460
460
460
464
464
464
464
464
464
464
464
464
464
464
464
474
474
474
476
480
480
480
480
480
504
532
532
541
541
541
541
541
541
569
569
569
569
569
573
573
573
573
573
573
579
590
590
590
590
590
590
590
601
612
640
656
673
673
673
673
673
673
702
702
702
708
708
723
754
760
760
760
772
775
775
775
775
775
777
778
790
820
820
820
820
820
820
820
820
820
820
824
824
830
830
838
838
838
838
838
838
838
838
838
838
838
838
838
838
844
845
845
845
845
846
859
874
888
899
923
928
936
936
936
936
936
936
955
959
959
959
970
984
984
987
994
998
999
999
999
999
999
999
999
999
999
999
1003
1014
1026
1037
1039
1039
1039
1039
1039
1063
1077
1077
1077
1077
1077
1083
1093
1103
1103
1103
1103
1103
1103
1103
1103
1103
1113
1113
1132
1137
1144
1144
1144
1144
1144
1144
1144
1144
1144
1167
1168
1174
1183
1183
1183
1183
1183
1190
1196
1196
1196
1196
1196
1196
1196
1196
1196
1198
1198
1198
1198
1198
1198
1214
1217
1243
1270
1273
1273
1273
1273
1273
1273
1273
1302
1302
1312
1314
1330
1330
1330
1344
1344
1344
1344
1344
1347
1347
1347
1347
1347
1347
1348
1348
1348
1348
1348
1349
1349
1349
1349
1349
1349
1377
1386
1386
1388
1388
1393
1393
1393
1393
1393
1395
1398
1398
1411
1411
1411
1415
1420
1420
1422
1422
1422
1422
1422
1422
1422
1422
1423
1433
1433
1436
1439
1452
1470
1470
1470
1470
1470
1494
1494
1494
1494
1504
1504
1504
1504
1504
1504
1504
1504
1504
1504
1504
1504
1538
1547
1573
1604
1621
1621
1653
1653
1653
1653
1653
1658
1665
1696
1696
1696
1696
1696
1708
1708
1708
1708
1708
1708
1708
1708
1708
1708
1708
1708
1708
1708
1708
1708
1715
1722
1722
1722
1722
1722
1722
1722
1722
1736
1739
1739
1739
1739
1739
1739
1739
1739
1739
1761
1761
1761
1767
1771
1771
1775
1782
1782
1782
1782
1791
1791
1791
1813
1814
1814
1828
1830
1840
1842
1842
1842
1842
1852
1878
1878
1878
1878
1880
1884
1884
1884
1884
1884
1884
