1
88130258
87926944
87548961
87880197
87598214
87679471
88175448
87917349
87993087
87854893
87748197
87445051
87904112
88336384
88194991
87586339
87345456
88217184
88354175
87693720
87954132
87944534
87872187
88009141
87837362
88063999
88118758
88483966
87842336
88230400
87614351
88013184
88325188
87695603
87902638
87762480
87521626
87318601
87357740
87453457
87966534
87893014
88077243
88185307
88084124
87868764
88053904
87495486
87457857
87628533
87888095
87760035
88400923
87917935
87517754
87253409
88079370
87842589
88114128
87968304
87828133
88096032
87392662
87814745
87976150
87934587
87719387
87969312
88010834
88294179
88199050
87987518
87794122
88069729
87914173
88076914
87863362
87672598
88114651
88070820
87813178
88251390
87703237
88178202
87666618
87794567
87866463
87953846
87839433
88314065
88053724
87793743
87643280
88711325
87625538
87821851
88429230
87836227
87568139
87754782
87898192
87524034
87710776
87838150
87870602
88126419
88106520
88079405
87801716
88196329
87262662
87879370
87894605
87797098
88210930
87773163
87968093
87698930
87751339
88060728
87538808
87574860
87849332
87513028
87860336
88039591
88222161
87832103
87913669
87823137
87455752
87942896
87720088
88000053
87511462
88441007
88098840
87743123
87608543
87865975
88382277
87699192
88124658
87952483
88177673
88271507
88043182
87629893
87816310
88065723
87710672
87516195
87762706
88072007
88304973
87960885
87492007
87499738
87851326
87803758
87346531
87549922
87797537
87880601
88121880
87431383
88375633
88086597
87645400
87845876
87621688
88504509
87724588
87493545
87430595
87258948
87856098
88164925
87462704
88159738
87667459
87975233
88020936
87994505
87650106
88454795
88192265
87882236
87965244
88042953
88124308
88090123
87670620
88144850
87510962
87761607
87562538
87809720
87648285
87885992
88499235
87852300
88108585
87585175
88381447
87990798
87903620
87769539
88017659
87757672
88044357
87692347
88062146
87771859
87896303
87519864
88085757
87823069
88300327
87560307
87712289
87815889
87632595
87824355
87644588
87563652
88103991
87771528
87898729
88490516
87977677
88189099
87789121
87934125
87967695
88037116
87713956
87714136
87129374
88098836
87485444
87208981
87468285
87651180
87469513
88099322
88137940
87737628
87839682
87857338
88235830
88081438
87542293
87609983
87887329
88019517
87901757
88199774
87778825
88081145
87952516
87692418
87517370
87787535
88029490
87863587
87544435
87796472
87810303
88018205
87930650
87604389
88046099
88276984
88018202
87715087
87673579
87968792
87863678
87947951
87978913
87487713
88118260
87593993
87725057
87965826
87671936
88047252
87760265
87520150
87912901
87714754
87792471
88011121
88026902
87535597
87654369
87629715
87847882
88103898
87704901
87907047
88407976
87782641
88073006
87933886
87822536
87050420
87865351
88132051
87937144
87800345
87779127
87536687
87989998
87564759
88466212
87783511
87700653
87711057
87914611
87618866
87891828
87831878
87502067
87662231
87522794
87686310
87505065
88263149
87388409
88114239
87935782
88382680
88030884
87702467
87813424
88429296
88444303
87392497
88393965
87402194
87392857
87692783
87949325
87721613
88671891
88496134
87527398
87865115
87912816
88276652
87686587
88008757
87872030
87900903
87766570
88197251
87941498
87997688
87897658
87870410
87977138
88199438
87871609
87561395
88537317
87991835
88038546
87844002
87422980
87648030
87456977
87764102
88453119
87994883
87937198
87977445
87922770
87989903
87506265
87934335
87677740
88105725
88038773
87773807
87960332
87766127
87940903
87670505
87228654
87893624
88184542
87638676
87840686
87797819
87989419
87801562
87850444
88369275
88259037
88739757
87797116
87883136
87838317
88606583
87952571
87673228
88113422
88089302
87177482
87509403
87763190
87838838
87929191
87735592
87989975
88193054
87710734
87782698
87520533
87630260
87710451
87775626
87686173
86861557
88160139
87484193
87759664
88142793
87915816
87834627
87462406
87501942
88600945
87913603
87792192
88604622
87833577
87497828
87866930
88005778
88045124
87760654
87921805
88120437
87458491
87946167
88119118
88123449
88067580
88004328
87460132
88180602
88224339
87207043
87688937
87498338
87549268
87826170
88267184
87857010
88013662
87760895
87802345
87997019
88068476
87951483
87437794
87643906
87832395
88052142
87495357
87847566
87340916
87855371
87370643
87553201
87841608
88341116
87938528
88116151
87469268
87085596
88251097
87298163
88244684
87878744
88007602
87887574
88107803
87875036
87698478
87567037
87669521
88568459
88037370
87576626
87648683
87888337
