0
17
31
41
60
72
83
88
114
145
172
202
241
264
290
339
357
393
432
443
456
471
495
517
534
569
607
620
658
669
709
735
768
783
802
847
878
887
918
932
947
979
1002
1025
1058
1080
1108
1125
1146
1167
1178
1196
1222
1242
1260
1301
1324
1347
1365
1394
1428
1446
1464
1500
1512
1535
1542
1577
1599
1627
1647
1658
1690
1721
1730
1769
1795
1807
1836
1884
1898
1923
1958
1982
1998
2028
2038
2049
2067
2100
2130
2144
2160
2186
2241
2259
2275
2292
2316
2331
2352
2363
2382
2414
2435
2453
2492
2515
2544
2588
2607
2653
2686
2709
2726
2732
2761
2784
2792
2825
2849
2865
2897
2917
2969
2987
3026
3049
3076
3113
3134
3139
3165
3175
3193
3222
3246
3268
3304
3319
3334
3344
3381
3411
3424
3438
3461
3477
3498
3543
3557
3593
3609
3629
3663
3666
3681
3707
3724
3754
3758
3781
3810
3830
3847
3864
3903
3929
3953
3973
3997
4009
4034
4057
4089
4124
4168
4198
4209
4235
4237
4266
4284
4307
4353
4359
4376
4395
4421
4436
4450
4484
4502
4508
4527
4549
4574
4594
4612
4626
4647
4668
4693
4737
4756
4801
4833
4859
4877
4887
4914
4933
4958
5002
5038
5054
5092
5107
5159
5189
5228
5246
5270
5306
5334
5345
5368
5381
5395
5435
5451
5478
5525
5544
5561
5571
5605
5627
5633
5645
5679
5697
5730
5758
5779
5799
5828
5858
5876
5886
5904
5917
5930
5954
5959
5989
6012
6033
6054
6065
6107
6121
6133
6166
6177
6197
6230
6255
6296
6326
6367
6395
6423
6442
6445
6456
6478
6502
6539
6556
6572
6597
6626
6657
6678
6694
6715
6742
6756
6773
6790
6816
6832
6848
6862
6870
6899
6920
6941
6981
7008
7028
7045
7065
7087
7101
7126
7170
7204
7220
7263
7278
7306
7332
7362
7389
7409
7431
7452
7471
7496
7506
7532
7560
7589
7600
7647
7661
7682
7693
7723
7743
7753
7772
7809
7828
7849
7894
7922
7937
7956
7981
7998
8015
8044
8066
8100
8127
8148
8174
8187
8202
8216
8227
8260
8275
8278
8295
8316
8341
8363
8401
8437
8464
8513
8535
8554
8579
8590
8606
8614
8647
8681
8708
8745
8775
8806
8835
8849
8879
8895
8905
8915
8941
8977
9001
9013
9038
9053
9071
9105
9120
9139
9167
9191
9213
9220
9244
9262
9270
9304
9335
9372
9389
9415
9436
9462
9465
9495
9511
9523
9559
9583
9595
9633
9640
9669
9692
9720
9730
9758
9770
9778
9788
9821
9848
9860
9874
9915
9939
9956
9989
10006
10034
10069
10080
10094
10117
10154
10179
10199
10206
10229
10264
10278
10297
10312
10346
10364
10381
10385
10407
10432
10454
10492
10530
10554
10585
10640
10679
10709
10758
10762
10774
10786
10816
10837
10866
10919
10940
10963
10992
11008
11046
11067
11089
11112
11137
11169
11190
11199
11222
11238
11252
11285
11301
11319
11349
11373
11401
11425
11446
11464
11480
11494
11518
11533
11555
11600
11628
11647
