1
161660958
161359680
159650540
163751936
163173317
161281466
161166409
164019157
161748881
161934114
163241183
161416974
162933285
164293680
162891530
163546713
163910959
162272691
162484147
162899907
159820737
163224192
161995873
160474114
162193668
161321921
162828934
161511309
161683862
163759322
159988350
161729969
161451219
164068712
163860229
160425777
163606951
162879974
161545953
162084623
161747316
160275052
161514796
162339339
163866571
162910906
162909073
162610009
160426889
162908238
163643138
162713371
161965630
164182615
163564262
163213481
161999012
162175804
164390167
161455284
161715853
162423502
162703879
162094717
159593368
161460832
162760784
161758574
162118520
161654292
162081086
162751276
162530387
164277590
161090487
162655435
163051802
161254021
160856028
161548282
162884995
161549143
162975426
161345490
159779534
163088570
162743080
161390621
163004175
161698713
162785112
162587802
162461891
162199234
161823990
160252124
162171055
160078320
160739350
160502504
161391693
161319273
162260441
162475748
161322191
161729355
162853306
161315596
163761146
161977840
161204635
161127990
163101114
162006532
163238777
162764679
161325965
161957387
161540372
161446582
162306486
162163091
161870014
161761811
162775283
161136869
162109649
161893089
161730911
161315521
163328714
159905158
163811693
160676094
162371175
161719569
161841635
162472961
162270328
161731215
161893437
162466025
160919027
162008310
162771949
161496573
161464318
163952395
162575338
164678288
161538747
162129564
163138982
162984814
163324178
161649312
163441006
161387323
161570622
164521147
162113622
163136040
162315164
162338812
162041461
161089947
162295100
162895358
161212574
162616148
161326813
160775574
162521618
160512788
161373041
161088613
162909196
162937708
162623736
164643229
160644296
163264222
160915533
160895160
161561846
163112942
161240898
161492712
162729574
163052424
160995040
161064844
162506851
161326495
161061158
162104151
159651761
162727064
160984426
161615226
163406057
161150607
162646973
163614846
161090013
162671725
161009952
162902362
161357624
161313832
159885117
163020590
163371659
160594062
163052795
160805073
162446477
163281254
161866355
162242514
163405154
161286396
161562866
159796081
160615194
161223548
161647884
162209565
161663886
163915180
162999058
162402123
161955034
163862730
161928726
162558964
162673889
163416741
161903156
161247843
163028426
163318258
163138251
162643781
161894872
162401946
164469584
162021973
162061578
161093181
162760797
163515329
162634930
162334211
160998790
162030617
162594786
162680420
159644536
163075746
160874689
161208925
161671953
161905298
161897612
162428433
159972638
161922703
159535656
162503514
163272254
162171998
163233108
162942683
162978348
161921838
161286114
159301861
161703798
161924583
162687863
162887720
161878317
162527186
162629769
162136593
159643994
163284685
160413268
162788197
161789927
163668010
160881040
164393856
162969376
162481486
163352209
161829375
162858317
161635630
161165041
161833523
163427558
160984279
163422454
161584132
161903904
159382277
162722345
161570683
164630329
160971658
161600355
163208058
162488382
161430011
161230251
162909265
160837684
161017946
163484054
161888668
161805942
162709287
160789094
160884875
162318974
161548775
163369455
160292159
162652598
161570870
162985684
163155552
161155985
161487707
161208770
160753597
160403889
163035607
163997031
161763982
162222054
161732392
163283157
162603445
162428636
161898123
163270120
162476167
162400250
160362459
162707944
162617572
161477680
161078666
160930757
161779223
163005660
161354252
161388518
162683516
161729515
162684918
161676955
161792954
163400807
163348048
162043912
161890804
161897586
162862513
164101430
159465530
161425892
161981341
159935259
161933303
160358865
160825243
162506800
163150154
164338020
163769103
162486267
161175215
163629424
159948602
161034433
162046580
163696907
161304476
162558582
163111032
162054023
163069155
163327444
160881636
162477832
161336088
162593308
163731629
162595029
162982536
163406340
159437082
160712536
164740104
161927249
165287351
162760283
161628200
161159702
163407564
162839284
163553808
162080833
160936316
162105286
160875278
162623991
163157162
161223622
162513682
162133478
160893073
162357262
161719975
163888945
164606526
162192840
161751546
160020985
162754840
162297531
162517553
162361219
163482965
161496478
161491525
161289943
161758307
162561836
161359846
163565716
162888041
161296367
161354021
160946531
161606633
160543072
162304800
162753444
161753548
162741597
161031914
162599457
160788581
162652878
161327415
163181436
161943121
163243919
160796014
160975780
161883639
163044500
161310639
163409268
162952001
160395483
164446782
161786366
160919953
161611974
163728828
162298964
162277365
161432943
161832570
163592175
161903636
160255145
162395550
163110497
160358244
163105495
162238494
160693284
163463585
158492801
159652781
161356695
161749236
163362447
162589874
161208420
163630727
162381001
163280179
