1
72496770
72882803
72470662
72583020
72702860
72984673
72559088
72720150
72967729
73340771
73259040
72928021
73286633
72865545
72707241
72579129
72777781
72823061
73046569
72739052
72482986
72804030
72919230
72609330
72761199
72687708
72598452
72895119
72534565
72871600
72954953
72501384
72782966
72890999
72551715
73100638
72775446
72819400
72887505
73122547
72714698
72850803
72977484
72764421
72954127
72815991
72816478
72983402
72731983
72983656
72909092
72924910
73094380
72822824
72738427
72786605
72891128
72911707
72798346
72820115
72947699
73284652
73073696
72934962
72794697
72769313
73050423
72860464
72941018
72759409
72574580
72670016
72786939
72901749
72820927
73051267
72719842
73083767
72227340
72643861
72815483
72945652
72977727
72823139
73022272
72846832
72611091
72686663
72661070
72689178
72861612
72942855
72754936
72823449
72754237
72897122
73138738
73072694
72650091
72616824
72887840
73025752
72982913
73134352
73142626
72775568
72432434
72738222
72739607
72766071
72896387
72959987
73086014
72989614
72986144
73141366
72759699
72853906
73018647
72801808
72730892
72618096
73038598
73078266
72732373
72811309
72897940
73261661
72772401
73241194
72646729
73194328
73194007
72414991
72933076
73003683
72670358
72871896
72663520
72694926
73060615
72740743
72533604
73164780
72613980
72780397
72935903
72932217
72860842
72949225
72720449
72981494
72667863
72780466
72701475
72598656
73268516
72692130
72787912
72883158
72963613
72754725
72637046
72956682
73072118
73179873
73050316
72992439
72764281
72886896
72898708
72593938
72574403
72521478
73069194
72809327
72510056
72980828
72555274
72805036
73015933
72813966
72593313
72913485
72747303
72923840
72781486
72861460
72540865
72481169
72713451
72816793
72980541
72797266
72510689
72941718
72884509
72673215
72609050
72819203
73320087
73035060
72596275
72597043
72886663
72934892
72917267
72338971
72667911
72854803
72855983
72846103
73097886
72720308
72652636
72773412
72732167
72717291
72835806
73016471
72921499
72880490
73008498
73186717
72886412
73128438
72966031
72688104
73023582
73298865
72654676
72766780
72746070
73092568
73182679
73195696
72971997
73035065
72939641
72762105
72940515
72976841
72739266
73019472
72982072
72884360
73101044
72756364
72529506
72891496
73122551
73012601
72869872
72718820
73066504
72918954
73050991
72686840
72627199
72850732
73146852
72776049
72522100
73091489
72844987
72756649
72939692
73146156
72715404
72722298
72750011
72586505
73369128
72911471
72572756
73020496
72814868
72670448
72830917
72955062
72733776
72498783
72723330
72756250
73009252
72868742
72492804
72470743
72338921
73168255
72739081
72367877
72720939
72584236
72982773
72803270
72858319
72968368
72806044
73141673
72793480
72990255
72686121
72583084
72916519
72748503
73097363
72945513
72936619
72503760
73018680
72579424
72877096
72685501
72975092
73128165
73102848
72837317
72713271
72953744
72570037
72677675
72632732
72914292
72604273
72739684
72987088
73000099
72896883
72853312
72697299
73063829
72802358
72722820
73372170
72940478
72842425
72794751
72912560
72480291
72886491
72894168
72614375
72848460
73019294
72654853
72665477
72764030
72577306
72981681
73171893
72691249
72920399
72932077
72764797
72629973
73054549
72988320
72921639
72965707
73022455
73351971
73260413
72876452
72307225
72881055
72625990
72848972
72805302
72911374
72593279
73200825
72806959
72915527
73091805
73140184
73221733
72797762
72581922
72991811
72872818
72655541
72627751
72672333
73025031
72592352
72436410
72732839
72980201
73153984
73133794
73034515
73281282
72707118
72905784
72724661
72920770
72810388
72490355
72834685
73163656
72996835
72468686
72995320
72872968
72730234
72894365
72588472
73032469
72457764
72694732
72946011
73008334
72822977
72512191
72854058
72965994
72855580
73185835
72433725
73191567
72768840
72934383
72878745
73189514
72788133
73031268
72792683
72943021
72876542
72720613
72973742
72719686
73045425
73007368
73085294
72936205
72898784
73017719
72760950
73072426
73041967
72691933
72967227
72326754
73196684
72492178
72897671
72823389
72933231
72875179
72712521
72965180
72542414
72951532
72488885
72782923
72798068
72940515
72938959
72955276
72848341
72940351
72519064
72687317
72705173
72590568
72710752
73008270
72868085
72829351
72953232
72743786
73203974
72998787
72670455
73002340
72757906
73110000
72713258
72890770
73029416
72692412
72771663
72964510
73099700
72858604
72792733
73275797
73057743
72857352
72845589
72644053
73100821
72588980
72968062
72919450
72819791
72450018
72904312
