1
171123670
169595795
170726581
170644597
172165656
169751408
172223360
170757170
171498946
170723873
170664303
168796349
170382128
168821671
171724719
172389122
170136717
172369902
170990016
171695491
172308659
168206522
170925770
169217361
170302020
169933388
169361641
170608892
168307373
169078053
168290887
170071606
169511120
172229343
171809528
170298036
169811556
171054574
169032133
170490922
172412763
170329925
171129419
170316560
171285276
171179326
170599040
170655628
169250304
170308063
173055263
171375259
169957009
168913015
170480938
171721786
169706650
170163592
169565502
172383891
169897876
169560493
169934162
169118825
168573749
169907994
171458278
170362784
168679537
171049487
172361931
169486093
170308589
169448909
167657690
170532851
172302522
169557473
169959036
171422484
170098395
169976814
170561053
168874853
171299933
171027582
169873097
171195075
170682780
168271576
170199518
170556026
169835316
171897410
169733679
170223518
172008141
170480182
170782165
171681355
170782832
171100429
170690944
169997856
170239082
172264079
171006237
170824834
169424431
171876493
171178990
172141243
168478975
171726732
172534058
169900566
170933476
170485521
171756438
170366091
170881096
170713783
170262158
171730986
171820659
169178079
171822535
169889985
168995620
172017149
169889914
170008722
169718256
171249964
170331474
170330271
172152663
168350985
170361569
171632073
170378163
172325561
168676349
170351936
170797815
171130352
171657566
171473272
172296320
170784020
168698298
170429537
170332490
170924873
169610769
169837131
170686185
168830352
169391025
170085018
170959690
168796894
171981967
170129262
170693837
169091584
170046812
169979062
172041297
171336274
171783684
170539802
170281503
170810703
169927098
171525350
169620098
171072004
170626490
169628255
170155413
169012281
170629494
170173075
170327722
171820315
170548033
169368329
170471236
172200270
168995164
168609134
170033966
171970534
172095994
168887841
170353345
170989991
171516059
167808263
170632240
170647337
168724205
171528971
172165967
170309906
167945008
170901353
171165404
171970177
170202332
171431212
169644107
171543707
171453178
170098579
170029658
171521298
169370321
170408580
170184171
170171028
169863737
171024659
172029823
169977198
170389779
170777574
172816556
169368766
169909716
171789831
172466308
170713041
169968708
170248767
171506297
170581326
171938902
169909255
170948178
169388930
170055960
170636240
170487596
170177972
170561462
171252872
171160007
169644787
169835585
171783694
169751154
171029562
171662990
169049626
170995659
170507231
169317651
170406568
170926813
169507206
170024454
170612559
170061073
170891135
169920573
169609056
170445916
170386182
170755636
169030396
167399014
171262024
171704780
171307816
170255195
170837520
169716208
172401949
171434082
168469118
168720507
170530842
170259185
169340541
170175966
170339922
168422278
169664474
170216778
170581919
171675513
170316503
170074473
171649211
168594613
170585757
171048976
171634496
171162275
170561043
169130134
171288329
170605849
167968947
169152064
169142538
169673195
169633724
170616658
170676702
170769470
169735259
171630991
169139194
170271967
169919251
168944032
170359470
170149009
170019804
169915058
169591308
169610400
169571589
170054496
170069899
168749609
172096605
170342587
169936863
168784855
170273679
168551731
172000045
172936835
168958510
168490015
170912122
169235844
170304213
170440002
170930847
172160309
169948216
171398446
171492641
170350090
171319801
171102079
168022048
170952433
169828061
169347933
171076817
171784469
171444451
170025764
169926448
169753271
168392405
171639442
170075470
171591082
171672547
168080405
170191186
171266793
171000329
172270148
171195756
170715596
172755468
172303236
171485265
171401638
170821684
169582008
169768096
169461256
171520361
171532320
172149688
169244489
170283142
170601324
171660278
170385730
170431469
170124418
171857630
170123027
169983596
170569222
171418117
170074740
169323274
170272355
170166105
171500336
171381922
170501337
170494801
170248253
170010218
170423165
171060248
171173117
170345510
169965445
170323732
169494500
170908220
169151826
170314672
169158434
169552125
171578540
170934437
168916348
168739463
170078878
170735927
170198916
170988121
172592095
168446608
171785232
170597770
171072021
170243987
171336533
170723752
170998166
170509566
168635276
171856744
169418864
170883582
170333061
170543284
169379133
170538558
168673653
170087933
169885975
170756732
168131919
169581705
172283383
169914263
169958517
172043085
168891635
169689832
169650927
169691951
171112795
169044976
171146899
172599429
169720439
170774289
169781428
168213844
169730525
170669903
170028898
170715547
170444410
171912469
169655451
170154020
173369948
169993381
169047925
171975702
171919330
167491898
171125904
169703743
168836009
171858859
171872798
170657898
170031748
171913212
169346458
171004460
172301710
170356953
169560677
169626261
168477105
168653319
170381524
171139077
171627200
172495248
