1
56437824
56408671
56333063
56783963
56303436
56428618
56365740
56624909
56593137
56706854
56553940
56386706
56285304
56423088
56510773
56829026
56324273
56406514
56512760
56329122
56360161
56250754
56481370
56514039
56615585
56558837
56633268
56645664
56213121
56539914
56260522
56332304
56418115
56431159
56627333
56471406
56693316
55884301
56564267
56510433
56531193
56470560
56455061
56471125
56564290
56066523
56500991
56510654
56415314
56193919
56395244
56623959
56427039
56618003
56216290
56735300
56589356
56542275
56312457
56370455
56538377
56535461
56421891
56344084
56397350
56426270
56499641
56398480
56356440
56439298
56455600
56401850
56418983
56565240
56415549
56426188
56438909
56328612
56649374
56359158
56473966
56553542
56575892
56434360
56575656
56514506
56194193
56427340
56191883
56402681
56409537
56448943
56095904
56471021
56503498
56521224
56521851
56345905
56313899
56281432
56414597
56384665
56197863
56554645
56412047
56474503
56403935
56504617
56658229
56321425
56326294
56221554
56476831
56572990
56416084
56307896
56313779
56312984
56489676
56337314
56743072
56570877
56440308
56531704
56554704
56367213
56666717
56471830
56411757
56402784
56399324
56587952
56227312
56263553
56668418
56448239
56417041
56599340
56619649
56449807
56453874
56726650
56707063
56252195
56191620
56290627
56528926
56674532
56665470
56532760
56232534
56143213
56607567
56302930
56423900
56445617
56140169
56474355
56632362
56332773
56548238
56418344
56229764
56194998
56746528
56320479
56306349
56413638
56466422
56372613
56543295
56510880
56140765
56233309
56343040
56035560
56226325
56461675
56321023
56182062
56509080
56805138
56388783
56586383
56886393
56295870
56519319
56363231
56575969
56372781
56541634
56211975
56404999
56415526
56457385
56362861
56480005
56341698
56164213
56398453
56217859
56384278
56510350
56100561
56375288
56665943
56092877
56452743
56129130
56243553
56608846
56835355
56196413
56360131
56443724
56275610
56412049
56349915
56460219
56533628
56526706
56481134
56326399
56283745
56721020
56431692
56387588
56082478
56367151
56572651
56346365
56415263
56449624
56492823
56777633
56128186
56380350
56496467
56428398
56692806
56454032
56282022
56261421
56232472
56452063
56436298
56522257
56425707
56200372
56439539
56027853
56233118
56396113
56835409
56613674
56488933
56627679
56241262
56467821
56184985
56322922
56146467
56370177
56486747
56673579
56262553
56373526
56414645
56512638
56541910
56492160
56427293
56576146
56401984
56301448
56527422
56598359
56391258
56175476
56317964
56375629
56098814
56472468
56583737
56946105
56466048
56499849
56618983
56080601
56469386
56421060
56562207
56467755
56283401
56576375
56685241
56456247
56406785
56416813
56679157
56646785
56691461
56015706
56944787
56616851
56264006
56384376
56731313
56493357
56221520
56505875
56461317
56457153
56531600
56124630
56453336
56215085
56440633
56305385
56501375
56537183
56419000
56233532
56631732
56089178
56361971
56503607
56168719
56612943
56256405
56407599
56314224
56441820
56589566
56207725
56490201
56656557
56692332
56444110
56587925
56590146
56422299
56422983
56287551
56088407
56494863
56482344
56496232
56113365
56439832
56205461
56331845
56643666
56383784
56126876
56540011
56622516
56540559
56606064
56578700
56181910
56360965
56216366
56678283
56583498
56355874
56376240
56330365
56629871
56371288
56355731
56599591
56654931
56459480
56260604
56193524
56419585
56139115
56432116
56221081
56307245
56232675
56455817
56296555
56418181
56534633
56371537
56342213
56427243
56482901
56342624
56675942
56253564
56334919
56530493
56606874
56407860
56785451
56524625
56594107
56454265
56521302
56610471
56401315
56307208
56528227
56676789
56368741
56584720
56569874
56312933
56567633
56666424
56233245
56165725
56657498
56442613
56505938
56637611
56363654
56303745
56437563
56604546
56621832
56456944
56265535
56676934
56449061
56605798
56412789
56371923
56542002
56454567
56457470
56315024
56500734
56331268
56354375
56577039
56459649
56389798
56410176
56152285
56432977
56880080
56238032
56441572
56525173
56618753
56195740
56340215
56646962
56416285
56358608
56217404
56350303
56329535
56422673
56146304
56204168
56054282
56744905
56255230
56063151
56435296
56392241
56666895
56635434
56547037
56188264
56494271
56674898
56606938
56500402
56271956
56275059
56351781
56455134
56628300
56299143
56486978
56231389
56671594
56275703
56362709
56301170
56432105
56680947
56572529
56666515
56272581
56484143
56221879
56338263
56236715
56434183
56432557
56558004
56590589
56385674
