1
69233294
69294967
69108720
69107336
69215671
69647770
69262796
69353824
69460356
69567775
69422603
69409638
69245749
69589324
69767908
69528816
69284708
69351881
69609944
69548043
69306444
69675773
69273307
69409925
69288706
69311518
69839525
69630127
69618212
69593221
69245300
69192894
69518896
69961681
69320712
69750728
69612280
69805404
69636700
69643717
69537438
69369607
69636559
69375344
69292949
69297353
69404948
69625879
69543035
69346930
69548461
69447425
69614141
69429521
69508934
69725062
69479627
69663647
69244668
69534967
69410614
69167197
69262217
69608738
69446535
69558886
69430627
69641495
69408427
69438875
69102056
69650883
69581303
69354454
69591525
69687115
69698342
69529519
69518884
69405234
69336694
69540466
69242491
69394067
69712523
69849093
69485823
69242848
69592433
69446905
69420607
69347578
69607053
69519622
69621506
69612362
69402241
69499990
69522665
69146799
69497979
69301898
69584435
69641355
69397869
69637685
69175282
69557972
69268982
69500086
69327982
69332996
69469835
69302378
69500195
69779269
69150004
69590547
69304276
69875221
69552463
69444458
69383539
69470561
69277182
70176274
69534119
69652331
69504048
69419684
69305355
69723088
69359866
69671363
69531009
69503341
69480351
69294881
69837340
69821248
69606027
69244077
69711469
69529004
68804499
69517558
69394527
69288064
69679772
69731445
69314058
69345923
69499911
69852520
69112857
69435961
69364007
69439407
69561299
69569331
69491882
69587633
69467549
69236406
69523303
69284001
69386578
69327580
69426166
69324822
69305984
69669471
69337748
69477088
69385079
69549022
69498833
69671552
69178467
69222152
69617382
69932974
69372111
69098787
69578880
69141631
69292021
69534724
69037516
69406306
69254080
69709890
69566073
69245970
69427317
69529882
69636685
69438151
69742382
69892035
69429505
69438919
69595774
69242230
69211258
69441696
69546630
69502857
69524536
69087827
69394277
69436222
69266199
69345774
69127185
69479832
69574276
69424148
69504433
69606372
69360676
69730337
69465959
69857684
69725356
69584245
69541218
69523949
69295943
69055807
69337087
69428791
69576880
69045354
69459392
69834332
69408675
69219389
69385188
69430169
69501031
69673509
69610461
69516488
69440962
69399313
69453704
69474695
69528438
69373380
69554082
69687741
69608523
69579310
69730811
69308664
69204853
69377400
69364279
69619540
69590841
69578324
69566840
69488186
69668744
69626464
69623860
69629297
69753174
69289103
69632092
69099526
69262403
69728599
69294113
69494759
69268354
69278656
69534005
69389017
69399319
69926881
69534035
69489860
69455899
69567929
69697099
69347317
69182628
69864189
69236500
69174455
69408333
69272770
69432611
69692608
69275833
69500220
69485684
69663962
69468820
69115398
69266382
69716797
69565870
69738609
69322703
69781828
69403133
69686588
69590558
69736331
69657473
69587615
69752028
69390785
69593945
69476255
69427349
69494794
69394335
69348450
69420292
69791023
69142973
69464356
69333152
69420438
69552754
69321658
69763960
69346096
69502453
69533355
69473805
69622173
69277826
69379473
69328437
69395258
69542269
69649484
69599822
69515567
69816209
69504746
69132263
69547786
69602866
69351563
69508699
69625896
69531219
69585129
69326556
69437528
69240112
69634041
69379683
69245853
69332677
69654039
69271849
69407032
69434462
69655022
69336024
69828810
69289738
69207927
69277695
69449551
69802463
69402728
69468163
69807504
69196412
69502055
69396499
69537524
69733242
69641543
69613544
69675561
69709251
69594958
69369451
69415638
69309800
69395543
69255850
69552043
69493084
69522759
69396586
69523683
69649729
69515094
69856851
69519448
69386244
69213936
69831804
69607154
69394699
69460817
69178908
69538802
69293802
69313478
69266957
69642614
69380733
69427023
69189626
69578703
69420966
69140276
69479937
69704840
69479900
69324781
69671017
69287096
69091758
69535884
69617073
69399611
69593386
69633602
69336995
69668538
69713326
69682194
69264811
69660122
69612262
69657790
69466312
69591412
69507436
69545186
69175688
69917231
69490912
69718337
69382142
69712536
69371149
69271060
69453130
69767116
69535532
69307236
69743414
69897355
69905530
69755737
69564357
69502254
69677698
69344101
69198950
69349725
69738917
69295561
69562209
69365576
69473157
69712068
69298830
69492393
69302804
69308127
69219441
69342718
69592317
69271009
69327862
69428009
68865706
69365859
69640320
69547412
69196821
69511725
69702084
69139526
69493865
69117791
69457489
69088609
69268022
69593310
69539282
69824367
69498160
69362746
69530281
69552032
