0
0
4
59
59
59
64
74
74
80
104
141
191
216
216
226
227
227
227
227
291
325
325
325
355
370
376
376
381
381
391
391
415
421
421
421
421
421
421
450
477
511
575
598
616
616
616
623
623
637
718
718
729
749
753
832
868
872
872
904
928
930
930
930
930
973
973
982
1027
1062
1062
1062
1067
1067
1080
1080
1080
1115
1132
1136
1166
1166
1177
1196
1196
1196
1196
1196
1196
1196
1196
1196
1219
1225
1225
1225
1229
1276
1282
1282
1287
1287
1303
1316
1361
1389
1417
1446
1458
1469
1469
1469
1469
1470
1497
1555
1555
1576
1610
1625
1641
1641
1657
1657
1669
1669
1680
1680
1680
1680
1693
1693
1697
1707
1722
1747
1762
1781
1807
1810
1810
1810
1810
1817
1918
1928
1928
1955
1955
1984
2003
2021
2042
2042
2042
2042
2042
2047
2047
2081
2087
2098
2118
2147
2166
2166
2169
2175
2190
2190
2190
2217
2225
2232
2292
2303
2312
2324
2324
2324
2336
2351
2392
2392
2394
2394
2401
2403
2403
2403
2403
2448
2448
2448
2448
2448
2448
2448
2513
2543
2585
2622
2629
2629
2642
2642
2642
2642
2691
2744
2744
2782
2813
2813
2818
2818
2853
2853
2853
2853
2894
2894
2894
2894
2915
2915
2915
2938
2938
2938
2951
2954
2958
2958
2958
2958
2959
2985
3070
3073
3073
3075
3075
3088
3088
3088
3088
3118
3140
3140
3145
3169
3169
3214
3224
3224
3229
3245
3245
3245
3261
3264
3274
3274
3286
3313
3329
3344
3352
3381
3397
3420
3420
3420
3437
3460
3507
3507
3507
3536
3559
3559
3559
3559
3559
3570
3570
3570
3570
3571
3589
3614
3694
3706
3755
3825
3848
3905
3929
3929
3929
3929
3943
3977
4006
4048
4048
4061
4069
4069
4129
4129
4129
4129
4165
4165
4165
4165
4165
4165
4171
4178
4178
4180
4203
4203
4237
4237
4237
4237
4237
4237
4269
4269
4288
4316
4316
4316
4323
4326
4326
4327
4350
4351
4396
4410
4414
4452
4468
4468
4474
4475
4491
4491
4512
4539
4546
4546
4582
4618
4619
4649
4675
4698
4698
4714
4714
4714
4737
4786
4826
4826
4826
4852
4872
4872
4872
4872
4872
4872
4872
4875
4889
4890
4909
4947
5001
5011
5050
5087
5087
5168
5181
5181
5181
5181
5182
5201
5226
5286
5286
5320
5328
5356
5420
5420
5420
5420
5475
5493
5493
5493
5518
5518
5528
5544
5550
5578
5605
5605
5618
5618
5619
5632
5632
5632
5651
5651
5694
5705
5705
5705
5721
5757
5757
5757
5766
5772
5786
5790
5793
5864
5866
5874
5874
5905
5939
5939
5976
5977
5977
5977
6032
6049
6049
6071
6106
6106
6109
6123
6123
6123
6141
6180
6189
6189
6190
6278
6296
6296
6296
6311
6311
6311
6311
6314
6314
6326
6326
6353
6374
6392
6436
6457
6492
6529
6571
6579
6579
6579
6579
6579
6579
6630
6630
6640
6660
6703
6752
6765
6786
