1
47680136
47712180
47595338
47531717
47558282
47375988
47444968
47245424
47430821
47425732
47461728
47309460
47235396
47269792
47322790
47356777
47426984
47381856
47295684
47285492
47251434
47237298
47367208
47245312
47017476
47298267
47278690
47243701
47322663
47221593
47447090
47412608
47139045
47267015
47362401
47234977
47334527
47371545
47262044
47473087
47246184
47099521
47207914
47096672
47192957
47183245
47343982
47103925
47248121
47277636
47107953
47056932
47180352
47296598
47399497
47305805
47184826
47154131
47270043
47224395
47300353
47323939
47130410
47291919
47183441
47264983
47147422
47221586
47418015
47139107
47215051
47292094
47411170
47377142
47513997
47443859
47507991
47249838
47174437
47213528
47264501
47286619
47270757
47474565
47351517
47252718
47184516
47297625
47354068
47393511
47368367
47264335
47321083
47389197
47221300
47358080
47330528
47102641
47335828
47329335
47341585
47125160
47478911
47331246
47506353
47307081
47404723
47373639
47228206
47399532
47392822
47333168
47411950
47226671
47209933
47196997
47264243
47292354
47200561
47287497
47404492
47349597
47303021
47429978
47395063
47340865
47177348
47148187
47102133
47216990
47255812
47269257
47456919
47126062
47142328
47328193
47390791
47328970
47245055
47227268
47321189
47297255
47336849
47351872
47165098
47220922
47358418
47222997
47390293
47337873
47341360
47152647
47187491
47286965
47243559
47262702
47373630
47307942
47215230
47128171
47213190
47314930
47203603
47394785
47250253
47193788
47477634
47389274
47133843
47224860
47367233
47195631
47308449
47209790
47219431
47409920
47377428
47249626
47451987
47274268
47242046
47400212
47533684
47306529
47431099
47349536
47351727
47303106
47231640
47098057
47240332
47448453
47355852
47250146
47147308
47109830
47150926
47234630
47391230
47249803
47240947
47410862
47367382
47248184
47284701
47452985
47461104
47375310
47226170
47369090
47487439
47525217
47167033
47336147
47464005
47411512
47178835
47261378
47246093
47269640
47260772
47491276
47407308
47343771
47209517
47287476
47335836
47215279
47315270
47270350
47211523
47274506
47245910
47196598
47266896
47361031
47254477
47432739
47328735
47226798
47271946
47415708
47402891
47314414
47450673
47326924
47389369
47378836
47471667
47421365
47441524
47408506
47428392
47419261
47303204
47356953
47239701
47330898
47461686
47365354
47380072
47225406
47146257
47109244
47427006
47328865
47288522
47253849
47155141
47146384
47390595
47224461
47303834
47160124
47180284
47178355
47294895
47445850
47242166
47260411
47248748
47378928
47277818
47212489
47303718
47266023
47213416
47335280
47225632
47336515
47408966
47347889
47105799
47261427
47214487
47314408
47208475
47221786
47254584
47263253
47255528
47247753
47362805
47223580
47119930
47238811
47193941
47387402
47367869
47132965
47179915
47151544
47212715
47356811
47341383
47406639
47241547
47417790
47508338
47312793
47410178
47317873
47545779
47443273
47283588
47154714
47343407
47484292
47347193
47272636
47316793
47326145
47361962
47316763
47244132
47198362
47417983
47200941
47118707
47195915
47155280
47116167
47195054
47199320
47217558
47196913
47203614
47110034
47340946
47274132
47353147
47434440
47388420
47364264
47271974
47364514
47171459
47227558
47472928
47403718
47322363
47148028
47289079
47321875
47190785
47145984
47347553
47165919
47196510
47339683
47244063
47242927
47477664
47132959
47142912
47317480
47440514
47433348
47428621
47142043
47226746
47416703
47372927
47302791
47459312
47252606
47310182
47281537
47267907
47227575
47280196
47458919
47570166
47326072
47270555
47451005
47419124
47319455
47419061
47169130
47271098
47283531
47024340
47100693
47184479
47261946
47351615
47276409
47395349
47453958
47320919
47001587
47162315
47244412
47321291
47296071
47387746
47345892
47374649
47086976
47372642
47393484
47477612
47335642
47431827
47202343
47285190
47254085
47316451
47247110
47355241
47284190
47343973
47364974
47190042
47378951
47362348
47380457
47357032
47411382
47295631
47253314
47281655
47154828
47400687
47168800
47162956
47280226
47104091
47126206
47071880
47465479
47299971
47320160
47131288
47106385
47165938
47072040
47277599
47264024
47288120
47232287
47238126
47356822
47225021
47257121
47187904
47270328
47286395
47298102
47404882
47226795
47228961
47302487
47313240
47234299
47334351
47174114
47189130
47228689
47109540
47328596
47202143
47240047
47307074
47317666
47264107
47202200
47370754
47391233
47196582
47396649
47409968
47325475
47437302
47548842
47548437
47420815
47604535
47610117
