1
78839227
78199548
78771254
78952670
78087310
78209890
78117227
78242074
78357863
78382783
78373616
77855608
78773714
77758202
77961338
78392685
78573932
78471057
78038428
78269174
78517761
78632147
78222790
78430421
78549680
78447555
78131025
78558129
78894278
78556236
78288263
78460057
77998447
78255962
78252031
78615362
78283681
78569284
78183266
78481228
78029163
78073267
78709650
78216735
78288188
78947714
78593955
78639387
78446585
78351703
77945719
78350296
78543228
77969712
78381682
78305827
78206465
78335476
77812810
78419127
78325318
78326533
78170003
78418570
78264058
78187817
78538603
78280168
78657796
78228742
78348982
78314714
79094599
78413806
78814476
78412970
78214822
78625156
78531540
77764733
78461611
78304093
78352810
78564546
78395937
78592001
78292249
78767158
78194961
78333010
78605167
78802018
79012603
78675437
78256844
78546723
78928265
78305548
78594669
78779292
78467263
78186938
78483175
77988249
78114923
78527096
78141196
78514441
78109451
78624073
78606173
78496341
78474403
78080814
78647107
78480261
78318774
78682047
78086837
78316303
78216476
78597715
78373304
77710307
78036529
78735386
78184079
78427429
78208297
78749315
78531464
78069573
78386107
77938223
78468936
78614554
78086818
78121111
78647847
78383287
77973572
78300430
78545161
78318550
78281160
78375688
78394081
78437349
78591552
78645318
78391456
78804945
78296140
77903425
78179125
77983989
78605615
78527011
78551964
77871942
78265009
78515082
78214990
77811979
78373071
78573702
78407156
78182075
78429083
78803110
78177958
78029884
78007946
78534916
78551321
78028776
77736692
77836079
78123336
78402181
78306731
78554821
78954602
78386738
78454536
78626824
78218425
78221711
78787338
78685139
78202258
78066230
78684578
78583705
78312290
78519175
78450042
78189959
77669309
78339374
78447804
78003819
78554079
78985358
78440569
78673300
78470473
78619407
78534467
78577377
78387654
78466911
78275662
78634059
78011397
78410398
78181660
78520544
78606874
77935880
78312654
78304955
78330898
77820905
78603897
78173168
78327987
78327778
78145840
78474019
78259016
78357444
78990527
78725718
78571616
78463908
78557475
78245450
78736633
78611824
77410084
78305018
78329845
78096763
77742181
78578523
77866907
77958779
78404170
78752363
78284534
78320295
78407617
78431652
78994172
78001604
78528231
78323651
78401867
78391280
78810582
78303360
78850589
77964910
78408475
78195143
78523326
78538110
77974520
77902003
78167905
78084134
78784876
78546503
77870253
78436484
78258614
78463221
78215334
78345309
78630721
78032369
78451208
78241904
78443264
78457162
78359449
78621632
78339507
78618069
78368332
77959226
78256314
78442538
78266621
78069353
78522040
78502833
78320879
77876739
78550301
78112165
78644950
78233029
78500045
78988888
78365539
78584841
78792333
78050327
77865752
78547419
78695114
78631131
78051546
77826441
78320244
78164829
78309392
78441169
77989952
78063904
78061793
78255830
78478470
78092027
78396847
78153374
77958121
78428794
78140584
78624001
78442986
78290097
78448274
78563307
78688438
78323887
78120895
78741709
78747807
78733152
77818846
78863023
78228888
77921619
78445542
78489313
78537863
78980294
78604194
78721590
78706254
78702565
78449953
78231275
78425642
78366327
78368897
78151861
78281638
78558985
78531457
78243352
78305683
78483605
78945376
78344450
78614975
78862049
78531576
78345742
77949143
78167514
78149434
78049840
78327451
78799348
78542697
78533000
78479843
78574423
78191526
78034251
78789315
77966898
78365236
78403027
78311245
78510253
78136648
78677592
78441783
77942413
78562725
78851956
78255497
78277141
78208175
78561735
77981258
78424631
78752915
78604934
78560277
78421635
78314808
78683620
78381070
78598171
78359197
78659475
78353261
77939851
78357105
78422253
78374318
78079379
78398589
78605940
78028294
78348296
78172292
77943757
78010566
78215945
78459695
77789427
78307445
78554120
77876763
78426285
78046216
78345056
78441496
77825721
78406548
78450716
78298949
78651849
78189416
78475725
78084931
78356251
78366174
78491370
78449986
78708502
78598681
77823248
78723434
78585119
78587696
78394492
78549195
78188381
78886274
78624579
77890683
78147163
77922325
78274965
78347706
78516548
78160601
78791087
78176718
78303465
77678574
78814863
78234665
77926600
78433015
78601869
78370103
77934816
78382351
77826536
78358102
77814999
78178889
78363919
78549985
78540654
78326749
78230682
78232154
78246655
78376159
78111605
78593859
78567046
78319940
78521181
77950052
78551910
78245109
78845937
79086685
78610136
