0
629
1251
1828
2516
3097
3773
4428
5020
5650
6290
6899
7527
8111
8754
9367
10040
10635
11193
11799
12407
13029
13663
14288
14873
15537
16174
16824
17513
18139
18755
19394
19973
20618
21256
21835
22456
23110
23735
24340
24964
25580
26223
26832
27419
28054
28680
29340
29981
30561
31180
31810
32442
33064
33722
34279
34905
35502
36165
36716
37325
37954
38589
39190
39794
40424
41066
41676
42309
42929
43540
44181
44819
45371
46042
46677
47318
47929
48547
49167
49749
50334
50953
51630
52178
52778
53423
54039
54673
55303
55983
56570
57209
57828
58385
59020
59605
60185
60828
61466
62061
62710
63278
63931
64617
65190
65808
66420
67048
67697
68364
68939
69603
70184
70806
71437
72054
72768
73395
74045
74659
75310
75964
76588
77145
77748
78331
78975
79633
80222
80749
81394
81982
82583
83219
83782
84415
85021
85570
86214
86812
87459
88079
88726
89330
89933
90557
91102
91723
92352
92909
93487
94079
94690
95310
95919
96581
97182
97820
98417
99031
99610
100189
100791
101348
101986
102591
103149
103720
104314
104955
105545
106148
106773
107352
107992
108642
109254
109838
110496
111119
111757
112331
112926
113596
114195
114826
115422
116028
116643
117300
117961
118563
119172
119827
120411
121049
121720
122398
123019
123634
124269
124904
125545
126173
126773
127357
127934
128535
129185
129843
130478
131109
131774
132397
132955
133597
134217
134904
135509
136089
136668
137302
137863
138433
139072
139697
140251
140911
141523
142161
142795
143443
144074
144697
145313
145956
146612
147305
147881
148437
149036
149626
150224
150850
151411
152051
152670
153301
153888
154509
155083
155742
156311
156919
157563
158162
158754
159297
159945
160541
161107
161704
162299
162934
163521
164139
164771
165393
166049
166714
167313
167914
168537
169146
169709
170327
170971
171597
172130
172731
173382
173991
174597
175217
175790
176437
177025
177729
178385
178986
179604
180260
180930
181575
182144
182728
183341
183929
184530
185141
185736
186357
186977
187581
188238
188866
189427
190106
190769
191402
192027
192577
193204
193823
194423
195045
195688
196298
196994
197611
198264
198897
199535
200112
200704
201330
201916
202534
203159
203762
204422
205041
205619
206256
206887
207503
208144
208729
209346
209966
210635
211255
211894
212511
213121
213721
214299
214871
215465
216034
216651
217266
217928
218523
219152
219753
220338
221020
221656
222244
222856
223471
224118
224737
225381
225989
226589
227235
227864
228533
229159
229809
230398
230998
231647
232298
232922
233533
234124
234754
235370
236015
236654
237253
237807
238410
239015
239610
240265
240885
241545
242155
242815
243463
244038
244644
245271
245915
246485
247130
247764
248323
248957
249521
250153
250783
251448
252034
252708
253318
253978
254542
255165
255765
256385
257009
257611
258272
258890
259526
260131
260727
261353
262036
262668
263324
263928
264537
265178
265756
266374
266978
267598
268194
268779
269393
270009
270674
271244
271872
272510
273168
273733
274305
274929
275484
276130
276749
277371
278000
278620
279298
279956
280593
281217
281871
282513
283099
283748
284326
284948
285520
286138
286787
287401
288012
288625
289272
289884
290480
291146
291733
292355
292962
293554
294209
294798
295423
296034
296678
297293
297911
298632
299266
299923
300545
301149
301740
302386
303067
303645
304305
304893
305493
306092
306746
307353
308009
308625
309300
