0
7
12
51
91
109
150
171
201
227
241
274
299
301
309
340
375
401
414
440
457
482
518
530
548
579
594
615
618
645
666
682
717
757
783
798
824
837
865
875
892
912
923
963
990
1004
1037
1053
1084
1110
1132
1139
1169
1180
1199
1208
1232
1265
1275
1297
1332
1352
1366
1406
1422
1450
1479
1494
1512
1529
1562
1601
1608
1615
1640
1676
1680
1698
1714
1738
1768
1781
1798
1800
1831
1848
1882
1921
1955
1986
2036
2070
2101
2147
2148
2157
2177
2208
2235
2254
2306
2324
2344
2377
2388
2437
2449
2464
2472
2502
2522
2547
2558
2579
2598
2621
2651
2671
2690
2715
2734
2758
2782
2793
2814
2824
2839
2868
2891
2916
2959
2980
2995
3017
3032
3059
3070
3104
3136
3144
3182
3189
3225
3253
3273
3287
3313
3347
3352
3367
3399
3431
3452
3476
3521
3540
3554
3605
3626
3646
3671
3684
3703
3718
3760
3795
3804
3825
3840
3879
3896
3911
3935
3953
3966
3982
3995
4005
4040
4062
4096
4133
4178
4209
4263
4283
4322
4357
4373
4383
4396
4422
4447
4460
4504
4511
4530
4567
4583
4639
4654
4675
4683
4721
4745
4773
4787
4822
4844
4877
4900
4932
4952
4983
4995
5023
5041
5055
5083
5086
5095
5125
5137
5163
5205
5226
5243
5269
5294
5322
5339
5357
5380
5398
5418
5422
5464
5486
5506
5523
5532
5585
5609
5622
5656
5685
5700
5732
5771
5790
5806
5854
5867
5886
5910
5923
5942
5957
5999
6020
6029
6048
6069
6120
6128
6140
6160
6184
6197
6217
6239
6246
6280
6299
6332
6371
6396
6420
6456
6486
6521
6552
6577
6588
6594
6617
6631
6654
6701
6717
6734
6777
6793
6849
6873
6895
6920
6954
6972
6994
7015
7042
7049
7076
7096
7127
7146
7182
7202
7218
7242
7268
7298
7305
7321
7350
7358
7390
7429
7445
7477
7498
7515
7538
7551
7565
7584
7597
7624
7630
7649
7663
7674
7697
7715
7759
7775
7803
7817
7842
7845
7874
7906
7932
7964
8012
8025
8046
8066
8078
8097
8111
8151
8188
8188
8215
8231
8256
8279
8296
8330
8351
8360
8385
8414
8435
8459
8477
8488
8518
8539
8564
8592
8621
8663
8699
8730
8746
8754
8790
8809
8841
8892
8909
8921
8961
8975
9025
9058
9088
9108
9131
9159
9181
9193
9214
9221
9245
9269
9287
9305
9344
9353
9364
9375
9398
9425
9427
9439
9478
9487
9523
9555
9587
9608
9643
9663
9677
9691
9714
9736
9739
9752
9766
9797
9809
9824
9837
9848
9892
9909
9924
9949
9958
9984
10014
10050
10090
10111
10159
10177
10198
10224
10232
10245
10270
10299
10339
10345
10380
10398
10429
10454
10465
10485
10500
10530
10541
10564
10582
10608
10633
10647
10663
10682
10708
10726
10743
10780
10802
10830
10845
10872
10893
10906
10932
10983
11004
11022
11066
11075
11110
11135
11157
11187
11195
11225
11232
11259
11282
11293
11331
11348
11385
11403
11444
11467
11490
11505
11527
11547
