0
0
0
0
0
0
0
0
0
0
0
0
0
0
0
8
8
8
8
8
8
8
8
8
8
27
42
42
42
50
50
50
67
69
119
148
148
163
163
163
163
163
167
177
224
230
230
230
230
230
230
230
253
278
278
278
278
278
278
278
319
324
338
341
357
357
357
357
357
357
362
396
396
396
396
412
412
412
412
412
412
412
419
419
425
447
447
480
480
480
480
480
480
480
480
480
480
480
480
480
480
480
480
480
480
480
480
480
480
480
480
480
480
480
480
480
480
480
480
521
554
554
554
554
554
554
580
604
624
640
665
681
681
681
681
681
681
683
743
743
743
743
754
754
754
779
829
850
850
850
850
850
850
850
866
866
883
888
909
930
930
930
930
930
930
930
930
930
930
936
936
936
936
936
936
936
936
936
936
946
948
948
948
948
948
948
948
948
948
948
948
963
963
963
963
963
963
963
963
963
963
963
963
965
965
965
965
965
965
965
965
965
965
1023
1059
1059
1059
1060
1060
1060
1068
1091
1091
1091
1092
1130
1132
1164
1169
1169
1169
1182
1250
1257
1257
1261
1290
1294
1307
1315
1352
1357
1357
1357
1357
1357
1357
1357
1370
1370
1370
1370
1370
1370
1370
1370
1370
1370
1370
1370
1370
1370
1370
1370
1370
1370
1370
1370
1370
1370
1370
1370
1370
1370
1378
1387
1389
1389
1389
1389
1389
1389
1389
1389
1401
1426
1428
1448
1453
1453
1453
1453
1453
1453
1453
1453
1453
1459
1459
1459
1459
1459
1459
1459
1459
1459
1459
1499
1510
1510
1510
1528
1528
1528
1528
1546
1546
1565
1565
1588
1588
1611
1616
1618
1618
1618
1654
1662
1662
1662
1662
1662
1673
1701
1701
1701
1701
1701
1701
1701
1701
1705
1737
1737
1737
1737
1737
1737
1737
1737
1737
1737
1737
1737
1737
1737
1737
1737
1737
1737
1737
1737
1737
1737
1737
1737
1737
1737
1743
1743
1743
1743
1743
1743
1743
1743
1743
1743
1764
1764
1779
1816
1818
1818
1818
1851
1877
1877
1877
1877
1877
1881
1881
1899
1899
1899
1899
1910
1910
1910
1910
1932
1952
1965
1965
1965
1965
1965
1965
2004
2007
2030
2053
2098
2138
2143
2143
2143
2143
2143
2192
2192
2192
2192
2192
2192
2226
2247
2261
2261
2261
2261
2261
2277
2287
2287
2312
2312
2312
2312
2312
2313
2313
2313
2313
2313
2313
2313
2313
2313
2313
2318
2318
2318
2318
2318
2318
2318
2326
2326
2326
2326
2326
2326
2326
2326
2326
2326
2326
2326
2326
2326
2326
2326
2326
2347
2348
2348
2348
2390
2406
2406
2406
2406
2406
2406
2406
2427
2427
2427
2427
2427
2427
2427
2427
2434
2482
2482
2482
2482
2482
