0
61889
123677
185420
247413
309234
370907
432698
494547
556385
618272
680017
741915
803841
865620
927429
989207
1051118
1112914
1174869
1236792
1298648
1360392
1422259
1484151
1546073
1607830
1669758
1731606
1793452
1855268
1917167
1978952
2040806
2102748
2164572
2226452
2288298
2350150
2411903
2473809
2535648
2597584
2659452
2721305
2783085
2845041
2906897
2968741
3030631
3092587
3154547
3216550
3278324
3340248
3402156
3464017
3525789
3587679
3649638
3711529
3773303
3835097
3896889
3958886
4020659
4082465
4144299
4206226
4268165
4330012
4391970
4453767
4515647
4577518
4639430
4701197
4763129
4824946
4886855
4948716
5010579
5072425
5134149
5196086
5257942
5319834
5381757
5443612
5505492
5567340
5629243
5691182
5753023
5814850
5876777
5938624
6000380
6062309
6124153
6185825
6247782
6309621
6371467
6433374
6495138
6556978
6618827
6680609
6742442
6804154
6866122
6927919
6989830
7051720
7113607
7175342
7237283
7299174
7361022
7422828
7484772
7546637
7608511
7670334
7732267
7794089
7855901
7917737
7979557
8041397
8103323
8165105
8226917
8288858
8350799
8412647
8474498
8536361
8598296
8660229
8722047
8783921
8845875
8907864
8969798
9031702
9093524
9155386
9217259
9279127
9340874
9402783
9464606
9526491
9588202
9650080
9711905
9773801
9835594
9897418
9959368
10021336
10083206
10145061
10206996
10268850
10330678
10392462
10454376
10516134
10578054
10639815
10701727
10763444
10825327
10887181
10948938
11010908
11072744
11134602
11196587
11258499
11320354
11382206
11444083
11506077
11567855
11629662
11691580
11753440
11815174
11877197
11939034
12000777
12062679
12124536
12186400
12248310
12310121
12371971
12433820
12495619
12557379
12619190
12681037
12742918
12804775
12866698
12928584
12990447
13052401
13114430
13176439
13238236
13300134
13362006
13423846
13485638
13547525
13609342
13671145
13732979
13794788
13856726
13918543
13980302
14042100
14104030
14165936
14227868
14289617
14351435
14413365
14475243
14537129
14599042
14660929
14722893
14784797
14846722
14908607
14970457
15032244
15094110
15155942
15217827
15279665
15341624
15403428
15465293
15527064
15588889
15650684
15712460
15774477
15836367
15898246
15960151
16022110
16083876
16145643
16207536
16269427
16331217
16393173
16454908
16516769
16578616
16640412
16702258
16764017
16826005
16887913
16949813
17011697
17073503
17135297
17197092
17258934
17320820
17382653
17444486
17506361
17568171
17629917
17691878
17753732
17815394
17877329
17939166
18001104
18063001
18124748
18186571
18248486
18310226
18372109
18433863
18495710
18557509
18619463
18681334
18743205
18805086
18867034
18929009
18991011
19052763
19114731
19176638
19238553
19300411
19362277
19424102
19485941
19547733
19609603
19671457
19733316
19795133
19856945
19918799
19980739
20042663
20104499
20166270
20228216
20290158
20351984
20413800
20475666
20537646
20599589
20661413
20723296
20785059
20846958
20908832
20970741
21032575
21094520
21156458
21218227
21280166
21341971
21403724
21465557
21527361
21589193
21651166
21713028
21774792
21836676
21898410
21960151
22021950
22083900
22145612
22207571
22269230
22331034
22392942
22454675
22516497
22578263
22640149
22701932
22763860
22825695
22887527
22949292
23011140
23073032
23134942
23196725
23258691
23320524
23382359
23444123
23506039
23567963
23629767
23691697
23753513
23815387
23877212
23939030
24000818
24062714
24124503
24186448
24248296
24310149
24371961
24433876
24495827
24557669
24619682
24681581
24743534
24805565
24867299
24929222
24991126
25053007
25114829
25176724
25238566
25300508
25362414
25424243
25486039
25547947
25609721
25671551
25733507
25795527
25857438
25919277
25980977
26042940
26104903
26166732
26228545
26290400
26352333
26414194
26475981
26537814
26599723
26661459
26723242
26785161
26846986
26908943
26970835
27032630
27094564
27156453
27218268
27280209
27342031
27403836
27465807
27527601
27589353
27651291
27713071
27774747
27836583
27898527
27960296
28022208
28083989
28145847
28207820
28269650
28331448
28393259
28455159
28516961
28578885
28640811
28702610
28764318
28826202
28888060
28949946
29011755
29073696
29135495
29197268
29259054
29320980
29382865
29444687
29506645
29568434
29630259
29692049
29753901
29815736
29877686
29939495
30001362
30063173
30124948
30186773
30248732
30310649
30372522
30434480
30496466
30558364
30620396
30682118
30744061
30805918
30867821
30929573
