0
61799
123588
185481
247210
309223
371158
432968
494830
556614
618501
680340
742185
804115
865956
927936
989758
1051641
1113611
1175368
1237262
1299109
1361132
1423034
1484971
1546965
1608719
1670694
1732629
1794501
1856290
1918172
1980020
2041872
2103690
2165507
2227361
2289331
2351092
2413097
2474932
2536845
2598803
2660643
2722473
2784530
2846326
2908168
2970080
3031921
3093933
3155777
3217701
3279589
3341507
3403387
3465107
3526965
3588783
3650712
3712511
3774353
3836254
3898156
3959962
4021829
4083673
4145482
4207391
4269213
4331126
4393000
4454893
4516620
4578394
4640212
4702119
4764004
4825812
4887822
4949641
5011448
5073200
5135146
5197063
5258954
5320788
5382648
5444541
5506410
5568265
5629995
5691813
5753664
5815648
5877507
5939469
6001300
6063012
6124990
6186853
6248738
6310631
6372420
6434355
6496234
6558166
6620050
6681901
6743879
6805829
6867754
6929723
6991568
7053418
7115335
7177294
7239167
7300981
7362953
7424670
7486659
7548607
7610489
7672265
7734079
7795919
7857802
7919631
7981426
8043218
8105111
8166970
8228869
8290738
8352645
8414559
8476414
8538308
8600261
8662183
8723925
8785736
8847656
8909677
8971623
9033519
9095297
9157127
9218984
9280749
9342648
9404498
9466404
9528129
9590074
9651963
9713883
9775707
9837492
9899289
9961181
10023137
10084967
10146898
10208758
10270574
10332347
10394188
10456078
10517922
10579723
10641559
10703531
10765445
10827325
10889047
10950934
11012805
11074696
11136566
11198540
11260519
11322437
11384280
11445995
11507962
11569730
11631702
11693582
11755570
11817448
11879281
11941118
12003027
12064820
12126681
12188449
12250450
12312275
12374171
12436083
12497903
12559910
12621773
12683647
12745579
12807434
12869344
12931285
12993224
13055151
13117089
13179026
13240893
13302807
13364819
13426608
13488407
13550238
13612232
13674118
13735844
13797714
13859532
13921445
13983224
14045068
14106890
14168792
14230680
14292594
14354381
14416343
14478221
14540051
14601831
14663774
14725679
14787565
14849455
14911314
14973101
15034875
15096706
15158691
15220547
15282364
15344204
15406161
15467996
15529893
15591681
15653508
15715483
15777381
15839229
15901136
15962978
16024793
16086659
16148443
16210280
16272173
16333992
16395918
16457766
16519699
16581557
16643468
16705324
16767276
16829129
16890988
16952829
17014736
17076629
17138580
17200430
17262198
17324171
17385870
17447822
17509634
17571573
17633410
17695092
17757000
17818943
17880809
17942692
18004486
18066519
18128351
18190325
18252253
18314015
18376024
18437951
18499917
18561819
18623687
18685628
18747532
18809389
18871423
18933323
18995228
19057072
19118933
19180838
19242642
19304489
19366242
19428140
19490035
19551896
19613640
19675499
19737316
19799139
19861063
19922887
19984833
20046753
20108487
20170374
20232344
20294283
20356116
20417929
20479816
20541699
20603566
20665605
20727495
20789283
20851056
20912953
20974925
21036769
21098591
21160403
21222351
21284327
21346214
21407986
21469829
21531728
21593626
21655459
21717369
21779271
21841033
21902909
21964669
22026487
22088301
22150152
22212013
22273781
22335631
22397497
22459407
22521273
22583182
22645041
22706993
22768827
22830745
22892657
22954553
23016426
23078156
23140176
23201860
23263902
23325679
23387534
23449366
23511181
23573105
23634998
23696830
23758762
23820577
23882632
23944442
24006348
24068350
24130274
24192170
24254043
24315943
24377847
24439749
24501677
24563547
24625365
24687396
24749334
24811221
24873071
24934989
24996876
25058744
25120480
25182343
25244257
25306073
25367887
25429700
25491648
25553513
25615378
25677272
25739003
25800866
25862745
25924453
25986366
26048274
26110064
26171884
26233678
26295585
26357494
26419274
26481174
26543075
26604892
26666598
26728576
26790502
26852403
26914309
26976169
27038154
27100179
27162012
27223825
27285709
27347539
27409445
27471306
27533167
27595104
27656871
27718844
27780742
27842523
27904461
27966316
28028240
28090038
28151906
28213831
28275695
28337625
28399510
28461378
28523284
28585144
28647043
28708879
28770809
28832745
28894574
28956574
29018343
29080288
29142088
29203961
29265768
29327621
29389530
29451361
29513241
29575184
29636972
29698933
29760708
29822615
29884568
29946467
30008423
30070282
30132163
30194096
30256016
30317781
30379662
30441474
30503534
30565410
30627296
30689181
30751121
30812984
30874745
30936605
