1
47714647
47629425
47517522
47544604
47430233
47447255
47384501
47374140
47549231
47137788
47199937
47278392
47341657
47366262
47266309
47242567
47388078
47313826
47168798
47355930
47308045
47290195
47289132
47379074
47243066
47251588
47186081
47256263
47203649
47406372
47359921
47295479
47379861
47273251
47253486
47345834
47331034
47210701
47227752
47105820
47309895
47269827
47253796
47134606
47167526
47256984
47176993
46888538
47178540
47080856
47131572
47303799
47222596
47236453
47179304
47135577
47325279
47373463
47160512
47235009
47206676
47372657
47303803
47363357
47388055
47170378
47235451
47276387
47385379
47174601
47262807
47428739
47245124
47483285
47278086
47327151
47377759
47247189
47148928
47166976
47122926
47107931
47365111
47217798
47206796
47284480
47171636
47319436
47354553
47234296
47427136
47411884
47225701
47202220
47225453
47310460
47227737
47271254
47103931
47179531
47291646
47476810
47262676
47251529
47348734
47275918
47371701
47349584
47300958
47413619
47305106
47369363
47289395
47347163
47357988
47249995
47308373
47259438
47447134
47403374
47435719
47184941
47234623
47380074
47209421
47241251
47376419
47405693
47079777
47250390
47136280
47372402
47108366
47284749
47225713
47348309
47343832
47263615
47218024
47391572
47294650
47333933
47248053
47350461
47471680
47348744
47445243
47286413
47432474
47312405
47272629
47280786
47315700
47367650
47368389
47175826
47215416
47271431
47176118
47139659
47107573
47232885
47180967
47125028
47313030
47205173
47433857
47308500
47178777
47327410
47118363
47250575
47253108
47362566
47299407
47344716
47286830
47269751
47437495
47378447
47447040
47357518
47293141
47484001
47454044
47369557
47191658
47356123
47090684
47268160
47230993
47374308
47324032
47275505
47299123
47242751
47211624
47181369
47291930
47431544
47318687
47218100
47359293
47176706
47316505
47253459
47243101
47300001
47466060
47265853
47332166
47382646
47369987
47394076
47349273
47469585
47334587
47200774
47065914
47179211
47026259
47329085
47240024
47033692
47221734
47258383
47211208
47240089
47187961
47212443
47237853
47105946
47070229
47266084
47224517
47212458
47192543
47485108
47291411
47264139
47306646
47436505
47159609
47345529
47539305
47381455
47464668
47414663
47471978
47354716
47348593
47566026
47331214
47361486
47431611
47379488
47342207
47470734
47351924
47391788
47422331
47432342
47460796
47329482
47394968
47166325
47328469
47258365
47241329
47182588
47333448
47554336
47394273
47165907
47230690
47148172
47264455
47243390
47256361
47148100
47334977
47244679
47313127
47379103
47175621
47277121
47288117
47241743
47408578
47468571
47111714
47417491
47261036
47368715
47133501
47138435
47354078
47375165
47287872
47248557
47333979
47189335
47120516
47191988
47116597
47204389
47203694
47205058
47097402
47242466
47306199
47237816
47340843
47423128
47180450
47373587
47305077
47342871
47308620
47439006
47449461
47253976
47315044
47416819
47281730
47488191
47288442
47365211
47134451
47219019
47203361
47321280
47351556
47318372
47194695
47269042
47321452
47226612
47031829
47214896
47087154
47142895
47013240
47107016
47150258
47265303
47190029
47167540
47262544
47150519
47418908
47525476
47172107
47467687
47369780
47319565
47283714
47403590
47192869
47459422
47150860
47384436
47311865
47357747
47371869
47228305
47323228
47432889
47321319
47138886
47383084
47173380
47247066
47154913
47296094
47316803
47446851
47287131
47396031
47474543
47257988
47399211
47312409
47368372
47208308
47320608
47298786
47272386
47240192
47298364
47249472
47280524
47360948
47418296
47445495
47340492
47356227
47119047
47360560
47236622
47262937
47210587
47246649
47153140
47376898
47241201
47289186
47216043
47448780
47333175
47403713
47437591
47393861
47273052
47296024
47101843
47332764
47284686
47144199
47195145
47202596
47386474
47254698
47374296
47354073
47427703
47162952
47312775
47283861
47406669
47336910
47501019
47085433
47349816
47315627
47268438
47255549
47092880
47195413
47184421
47336142
47394359
47287520
47292428
47199765
47162386
47398226
47272948
47354038
47067057
47278475
47276116
47335421
47296263
47064359
47175948
47188286
47145927
47089438
47362295
47460905
47153688
47287077
47286046
47269269
47316309
47286926
47184184
47480669
47295330
47331702
47260401
47327587
47161856
47186611
47112600
47351200
47190416
47363328
47104597
47288108
47244419
47220888
47421988
47353914
47172500
47176625
47280486
47170445
47202286
47315660
47362260
47252304
47417298
47337867
47371386
47539692
47508686
47454529
47608399
