0
0
0
17
17
17
23
32
32
32
32
62
111
136
136
146
146
146
146
146
174
205
205
205
205
214
216
216
216
216
222
222
241
252
252
252
252
252
252
256
285
313
381
404
421
421
421
421
421
421
478
478
478
488
488
559
597
597
597
605
628
628
628
628
628
632
632
641
686
721
721
721
721
721
721
721
721
721
730
736
744
744
745
762
762
762
762
762
762
762
762
762
762
762
762
762
762
780
780
780
782
782
794
811
855
881
911
938
950
956
956
956
956
956
956
1006
1006
1006
1027
1040
1058
1058
1072
1072
1081
1081
1081
1081
1081
1081
1081
1081
1081
1081
1081
1100
1117
1137
1158
1162
1162
1162
1162
1162
1231
1244
1244
1244
1244
1244
1254
1270
1289
1289
1289
1289
1289
1289
1289
1289
1294
1303
1316
1347
1363
1365
1365
1365
1365
1365
1365
1365
1365
1368
1420
1434
1445
1450
1450
1450
1450
1450
1476
1476
1476
1476
1476
1476
1476
1476
1476
1477
1477
1477
1477
1477
1477
1477
1518
1548
1591
1629
1637
1637
1637
1637
1637
1637
1652
1706
1706
1721
1755
1755
1755
1755
1783
1783
1783
1783
1785
1785
1785
1785
1785
1785
1785
1786
1786
1786
1786
1787
1793
1793
1793
1793
1793
1793
1864
1871
1871
1874
1874
1882
1882
1882
1882
1882
1897
1898
1901
1927
1927
1935
1947
1949
1949
1951
1951
1951
1951
1951
1951
1951
1951
1958
1971
1975
1983
2005
2025
2048
2048
2048
2048
2056
2108
2108
2108
2108
2121
2121
2121
2121
2121
2121
2121
2121
2121
2121
2121
2126
2206
2218
2266
2340
2354
2395
2420
2420
2420
2420
2420
2429
2458
2501
2501
2501
2505
2505
2531
2531
2531
2531
2532
2532
2532
2532
2532
2532
2532
2532
2532
2532
2532
2532
2559
2559
2559
2559
2559
2559
2559
2559
2573
2600
2600
2600
2600
2600
2600
2600
2600
2600
2630
2643
2643
2650
2666
2666
2670
2674
2689
2689
2689
2690
2701
2701
2711
2744
2747
2750
2774
2796
2796
2804
2804
2804
2804
2842
2880
2880
2880
2880
2891
2891
2891
2891
2891
2891
2891
2891
2891
2891
2891
2930
2977
2991
3028
3061
3064
3144
3158
3158
3158
3158
3158
3158
3166
3227
3227
3236
3245
3252
3316
3316
3316
3316
3356
3374
3374
3374
3374
3374
3374
3374
3383
3406
3433
3433
3436
3436
3436
3436
3436
3436
3436
3436
3461
3471
3471
3471
3471
3489
3489
3489
3489
3489
3489
3489
3489
3540
3548
3550
3550
3557
3592
3592
3616
3616
3616
3616
3646
3659
3659
3662
3690
3695
3696
3712
3712
3712
3712
3735
3746
3746
3746
3789
3812
3813
3813
3823
3823
3823
3823
3823
3823
3823
3823
3823
3840
3862
3902
3923
3961
3995
4038
4045
4045
4045
4045
4045
4045
4068
4068
4068
4073
4115
4165
4178
4200
