1
161109901
161001284
163526086
162260749
165248587
163604394
162114567
161890566
161857757
160406307
162085161
161819211
163798122
162093819
162267121
163425904
161150921
163294471
162481247
162754324
162048743
161201258
163762395
162634675
163157930
163420226
162885344
158842055
161360468
164423144
163783633
164363357
162331399
161692002
161896342
162998196
163403347
162081689
161226481
163100547
161075681
161014849
163005321
162018081
163071459
161563522
162809510
160634676
162814409
162183661
163619290
164388115
162461874
161456849
160007731
165069851
162212081
161866052
161417640
163487704
161470364
162492218
160543645
162973441
162266381
161509091
162366564
163527324
160385407
161504594
161539481
161152493
161266721
161476153
163293254
160757765
162676919
161154035
162693296
160518432
162523550
163009475
162496278
161767832
163412805
159541388
161434797
161479030
163499451
161865727
162780138
162735989
160855505
164174829
161238968
161386712
161942858
163388555
161506900
161780997
163110415
163237008
162007584
161156066
161490744
162319980
162246276
161173237
163109646
161094143
161616699
162426731
158440217
160317037
162336450
160567278
163681127
163112788
161187341
162820394
162794622
162326689
162730074
160339261
160902644
160090748
162958841
162689535
161808844
162357662
162587203
161501198
161886265
163098769
160945111
163103030
161841859
161544941
163462165
162252048
160360647
162324057
162708065
161106752
162240032
163938970
160986938
163084439
160715221
161879394
161921889
163106431
163036885
162028227
162061134
162109119
161962295
160272217
160892878
160909513
160949100
160389583
164177293
162284898
161765813
162019741
161972143
161930750
162455949
162695220
161206199
162211987
164067247
162003658
164382603
163560336
161474336
163678295
162022782
159930669
162895423
161381672
160747789
162882289
160864119
161791767
162053472
161085919
163276064
160702749
161321741
162403181
163193172
163722509
161808788
162577794
162353565
161625049
162760410
160029890
161170494
162107443
162699583
163070318
164557936
162292815
160675977
162007249
162721412
162915156
162564160
161919803
164352745
163814917
162180119
161785646
163527754
163072734
161965018
162348482
161431911
163693681
160686309
160372707
162072384
162040314
162174619
162035108
161736557
162246533
162273360
163190259
163737567
162322537
162635425
162105559
161894834
160749786
161802529
162084513
162410395
162697887
160070917
162286118
162047201
162749765
161493136
163264499
161498442
162577279
163694974
161552204
162360129
162463812
160332742
161192453
159943970
161005885
161038199
162859873
160254993
162049532
163660018
160105727
162259771
161819473
163085817
162344003
162638042
161024336
162180806
162981183
162127469
163210695
162263868
161459032
162677688
160502360
162470243
162361893
161043543
161885843
163073042
161924358
161594986
162451408
161187160
160937832
162414671
161494862
162476714
161259911
162744814
161532497
161824150
161154770
161629417
162508238
161471865
162984126
161618924
160586435
163288951
161416901
161935804
162154425
164589230
163310728
163393283
160955378
163026448
161634476
164103530
163071988
161710210
162305866
161593873
162301940
163523208
162636789
162921006
161596345
163035741
161202647
161495624
161662735
162742792
160652073
163254237
161352757
161107854
161541789
161924290
160979642
161542931
162725919
163130477
164031556
163696685
160567572
162258139
162704205
159922190
162374886
162578730
160993817
163623468
162388634
161934444
161973919
161329803
161059122
162019457
161869937
161396594
160376624
160480585
162124397
163024809
162136045
162284760
162846280
162023243
162169489
161559500
161920112
162036525
162403891
160719010
160210366
164123854
162123814
161022766
163282853
160656848
162275023
162565888
163223911
161713378
162837259
162040805
160186446
160378345
162101161
160850503
161978284
160918624
162959394
163844964
163048331
162603958
161898879
163179441
162560492
163133123
162698294
163261845
161496715
161190224
163826973
164041094
162412788
162114678
162859432
163646873
162831493
162051748
161988372
161812262
163623541
162573916
161892891
161231986
160671460
162672472
163429246
161316482
160314075
162194563
161801927
162152661
161248673
162569014
161031312
161810908
161599273
160324679
159772389
163944664
162708251
161551572
162685008
162894905
162880993
161033134
160265755
160511628
163106070
160192362
163511241
162054009
162899659
161170094
163630487
160422881
160041657
163496940
160680745
162743625
162162233
161867808
162948078
164664538
161849612
163183192
162509791
161243719
164629277
161173629
159333024
164022113
161612957
161705400
163567621
160565697
161442299
160552756
162315607
162679435
163334660
160949367
162725400
162980264
163120079
160919981
162398058
161161930
161546764
161801693
163158703
162172465
162294468
161963875
160724873
161863028
162378008
163313504
161953346
160806584
161425208
163464152
162226211
163085942
160463412
161982402
160722765
159857739
162064897
164023110
164145341
