1
165358837
163622306
165604339
163632929
162685311
164336231
166135976
165861925
164295279
163766384
164167366
164285454
163718102
165038093
164826889
164592708
162211970
164044040
162918393
166666087
163634730
165450821
163816162
164276265
164481391
166254299
163911367
164896243
165374391
166252516
164489604
164941537
163995813
164779091
163852518
166069659
164879674
164761878
164756375
165597694
165268171
164820881
162875865
164339617
163804250
165978842
165966870
164344110
165983312
165149249
165824042
165098392
162793419
165070485
163704733
164850585
163543159
164274036
164563299
162557295
161923738
162206853
163912686
164507050
166986024
164158610
163862990
164988484
164322716
163470752
164333950
166090289
164915798
164155220
165878168
165340416
165163359
163409370
164825497
162326047
164794090
166215131
165597325
165298960
163261551
163881578
165117773
163991477
165119439
163941464
165593529
163827627
163892959
164398110
162690580
161904515
164659835
166403509
163297571
163468281
166095664
164577267
164176781
163145062
163577100
161480625
164887156
166460820
163238246
164165080
165217074
164002559
164160011
163761499
163799798
165697425
163829012
163712748
165850826
164533509
160814146
165277605
163383803
166259198
163839019
164210784
166048355
165964087
165279855
164929634
164825074
164169899
166259878
163902837
164098919
164281953
166654359
165072072
165177386
163914248
164862931
165515431
165850117
163004778
165362028
166671032
164534058
164772222
164075539
166010690
164395999
164046413
165138151
163895043
166826673
165502855
163710656
165961182
163561605
164157624
165080847
163306437
164991141
163841253
165571204
163546386
165023131
164991846
163146405
165732159
165213590
164541645
165858350
163221248
164820099
164465056
165812790
166015657
165800148
165234836
165195708
163496288
164897322
163455347
165363389
163303048
164128218
164786561
162720074
163841154
164873029
163903753
163624372
166279717
163438614
163604877
163846230
165058343
162807048
166056484
164143085
165956549
164809039
164407834
165655867
163428259
165628224
162925092
164912772
164644967
164447983
163671808
163200971
163590744
164852422
165202337
165860605
164387149
163176014
165051458
165117394
163924333
163158949
164856056
166244005
164769906
162876621
164892836
165098576
164342367
162649993
163392192
165461382
163155238
165903804
165746785
164334627
163480571
164233010
164786291
166646634
163586992
166434244
163237132
164800472
165311564
162806429
164223574
165475367
163345278
163391415
165935681
163726279
164416468
165132538
165330909
163988642
165247415
165205306
165211665
163508535
165090281
166016570
165543103
165282359
163475463
163883656
165558340
166415708
165845419
163508468
164435514
164078727
164979471
164454945
164836248
164195268
164116346
164224640
166813636
162901816
164358799
165511833
165072844
165153037
165471809
161878333
165747924
164911826
163209949
165025481
164622575
163576785
163598318
164520541
163154943
165420977
164188513
164132117
162992995
166194868
164511183
162855863
162366897
164880001
165219327
165926509
164190839
164749116
164083595
166919863
164494299
163638285
163476123
163691518
164356284
163783319
164970493
163450842
162784621
164042607
163126635
165311540
165250730
164324469
164823248
164344081
163676731
165456954
164274764
164366135
165506190
165311071
163776737
165300447
164422230
162520220
163304025
163176446
163579409
164410953
164308284
164265697
165029111
163635536
165194892
163151862
165365717
163132633
163294567
165807909
164278952
163667846
164404905
162833525
164071211
164019521
163297736
164414186
164045167
164994377
164068429
163759610
163060073
164318634
163321318
166195725
165710355
163792869
162765461
164354792
162613851
165145442
163812872
165696118
165803662
164228127
165791359
164476163
164842265
164911390
164003383
162451297
165250910
164216695
163828822
165441899
165619768
164718269
163710554
164599924
163525848
163712582
164079896
164479705
165908586
164633120
163074990
165240518
166094392
164641561
166555050
165601701
165108148
166687215
166405552
165968983
164582288
163644233
164815390
163456610
163385316
165546465
167057768
165823553
163111124
164073632
165425671
165042460
166113005
163636271
163666316
165123775
164719699
162888830
165060474
165318634
163701192
163137831
164633777
163060197
166034195
164792879
165234421
166225269
162500639
164964088
163733585
165533605
165904385
163709734
164363286
163677666
165029007
163937821
162978393
165068530
164672833
163339243
166350681
164762735
163413890
162697325
163798136
164690809
164971472
164278008
166017455
163914982
163900551
164454725
165089075
165526875
164339240
165878789
163051026
165114702
163457711
165846585
162961994
164947554
164871674
163707679
163668078
165189522
161682489
165018122
164216349
164425396
162939413
163429164
166776455
163809923
163787803
165033050
163231111
164620288
163478367
164137825
165309429
164114314
164800528
165865014
163714129
165281292
163542982
162912923
165129441
165135325
164459960
