0
56704
113477
169873
226208
282915
339234
395722
452412
509061
565629
622079
678658
735030
791634
848363
904854
961404
1017737
1074363
1131264
1187813
1244846
1301717
1358431
1415243
1471685
1528114
1584778
1641733
1698118
1754734
1811626
1867960
1924531
1980927
2037407
2094111
2150863
2207431
2263825
2320539
2376810
2433299
2489992
2546718
2603274
2659838
2716081
2772188
2828515
2884755
2940904
2997460
3053692
3110449
3167139
3223884
3280321
3337274
3393911
3450460
3506869
3563763
3620003
3676302
3732735
3789387
3846165
3902690
3959388
4015539
4072215
4129124
4185575
4242547
4299003
4355402
4411952
4468675
4525216
4582186
4638835
4695587
4752366
4808709
4865316
4921757
4978512
5034898
5091305
5147534
5204267
5260600
5317270
5374208
5430897
5487387
5544002
5600662
5657418
5714292
5770840
5827053
5883753
5940274
5996649
6052927
6109837
6166461
6222941
6279668
6336457
6392852
6449279
6506335
6562664
6618880
6675853
6732147
6788622
6845045
6901793
6958305
7015175
7071772
7128514
7185217
7241713
7298377
7354746
7411299
7468132
7524590
7580857
7637414
7694120
7750776
7807515
7863927
7920780
7977044
8033618
8090180
8146647
8203457
8260018
8316574
8373277
8429898
8486436
8543029
8599752
8656391
8712636
8768933
8825246
8881781
8938528
8995032
9051536
9107987
9164547
9220931
9277314
9333908
9390807
9447387
9504147
9560988
9617583
9674413
9731246
9787468
9843995
9900565
9957074
10013600
10070065
10126397
10183086
10239526
10296017
10352636
10409198
10465730
10522662
10579488
10636006
10692828
10749314
10805929
10862193
10918621
10975143
11031817
11088185
11144849
11201279
11257926
11314534
11371286
11428060
11484438
11540819
11597415
11653731
11710038
11766685
11823269
11879716
11936665
11993329
12050365
12107053
12163745
12220393
12276881
12333351
12390143
12446919
12503552
12560333
12616907
12673320
12730103
12786473
12843036
12899593
12956417
13013010
13069666
13126007
13182640
13239271
13295832
13352592
13408995
13465669
13522321
13578898
13635611
13692448
13748832
13805523
13862256
13918993
13975702
14032370
14088631
14145093
14201801
14258344
14315013
14371688
14428418
14485064
14541565
14598271
14654539
14711155
14767835
14824423
14880918
14937522
14994101
15050902
15107846
15164630
15221237
15277699
15334157
15390531
15447233
15503845
15560147
15616628
15673357
15729550
15785891
15842693
15899816
15956410
16012611
16069109
16125958
16182582
16239039
16295597
16352162
16408587
16464990
16521759
16578413
16634715
16691312
16748196
16804743
16861578
16918281
16974762
17031437
17087902
17144753
17201563
17258281
17315109
17372045
17428081
17484695
17541186
17598043
17654468
17710986
17767669
17824321
17880847
17937192
17993773
18050403
18107370
18163986
18220618
18277042
18333420
18390470
18446967
18503616
18560305
18617157
18673643
18730585
18786993
18843456
18899803
18956568
19013486
19070108
19127103
19183677
19240554
19297088
19353521
19410155
19466627
19523189
19580013
19636626
19693050
19749475
19805853
19862323
19918805
19975065
20031824
20088519
20145071
20201158
20258028
20314291
20370695
20427558
20484151
20540546
20596775
20653374
20709960
20766419
20823321
20880059
20936178
20992661
21049122
21105700
21162387
21219217
21275939
21332410
21388981
21445582
21502044
21558594
21615203
21671941
21728023
21784196
21841113
21897638
21954284
22011363
22067804
22124482
22180829
22237376
22294036
22350466
22406684
22463189
22519529
22576308
22633168
22689974
22746769
22803296
22859759
22916764
22973397
23030039
23086508
23143338
23200034
23256689
23313133
23369493
23425967
23482657
23539252
23596084
23652732
23709450
23765854
23822422
23879416
23935618
23992024
24048508
24105199
24161953
24218549
24274835
24331710
24388351
24445220
24501789
24558587
24615006
24671354
24728264
24784672
24841473
24898135
24954450
25011434
25068111
25124692
25181633
25238047
25294924
25351602
25408181
25464514
25520938
25577390
25633851
25690431
25746782
25803362
25859567
25916076
25972606
26029386
26086071
26142466
26199172
26255799
26312080
26368567
26424950
26481344
26538192
26594583
26650986
26707577
26764303
26821330
26877528
26934305
26990974
27047543
27104425
27160870
27217417
27274210
27330823
27387702
27444284
27500403
27557163
27613614
27670353
27727096
27783704
27840416
27897073
27953627
28010445
28067177
28123885
28180499
28237125
28293445
