0
0
6
62
73
87
116
116
116
123
132
132
132
132
132
178
178
180
182
182
197
217
217
231
234
284
311
327
340
371
378
409
418
438
444
445
474
508
513
526
539
540
545
545
596
619
627
627
657
657
685
694
713
713
713
714
726
726
757
762
791
803
806
806
809
813
816
825
832
832
832
832
845
853
853
873
873
873
876
876
899
906
916
916
916
921
940
956
958
958
958
965
965
994
994
1009
1042
1051
1073
1088
1125
1125
1127
1178
1220
1220
1220
1245
1245
1284
1289
1330
1336
1336
1349
1385
1385
1396
1396
1429
1458
1504
1504
1513
1518
1541
1563
1592
1609
1625
1662
1724
1733
1784
1784
1784
1808
1808
1857
1895
1904
1904
1933
1937
1940
1988
1996
2013
2013
2031
2033
2034
2091
2093
2115
2117
2117
2117
2129
2142
2156
2156
2156
2158
2174
2181
2181
2191
2191
2219
2236
2242
2242
2242
2250
2263
2294
2294
2294
2294
2298
2306
2313
2313
2313
2313
2337
2344
2344
2349
2360
2382
2382
2390
2441
2449
2449
2488
2522
2522
2522
2526
2526
2554
2554
2584
2584
2584
2611
2630
2630
2639
2639
2645
2707
2727
2727
2742
2742
2761
2795
2814
2849
2853
2864
2895
2895
2915
2915
2915
2922
2930
2962
2974
2974
2974
3002
3020
3020
3056
3059
3071
3071
3081
3096
3096
3157
3161
3178
3206
3206
3206
3206
3218
3219
3219
3230
3252
3270
3289
3295
3322
3322
3344
3344
3344
3344
3344
3344
3351
3391
3391
3391
3391
3418
3420
3420
3420
3420
3420
3473
3476
3495
3519
3524
3539
3539
3542
3595
3645
3645
3678
3700
3704
3704
3712
3712
3753
3759
3808
3834
3834
3842
3859
3859
3859
3859
3879
3942
3942
3942
3942
3942
3948
3964
3988
4036
4060
4078
4110
4115
4121
4121
4127
4136
4170
4213
4221
4225
4232
4286
4286
4286
4323
4323
4341
4341
4362
4385
4389
4424
4424
4447
4469
4469
4469
4469
4486
4491
4491
4491
4491
4522
4526
4526
4556
4556
4562
4562
4588
4588
4588
4588
4588
4613
4613
4613
4613
4615
4615
4616
4616
4625
4625
4695
4714
4736
4769
4773
4778
4778
4778
4840
4886
4886
4930
4955
4958
4958
4958
4958
4972
5000
5068
5070
5070
5073
5117
5117
5129
5154
5188
5234
5234
5234
5234
5234
5234
5234
5264
5287
5325
5332
5351
5360
5373
5379
5393
5399
5404
5426
5426
5433
5435
5480
5480
5480
5494
5494
5494
5494
5516
5522
5525
5538
5562
5562
5562
5562
5562
5562
5579
5592
5592
5595
5614
5647
5647
5647
5670
5673
5681
5681
5701
5701
5701
5701
5701
5741
5741
5741
5741
5746
5760
5760
5768
5782
5782
5857
5901
5913
5931
5956
5956
5956
5967
6006
6026
6026
6054
6095
6102
6116
6143
6143
6143
6160
6254
6265
6266
6269
6334
6334
6350
6363
6367
6407
6407
6407
6407
6407
