0
5
6
13
13
13
13
13
13
20
20
20
20
29
29
36
36
36
36
36
36
36
51
51
51
59
59
59
59
59
59
59
59
61
61
61
61
61
61
61
61
61
61
61
61
61
61
66
66
66
66
66
66
66
66
66
66
80
92
92
92
97
97
97
107
127
133
150
153
155
155
155
155
155
159
177
189
189
189
189
189
189
189
189
207
219
219
219
219
219
219
219
245
245
254
258
262
263
263
263
263
263
267
284
284
284
294
295
295
296
297
297
297
297
303
303
309
315
317
335
335
335
335
335
335
335
335
335
335
336
336
336
336
336
336
336
336
336
336
336
336
336
336
336
336
336
336
336
336
336
344
355
373
373
373
373
373
373
386
404
407
421
429
436
436
436
436
436
436
450
469
469
469
475
475
475
475
491
513
522
522
522
522
522
522
524
536
536
549
550
562
568
568
568
568
568
568
568
568
568
568
572
572
572
572
572
572
572
572
572
572
583
583
583
583
583
583
583
583
583
583
583
583
595
595
595
595
595
595
595
595
595
595
595
595
599
599
599
599
599
599
599
599
599
603
631
648
648
648
651
651
651
660
674
674
674
686
696
698
717
717
717
717
735
761
762
762
783
783
791
791
794
812
812
812
812
812
812
812
820
823
823
823
823
823
823
823
823
823
823
823
823
823
823
823
823
823
823
827
827
827
827
834
834
834
835
844
848
848
848
848
848
848
848
848
848
856
867
869
882
882
882
882
882
882
882
882
882
885
886
886
886
886
886
886
886
886
886
887
909
915
915
915
921
921
922
929
933
933
941
943
958
958
966
967
968
968
971
988
992
992
992
992
1000
1003
1014
1014
1014
1014
1014
1014
1014
1014
1026
1033
1033
1033
1033
1033
1033
1033
1033
1033
1033
1033
1033
1033
1033
1033
1033
1033
1033
1033
1033
1033
1033
1033
1033
1033
1033
1036
1036
1036
1036
1036
1036
1036
1036
1036
1038
1052
1053
1060
1078
1078
1078
1083
1107
1107
1107
1107
1107
1107
1111
1111
1120
1120
1120
1126
1126
1126
1126
1126
1141
1155
1155
1155
1155
1155
1155
1165
1177
1177
1188
1215
1222
1243
1243
1243
1243
1243
1244
1268
1268
1268
1268
1268
1268
1288
1295
1305
1305
1305
1305
1305
1315
1317
1329
1329
1329
1329
1329
1329
1332
1332
1332
1332
1332
1332
1332
1332
1332
1335
1343
1343
1343
1343
1343
1343
1351
1351
1351
1351
1351
1351
1351
1351
1351
1351
1351
1351
