1
48149781
48126925
48085900
47980604
47807720
47869133
48067737
47808219
47961198
47956386
47942411
47898555
47919230
47824070
47989502
47816310
47776480
47751055
47819839
47867423
47913342
47895996
47914762
47966538
47908298
47872026
47871698
48032420
47938160
48012960
47878334
47900721
47735977
47715993
47828687
47701047
47890595
47970848
47783579
47696976
47703624
47753843
47746153
47713553
47665359
47914132
47872211
47938450
48027737
48075973
47951230
47868326
47903877
47772135
47843892
47862114
47851729
47919129
47596417
47603580
47828932
47821835
47932558
47875902
47841447
47851260
47925580
47866481
47785256
47657526
47807587
47844619
47749383
47902778
47906468
47767109
47763768
47737851
47870659
47905487
47838073
47809257
47808088
47772748
47781764
47844004
47929125
47797950
48009363
47804710
47782379
47827371
47874429
47724487
47898761
47839193
47860095
47855322
47871060
47634354
47765769
47789161
47877297
47894116
47697808
47677028
47740208
47756273
47714814
47757816
47628119
47677372
47617191
47731036
47614540
47766362
47897118
47845903
47845436
47728584
47764592
47826302
47734854
47979939
47828823
47832362
47731426
47904737
47709252
47858783
47885963
47881181
47870100
47620642
47848839
47900679
47851046
47658616
47842317
47905781
47903998
47591260
47815569
47850338
47703399
47862636
47850013
47893436
47909858
47801085
47783387
47850152
47790458
47814211
47802311
47755421
47914455
47835790
47744083
47678748
47791119
47769783
47663527
47747944
47837113
47744365
47957988
47922556
47747155
47841906
47751964
47845413
47786109
47736073
47790415
47858328
47902370
48015989
48030795
47834754
47820773
47783221
47810854
47806513
47775060
47719368
47666112
47688014
47786412
47881273
47889911
47926463
47863887
47774866
47667302
47839157
47765286
47796100
47569112
47695898
47736405
47883453
47958516
47693485
47679952
47732475
47861470
47664935
47739375
47824112
47643838
47603752
47690120
47680023
47707081
47762390
47751036
47803635
47759765
47794226
47782811
47823575
47769324
47784354
47735864
47863797
47728368
47956950
47727122
47792689
47888436
47833815
48006882
48008685
47712707
47807840
47707217
47838675
47858145
47713787
48015702
47800269
48089802
48020108
47964525
47874675
47984403
47919415
48015080
47866825
47877186
47954159
48077016
47938822
47907687
47955591
47797288
48013766
47910310
47810429
47691453
48053958
47802173
47684260
47906695
47857261
47833300
47973350
47993901
47992645
47955484
47807533
47728923
47888274
47790300
47934265
47911944
47849635
47876089
47798069
47801363
47787617
47783277
47910162
47794415
47794757
47631013
47817594
47729505
47874057
47549113
47876954
47719966
47669708
47816867
47581968
47751726
47946070
47767529
47794373
47799441
47879108
47766187
47699541
47673428
47778672
48002782
47844873
47860447
47932560
47782659
47899097
47796976
47701294
47660543
47707406
47872593
48227143
47931291
47839961
48074872
47964038
47827308
47965295
47793957
47900805
47904763
47738565
47746445
47908426
47895240
47813034
47739618
47930930
47979148
47822949
47475700
47664639
47657757
47744578
47665091
47833818
47797955
47800166
47573269
47782456
47712888
47875803
47824512
47636503
47653569
47708345
47628145
47534403
47832539
47955539
47769929
47776189
47847400
47774690
47891618
47704645
47861152
47775351
47795798
47722140
47770312
47768900
47710323
47907149
47730183
47809818
47872779
47718819
47744186
47811023
47887528
47857350
47802030
47658885
47766949
47694598
47744044
47871938
47835580
47860730
47664147
47879068
47767260
47557158
47829724
47625926
47794552
47642779
47853600
47836493
47689667
47787994
47802642
47757954
47762764
47816143
47900092
47964931
47774136
47812889
47817085
47846394
47951033
47937400
47783892
47829777
47676142
47868042
47888463
47865722
47962788
47872553
47859112
47883688
47959579
47854194
47866169
48020196
47901106
47775425
47819057
47854036
47903933
47834544
47886681
47910434
47813098
47854646
47747491
47719046
47903179
47733358
47849472
47913612
47939292
47814542
47919214
47917808
47922920
47776341
47827279
47890121
47850897
48013914
47810737
47877973
47843090
47847270
47876530
47890926
47825890
47867687
47850756
47782890
47825487
47821529
47830276
47886706
47864761
47736836
47832829
47731503
47666709
47744051
47855156
47836677
47808346
47886637
47921865
47835916
47927652
47732974
47948258
47994335
47746795
47752025
47870174
47801135
47854626
47685179
47811545
47894969
47920335
48008932
47837824
48014003
48045817
47867912
47827000
47843173
47991657
48025223
48096103
48074994
