1
56979555
56862804
57064228
57182288
57030453
57298217
57254913
57209079
57124233
57045894
56858149
56937679
56998914
56957181
57177248
56984233
57116098
57095713
56919638
57189955
56856036
56999760
57133933
57061569
57099953
56891278
57143160
57017933
57202054
57133459
56983659
57302858
57274347
57045279
56914908
57004895
57161169
57206637
57179693
57139619
56871479
56842365
56745218
57033446
57105512
57119609
57236428
56939849
57017672
56971539
56992737
56879518
57282525
56952708
56984098
56904090
56794282
57223132
57157893
56978238
57051304
57075484
56876826
57351254
57004637
57303380
57135266
56975477
57125872
56878552
57239661
56885660
57146571
57073454
57134731
56843217
57020305
56974726
57196992
56971599
57190103
57135845
57298629
57083009
57085946
57230770
57185474
56924549
57145668
57112557
56940028
57016802
57174882
57063733
57046270
57100673
57170079
56944310
57095481
57207082
57136755
56939919
57040790
56939928
57250324
56807970
57092742
57053746
56948056
57143916
57049457
56872211
56942190
56781993
57004891
56887114
57028771
57087017
57176871
56971193
56968458
57152260
57019743
57354937
56895515
57136686
56925871
57033810
56838247
56980067
56852554
56866662
57022408
56865393
57153548
56954908
56873004
57080125
57119679
57176713
57080762
56796459
57043297
57266442
57181295
57169826
57363864
57051846
57183226
57018024
57020172
57004469
57101963
56864186
56917084
56989802
56959996
57025522
57196869
57031602
56771754
56885690
57065370
57108356
57135183
56898342
57196401
56984650
56885849
57024975
57231465
57068742
57103439
57165139
57273004
57289785
57210353
56866372
57095767
56803261
57141040
57167235
57046938
57243317
56988486
57060444
57216573
57234421
57081936
57100051
57140567
56960395
56854018
57079429
57145529
56970123
57167410
57000344
57053944
56767616
57246756
57150655
56976852
57142308
57071829
57279822
56889589
57134689
56897440
57193895
57147226
57195875
57116085
57117799
57082607
57197570
57003790
56932660
57125834
57269115
57043143
57113864
57143265
57291457
56965512
57077285
56973989
57071167
56873891
56908056
56904739
57261575
57001195
56966137
57248364
57216025
57208461
57055306
56968104
56945709
57066263
57294614
56945042
56928532
57291403
57027309
56880779
57052479
56935063
57099074
57196061
57124302
57285202
57159815
56920838
57054999
56922769
56849013
56974864
57108330
57095041
57205089
57174862
57087695
56924063
57137699
57080471
56987418
57076817
57049012
57116699
56943288
57180968
57297594
56862012
56989470
57111738
57417192
56870988
56925427
57095501
56895993
57161503
57170588
57131174
56896471
57062305
56944714
57046163
57072152
57076280
57168124
56848422
57003114
56870257
57108369
56873864
56944406
57084641
56803989
57276771
56901759
57149515
57020464
57269391
57333905
56937254
56887826
57183504
56894933
56983608
56929461
57137231
56957073
57064829
57031785
56828062
57113808
56989677
56928114
57311061
56929976
57034023
56822318
56912983
56886918
56760034
56936372
56796158
57216806
57347069
56873809
57078818
57092965
56989483
57161876
56992456
57264835
57239257
56987103
57127520
57162189
57029579
57130779
57018908
57044301
57342070
57237795
56839782
57117250
56879991
57016061
57082505
57045347
56986017
57119366
57141452
57245901
57120099
57167968
57307886
57020977
57072315
56893996
57092055
56824191
57149251
57191723
57183836
56681658
57120073
57117501
56993960
57077956
57041637
56722715
56970261
57109608
56936768
57189121
57129545
57056592
57006220
57080316
57098382
57179502
57186768
57257902
57176857
57385135
56898789
56912314
56887795
57052579
57202395
57052923
56836331
57148211
57125831
57003685
57144928
57002812
57076602
56968369
57377590
57074974
57293323
56917879
57167336
57012524
57021108
57043198
56918455
57234130
57015094
57127887
56840678
57083227
56840115
57072504
57054125
57189454
57182246
57034931
56927399
56988940
57034600
57033850
57024474
57227662
57061455
56913144
57089406
57029137
56750640
57110749
56999287
57022439
57098113
57129347
56975734
57140037
57177789
56854729
57182817
56959674
57294178
56946424
57030268
57059329
57115219
56941304
57038042
57321632
57044668
56946196
57217209
57123019
57090191
57078676
56936035
56865308
57036296
57024286
56976125
57092743
56938610
56891396
56860430
56705807
57137681
56933433
57053616
56928866
57176180
57022553
57122599
56993519
57331147
57133255
56927102
57195227
56940009
56793281
56880892
57101096
57151056
56885121
57105889
57013075
56993349
56859454
57068733
57129427
57078562
57023148
57115860
57044604
57019720
57077578
