0
61877
123775
185490
247349
309234
371101
432905
494777
556638
618545
680387
742218
804090
865902
927814
989656
1051522
1113415
1175306
1237041
1298831
1360636
1422558
1484434
1546263
1608259
1670125
1731917
1793686
1855652
1917511
1979418
2041245
2103121
2164994
2226908
2288697
2350478
2412260
2474120
2536110
2597969
2659930
2721755
2783493
2845464
2907327
2969203
3031105
3092891
3154861
3216743
3278654
3340541
3402382
3464345
3526322
3588233
3650213
3712036
3773966
3835801
3897714
3959675
4021451
4083445
4145178
4207178
4269069
4330943
4392725
4454543
4516456
4578359
4640152
4701934
4763781
4825671
4887523
4949481
5011346
5073235
5135124
5196957
5258903
5320868
5382765
5444470
5506320
5568297
5630325
5692224
5754128
5815925
5877809
5939638
6001363
6063307
6125190
6187046
6248823
6310730
6372599
6434546
6496348
6558125
6619938
6681814
6743829
6805678
6867549
6929441
6991189
7052996
7114841
7176725
7238567
7300425
7362225
7424216
7486122
7548030
7609707
7671643
7733493
7795344
7857225
7919198
7981190
8043110
8104902
8166664
8228617
8290371
8352391
8414219
8476220
8538088
8599908
8661754
8723672
8785455
8847331
8909098
8971152
9032916
9094845
9156735
9218561
9280524
9342434
9404314
9466228
9528094
9590043
9651948
9713847
9775831
9837774
9899694
9961551
10023457
10085429
10147245
10209040
10270882
10332902
10394775
10456480
10518343
10580162
10642097
10703905
10765749
10827525
10889425
10951335
11013166
11075032
11137007
11198851
11260655
11322440
11384412
11446324
11508198
11570112
11631947
11693778
11755536
11817389
11879340
11941203
12003046
12064859
12126786
12188651
12250567
12312336
12374173
12436120
12498021
12559875
12621812
12683664
12745446
12807284
12869119
12930949
12992837
13054695
13116600
13178435
13240330
13302205
13364148
13425957
13487935
13549800
13611621
13673503
13735398
13797258
13859233
13921079
13982857
14044831
14106519
14168456
14230264
14292201
14354033
14415766
14477665
14539573
14601461
14663307
14725158
14787200
14849021
14910960
14972895
15034700
15096684
15158578
15220601
15282472
15344386
15406308
15468202
15530062
15592083
15653981
15715832
15777723
15839580
15901499
15963278
16025087
16086888
16148832
16210689
16272512
16334276
16396142
16457984
16519766
16581724
16643570
16705488
16767370
16829084
16891060
16953020
17014910
17076754
17138555
17200485
17262367
17324231
17386247
17448136
17509948
17571718
17633654
17695548
17757411
17819260
17881058
17943003
18005004
18066863
18128645
18190455
18252328
18314284
18376105
18438016
18499921
18561667
18623501
18685295
18747146
18808987
18870793
18932651
18994419
19056282
19118150
19180043
19241967
19303820
19365717
19427644
19489497
19551394
19613312
19675200
19737088
19798814
19860839
19922518
19984547
20046335
20108207
20170006
20231852
20293767
20355634
20417484
20479410
20541270
20603294
20665126
20726982
20789011
20850915
20912836
20974687
21036568
21098526
21160427
21222344
21284183
21346066
21408023
21469944
21531874
21593715
21655618
21717551
21779376
21841158
21903034
21964890
22026748
22088509
22150323
22212250
22274183
22335994
22397893
22459634
22521524
22583372
22645106
22707064
22768908
22830676
22892520
22954317
23016287
23078113
23139949
23201822
23263697
23325552
23387277
23449270
23511122
23573059
23634981
23696875
23758824
23820889
23882670
23944468
24006333
24068166
24130094
24191957
24253810
24315718
24377514
24439484
24501359
24563210
24625125
24686936
24748864
24810707
24872574
24934502
24996358
25058303
25120141
25182062
25243975
25305800
25367724
25429550
25491456
25553391
25615254
25677224
25739006
25800956
25862719
25924610
25986385
26048257
26110170
26172013
26233898
26295803
26357595
26419585
26481368
26543262
26605223
26667116
26729099
26790899
26852850
26914781
26976677
27038426
27100281
27162180
27224167
27286006
27347971
27409809
27471770
27533644
27595381
27657277
27719197
27781000
27842825
27904589
27966446
28028382
28090252
28152046
28213904
28275660
28337598
28399381
28461154
28523140
28584951
28646739
28708551
28770392
28832302
28894112
28956099
29018002
29079978
29141745
29203576
29265617
29327465
29389376
29451266
29513176
29575099
29637026
29698748
29760540
29822425
29884331
29946246
30008096
30069932
30131863
30193602
30255570
30317530
30379359
30441168
30503004
30564925
30626765
30688621
30750484
30812317
30874179
30936108
