1
88990516
88736956
88920768
89380418
89434487
88454768
88866926
89216612
89079556
89213304
89081258
89549903
89142106
88933627
89259806
88753867
88682682
89185808
89132287
88672397
88623383
88102701
88495166
88042403
88718848
88692863
89006401
88511883
89530075
88833455
88912175
88475800
88632450
88517579
88740447
89158266
88486538
88563705
88895073
88945228
88420968
88613527
88679389
89194596
88854250
88798674
88994210
88806798
88304411
89081416
88776080
88624020
89079456
88907304
89030642
89324044
88596909
89283524
88982758
89020281
88994313
89122281
88219425
88779649
89088496
89476305
89076785
88770524
88945383
88892613
89447641
88562746
89334200
88814782
89536280
88987002
88963865
88764783
88759201
89768809
88708205
88666959
89371101
89167668
89001579
89132254
88371897
88769876
89007745
88312161
88554080
88748564
89419084
88828309
88594046
88931257
88268459
89373551
89381010
88514283
88687217
88984380
88890030
88637906
89234016
88832542
89128829
88436422
89483382
88690029
88502263
89165292
89194633
88791094
88405654
89324533
88424253
88747205
88969914
88493518
88893514
88712640
88888034
88353380
88791280
88714447
88743333
88480272
88707020
89071609
89283919
88579576
89106720
88409191
88865493
88894044
88374508
88386672
88456246
89037263
89236142
88978615
88538015
88444353
88754234
88900468
88048812
88791538
88762443
88651734
88651870
89225805
89346370
88309238
89065358
88693245
89337426
89035465
88600127
89116990
88752612
88564219
88669063
88628972
88968255
89138220
88826157
89167394
89116981
89162596
88440942
89184014
88603339
88909034
88972804
88725217
89336542
88301271
89142524
88974826
89155711
87974675
88577768
87948320
88527612
88706530
89398775
88579213
88975614
88510016
89094778
89157356
89227499
88903176
89198184
88751788
89218056
88871341
88845770
88617525
89101315
89178902
88021455
88408070
88986239
88453905
88409886
89059573
88851386
88753060
88720434
88489664
88819166
88724601
88393343
89411536
88927195
89141482
89258449
88989272
88672975
88897247
88848839
87817949
88935228
88970555
88507196
88623765
88995095
88881544
88482245
89123479
88705627
88811140
88701418
89343238
89231237
89292752
88840243
88454840
88375210
89262023
88784861
89545468
88516153
89397982
88050687
88417085
88884271
88787423
89064424
88605711
88311139
89219689
88761365
89138840
88849062
88614988
88890740
88258421
89029712
89109963
88935096
88806067
88676185
88716059
88279839
88583570
89279434
89115945
88849555
88893994
88499605
89157456
88069593
88578401
88962831
88835771
87858190
88979678
88722831
88223422
88718758
88637008
88715936
89460455
88678443
88828275
89549050
88375058
89260188
88934596
88473958
88326656
88922646
89347963
88571426
89173614
88261198
88291586
88738237
88557426
88972938
88339412
89058200
88911403
89363460
88940193
88931564
88546857
88946532
88760921
88756076
88601202
89130701
88882924
88818952
88742802
89593966
89225607
88944061
89314856
88932907
89562219
89060978
88349386
89522452
89002693
87928422
88718931
89114848
89011038
89619418
89221090
89412576
89105655
89158157
89189636
89310995
88690235
88872944
88687034
89157557
88968601
88738079
89415012
88309530
89250234
88111717
89731222
88765446
88989813
89418997
88794622
89466977
88566582
89004742
88774180
88380391
88427331
89238391
89185731
88716154
88757900
88897479
88822763
88084902
88674864
89253279
88357864
88963157
88336128
88595724
88478312
88601225
88613563
88492481
89154085
89351454
88824967
88256000
88774393
89204185
88509788
88792796
89371422
88429088
89127937
88914844
88740242
88933813
89014965
88730667
88077321
89394458
89049651
88840870
88646712
88688310
88478555
88857168
88654900
89377763
88746403
88719873
88326017
88294488
88524906
88300657
88655691
88541410
88915878
89498556
87997741
88504438
88812860
88602499
88754168
88669883
89117540
89198589
88769264
88982894
88681456
88602964
89176303
88553580
89297175
89352321
89127867
89026469
88830668
88607440
89042841
88860260
88887903
88755140
88808475
88333711
89223314
89096803
87901058
88369221
88623588
88210801
88112433
89511560
88421902
89094597
89108022
89033386
88108590
89024483
88694003
88682552
88956840
89091369
88801838
88171188
88217169
88030793
88775847
87987713
89033277
89158719
89465244
88518613
89034350
88818073
88865587
88989888
88157354
89093154
88666566
88638623
88792739
88829694
88446531
89129488
88582058
88902962
89428261
88487568
88334719
88704827
88384209
88319248
88981179
88897608
88474472
88514745
89043337
89023744
89051202
89503972
89516648
89568547
89068642
88384639
89387907
