0
0
0
23
34
58
66
86
101
101
103
105
106
116
138
168
168
169
181
195
199
205
223
247
257
257
257
259
265
265
271
294
296
319
322
335
345
345
356
365
365
378
384
384
391
404
416
419
430
431
432
432
432
452
455
457
466
479
479
479
482
482
482
496
502
502
513
527
545
547
560
567
573
574
574
590
590
590
591
597
614
614
617
621
632
635
636
650
650
651
694
717
717
731
745
745
745
767
773
785
788
804
826
831
836
847
847
849
867
910
916
916
926
952
954
962
972
988
994
994
994
994
994
994
1007
1027
1027
1031
1031
1045
1046
1046
1053
1053
1054
1058
1058
1058
1070
1077
1086
1086
1091
1102
1102
1108
1119
1135
1136
1139
1151
1170
1171
1179
1179
1179
1179
1186
1190
1190
1191
1213
1227
1232
1241
1252
1252
1252
1256
1260
1260
1260
1262
1263
1290
1290
1296
1296
1305
1316
1322
1335
1337
1343
1371
1387
1387
1394
1417
1417
1437
1447
1455
1459
1470
1483
1498
1498
1507
1516
1519
1519
1520
1558
1562
1566
1573
1584
1594
1601
1616
1620
1620
1621
1631
1633
1646
1651
1659
1671
1675
1678
1678
1683
1690
1690
1705
1705
1710
1715
1716
1726
1732
1739
1749
1749
1750
1754
1754
1769
1776
1787
1787
1787
1796
1811
1811
1813
1813
1818
1818
1818
1837
1837
1855
1869
1869
1889
1896
1907
1907
1914
1943
1958
1958
1962
1976
1978
1998
2006
2034
2035
2038
2053
2063
2073
2073
2081
2106
2129
2131
2131
2140
2140
2162
2173
2187
2191
2223
2236
2266
2284
2294
2294
2311
2314
2326
2355
2359
2364
2369
2380
2381
2390
2410
2420
2420
2422
2430
2433
2443
2463
2465
2477
2477
2477
2485
2487
2502
2502
2504
2504
2516
2531
2531
2538
2541
2548
2561
2570
2574
2574
2574
2581
2600
2609
2611
2612
2616
2621
2627
2629
2633
2634
2634
2648
2653
2661
2670
2687
2687
2689
2717
2720
2727
2727
2759
2764
2764
2768
2772
2776
2794
2797
2820
2820
2840
2850
2856
2863
2865
2872
2892
2913
2913
2913
2922
2922
2937
2950
2970
2977
2983
2991
3003
3017
3017
3019
3029
3029
3045
3061
3061
3061
3062
3088
3088
3101
3110
3117
3120
3120
3137
3139
3162
3171
3176
3195
3195
3195
3195
3198
3208
3208
3208
3221
3229
3246
3254
3266
3272
3273
3285
3285
3285
3287
3287
3287
3300
3315
3315
3315
3317
3334
3335
3335
3336
3337
3339
3367
3379
3380
3394
3406
3407
3409
3436
3439
3465
3480
3485
3499
3499
3499
3505
3515
3528
3538
3566
3569
3576
3584
3586
3588
3588
3594
3621
3633
3633
3633
3637
3637
3642
3651
3685
3692
3707
3716
3732
3739
3739
3743
3750
3752
3779
3804
3804
3817
3833
3851
3851
3873
3876
3884
3887
3887
3914
3920
3922
3940
3941
