1
47498198
47550373
47488408
47554644
47287758
47417844
47269898
47364685
47425865
47343784
47241757
47477799
47327551
47219148
47291418
47367691
47431784
47233052
47184024
47216299
47395115
47375212
47185130
47253320
47181961
47319862
47093285
47155285
47168533
47187505
47355199
47457375
47363291
47318683
47281652
47344585
47316966
47361609
47279445
47294706
47238530
47174822
47107031
47184415
47254868
47256754
47208222
47332032
47261284
47249373
47055081
47080982
47089693
47355653
47175539
47345702
47296344
47226311
47204146
47442648
47336807
47414658
47326347
47213561
47283230
47278031
47216410
47148228
47290887
47325562
47272852
47325301
47449929
47351612
47408073
47407702
47373648
47392093
47257973
47241501
47190466
47186722
47110915
47313225
47296021
47236692
47124187
47238025
47166212
47368757
47472657
47362556
47422906
47283435
47182900
47275281
47151008
47246620
47266253
47344298
47236117
47268539
47336299
47277281
47381484
47284966
47405108
47388909
47316481
47401656
47465296
47232756
47360592
47363589
47277489
47373569
47369185
47467948
47325826
47228734
47273007
47308027
47287362
47346189
47358478
47306281
47212530
47291798
47415082
47296552
47329816
47264895
47291677
47322929
47343682
47360450
47299350
47256632
47293719
47228777
47403602
47231057
47327949
47324906
47531595
47420058
47277872
47294760
47497263
47314423
47415620
47412246
47324228
47288236
47222149
47295855
47213675
47141472
47222983
47302850
47275492
47181696
47188447
47286370
47140689
47301882
47253043
47397393
47284161
47256326
47147997
47087302
47350304
47189306
47326573
47246593
47347846
47397974
47557938
47404144
47504619
47356377
47368387
47170894
47430397
47413554
47449507
47250088
47197977
47239879
47219353
47320086
47404179
47286906
47321896
47171848
47177824
47180193
47353451
47249325
47101442
47327686
47269599
47301191
47192826
47220693
47438529
47412564
47223384
47283201
47439364
47245336
47394771
47347614
47284826
47394254
47326317
47196170
47211400
47065210
47291464
47170770
47317882
47210266
47229946
47322239
47226446
47077280
47203273
47244739
47374784
47254742
47080621
47170879
47291743
47206346
47283751
47272948
47174580
47285056
47399283
47322050
47272642
47296842
47341414
47238027
47209669
47299380
47368641
47377525
47480375
47431846
47463622
47420977
47268817
47289572
47368500
47345786
47392357
47460497
47364010
47415256
47243455
47283960
47253644
47345784
47311798
47173853
47246744
47400955
47137418
47383798
47360327
47219877
47308701
47243577
47302102
47195541
47374362
47302086
47296903
47219296
47240703
47194734
47074951
47391407
47363502
47342231
47451416
47246459
47262061
47142442
47248781
47319461
47191306
47243138
47322351
47315423
47305089
47422771
47312605
47358882
47206967
47281700
47084620
47189927
47142313
47280431
47250680
47085061
47056127
47248960
47339532
47390772
47426795
47362193
47437783
47371749
47332353
47479870
47282227
47274683
47324335
47216834
47466954
47438209
47234056
47144415
47273606
47347361
47334702
47438227
47493582
47399204
47292763
47274728
47351677
47333678
47113957
47385117
47103886
47092783
47326677
47296436
47116660
47091263
47334742
47174757
47313787
47296500
47370431
47388942
47358811
47255993
47438943
47322948
47172148
47371442
47420242
47239444
47362736
47352154
47235486
47319448
47148899
47099206
47206197
47407495
47294184
47338590
47201426
47152991
47109362
47298000
47351516
47245185
47332172
47413219
47432095
47359406
47277765
47395110
47311889
47355812
47277935
47480914
47393066
47519185
47145900
47360708
47508072
47452574
47349417
47463104
47377252
47322774
47335407
47399496
47407608
47336162
47264369
47266944
47374896
47262222
47243464
47397502
47348797
47392758
47334188
47350412
47249904
47405389
47335382
47376320
47288662
47188984
47138134
47294398
47356073
47207253
47397819
47206917
47287208
47255957
47360167
47445132
47383335
47337966
47422902
47327145
47199506
47302576
47166258
47207325
47391355
47288486
47216513
47215057
47119141
47170987
47485662
47298925
47241620
47284259
47222203
47239573
47426998
47127960
47268964
47047005
47074336
47193556
47193861
47420470
47356646
47224871
47147670
47344663
47072920
47144936
47300296
47162999
47119358
47423198
47236532
47366680
47478954
47432559
47100474
47302564
47279591
47367216
47235877
47219931
47155120
47206570
47112721
47215998
47312983
47245777
47204108
47198308
47172262
47418356
47437168
47227031
47252588
47227073
47198919
47333407
47328765
47388742
47202917
47418945
47567392
47311637
47421355
47401893
47602235
47751599
