0
0
0
0
0
0
0
0
0
0
0
0
0
0
0
0
0
0
0
0
0
0
0
0
0
5
22
22
22
22
22
22
31
32
81
109
109
125
126
126
126
126
126
129
175
177
177
177
177
177
177
177
193
213
213
213
213
213
213
213
243
244
264
264
279
279
279
279
279
279
279
308
308
308
308
320
320
320
320
320
323
323
323
323
323
344
344
379
379
379
379
379
379
379
379
379
379
379
379
379
379
379
379
379
379
379
379
379
379
379
379
379
379
379
379
379
379
379
379
401
441
441
441
441
441
441
455
481
501
516
539
558
558
558
558
558
558
558
611
611
611
611
611
611
611
635
688
705
705
705
705
705
705
705
710
710
725
734
754
771
771
771
771
771
771
771
771
771
771
771
771
771
771
771
771
771
771
771
771
771
771
771
771
771
771
771
771
771
771
771
771
776
776
776
776
776
776
776
776
776
776
776
776
776
776
776
776
776
776
776
776
776
776
823
854
854
855
858
858
858
858
879
879
879
879
910
910
939
949
949
949
949
1017
1021
1021
1021
1039
1047
1058
1067
1098
1105
1105
1105
1105
1105
1105
1105
1107
1107
1107
1107
1107
1107
1107
1107
1107
1107
1107
1107
1107
1107
1107
1107
1107
1107
1107
1107
1107
1107
1107
1107
1107
1107
1109
1114
1114
1114
1114
1114
1114
1114
1114
1114
1114
1135
1145
1155
1163
1163
1163
1163
1163
1163
1163
1163
1163
1163
1163
1163
1163
1163
1163
1163
1163
1163
1163
1194
1201
1201
1201
1215
1215
1215
1215
1220
1220
1240
1241
1263
1263
1285
1289
1293
1293
1293
1320
1331
1331
1331
1331
1331
1333
1359
1359
1359
1359
1359
1359
1359
1359
1359
1386
1386
1386
1386
1386
1386
1386
1386
1386
1386
1386
1386
1386
1386
1386
1386
1386
1386
1386
1386
1386
1386
1386
1386
1386
1386
1386
1386
1386
1386
1386
1386
1386
1386
1386
1386
1394
1396
1406
1444
1445
1445
1445
1469
1488
1488
1488
1488
1488
1488
1488
1495
1495
1495
1495
1507
1507
1507
1507
1521
1537
1550
1550
1550
1550
1550
1550
1575
1578
1604
1624
1670
1706
1716
1716
1716
1716
1716
1753
1753
1753
1753
1753
1753
1778
1792
1809
1809
1809
1809
1809
1809
1821
1821
1846
1846
1846
1846
1846
1846
1846
1846
1846
1846
1846
1846
1846
1846
1846
1846
1846
1846
1846
1846
1846
1846
1846
1846
1846
1846
1846
1846
1846
1846
1846
1846
1846
1846
1846
1846
1846
1846
1846
1851
1855
1855
1855
1894
1907
1907
1907
1907
1907
1907
1907
1920
1920
1920
1920
1920
1920
1920
1920
1920
1957
1957
1957
1957
1957
