0
0
0
23
36
37
63
63
63
63
63
63
63
63
63
71
71
71
71
71
71
71
71
71
71
87
113
120
120
134
139
139
139
151
156
156
177
194
198
208
226
227
229
229
240
263
271
271
271
271
278
290
314
314
314
314
314
314
314
314
337
348
348
348
348
348
348
348
348
348
348
348
348
348
348
348
348
348
348
348
348
348
348
348
348
348
348
353
353
353
353
353
353
353
353
353
368
373
377
389
427
427
427
441
486
486
486
486
486
492
492
500
505
505
505
520
520
520
520
520
543
574
574
574
574
574
574
608
620
620
640
705
710
755
755
755
755
755
766
805
805
805
805
805
805
851
863
874
874
874
874
874
898
898
920
924
924
924
924
924
925
925
925
925
925
925
925
925
925
925
934
934
934
934
934
934
943
943
943
943
943
943
943
943
943
943
943
943
943
943
943
943
943
943
965
965
965
982
1021
1021
1021
1021
1021
1021
1021
1037
1045
1045
1045
1045
1045
1045
1045
1045
1077
1100
1100
1100
1100
1100
1100
1116
1151
1156
1166
1194
1194
1212
1212
1212
1212
1212
1212
1220
1220
1220
1220
1228
1228
1239
1239
1244
1244
1244
1244
1244
1270
1270
1270
1289
1289
1289
1289
1289
1289
1289
1289
1289
1289
1289
1289
1289
1289
1289
1289
1289
1289
1289
1289
1289
1296
1296
1296
1296
1296
1296
1296
1296
1296
1296
1314
1317
1331
1331
1331
1341
1341
1341
1360
1413
1413
1439
1450
1457
1457
1457
1457
1461
1461
1495
1524
1524
1524
1524
1524
1524
1524
1524
1569
1570
1570
1570
1570
1570
1570
1570
1621
1621
1635
1650
1651
1651
1651
1651
1651
1651
1686
1691
1691
1691
1705
1705
1705
1707
1707
1707
1707
1707
1716
1716
1743
1743
1751
1778
1778
1778
1778
1778
1778
1778
1778
1778
1778
1778
1778
1778
1778
1778
1778
1778
1778
1778
1778
1778
1778
1778
1778
1778
1778
1778
1778
1778
1778
1778
1817
1833
1850
1850
1850
1850
1850
1850
1877
1923
1923
1952
1978
1979
1979
1979
1979
1979
1979
2036
2039
2039
2039
2050
2050
2050
2066
2098
2145
2145
2145
2145
2145
2145
2145
2145
2162
2179
2184
2206
2215
2224
2224
2224
2224
2224
2224
2224
2224
2224
2231
2231
2231
2231
2231
2231
2231
2231
2231
2231
2231
2241
2241
2241
2241
2241
2241
2241
2241
2241
2241
2241
2257
2257
2257
2257
2257
2257
2257
2257
2257
2257
2257
2257
2258
2258
2258
2258
2258
2258
2258
2258
2258
2258
2290
2338
2354
2354
2354
2354
2354
2354
2361
2384
2384
2384
2418
2425
2435
2462
2462
2462
2462
2538
2547
2549
2549
2580
2583
2599
2607
2611
2650
2650
2650
2650
2650
