1
160390614
161518460
162344923
162719393
161287657
163315474
163335641
163297170
162376737
162113871
163465331
163018354
162700499
163494224
162315154
160639171
162840069
163437780
163579763
162132298
162661828
162336527
163880503
163019978
161157771
162575768
161206497
164770317
161897882
161777085
161420706
161470590
162405353
163050697
160577314
162207892
160797316
160725339
163063257
161368093
162974320
160792909
161593372
162126023
160424078
160737704
163946355
161907650
162210489
163098732
163302162
162832639
160200063
160396034
160849619
163291745
161504392
163779259
162069410
161908769
161745022
163161375
159995681
161997285
162171190
162315117
161931302
162355620
161563379
163617876
164111184
162008522
163578732
161621054
161976745
163209306
161223178
160942268
163584933
160308329
163058943
162507328
161090975
160914083
161285918
161985546
164108491
161927962
160992879
163391831
162277240
161943178
160930279
163336602
160821741
161636250
161798156
162392320
161804743
162940878
161900297
160140150
162481389
162088814
162624025
160970202
161549855
162071590
163309458
163425447
161879212
160527188
161688076
161565965
159898274
162275092
163707277
162593096
162101682
162967279
161929728
163388078
162229770
162561856
161865347
163207800
162114173
159726648
163371018
161707587
161686243
160994884
160981700
161934542
162673840
162568670
161107447
162157319
161789568
161460884
163050532
160906854
162881861
162885690
163225608
162594456
161871596
162011473
164326627
160106523
160363277
162575585
160908422
161022840
161227664
160659638
161758552
163544917
163295004
164270069
162776192
161253002
162447236
160333716
161635232
162158889
162007713
163233047
161343624
162311963
162916413
161919834
163379123
161113915
162391324
163037502
160824872
164170140
162038222
162124083
164154236
160903289
159261001
162662388
163745921
164585410
163736947
161484494
161418959
163116913
163045114
163052609
162072671
160971037
162433491
161774515
161336066
162837490
161062223
163144411
162871909
161078898
161507922
161492362
163908804
165077612
162900700
161690375
160908954
161031205
163118187
162302511
163103276
161344949
162587279
162123032
160998010
162041961
162909278
160686356
162692131
163754128
160812204
162098124
160883871
161420310
159664726
162351061
163096343
161968735
161636174
162015849
161486096
162015907
161881741
161758873
162863917
161756408
162352628
163366332
158672562
162818750
162302127
163308205
162352478
161818441
162190879
162324155
163622364
160166691
161499163
162715982
163983966
162519409
160480628
162631482
164336195
161156513
161153547
161582270
163272830
160568162
162317641
163098057
160896565
162789118
159313914
159488890
160969301
161791357
163362618
161717749
162164433
162516236
161824850
162703907
162139214
162408435
160493198
159420926
163212955
161669619
163116143
162008822
163748560
161786639
159854538
163854199
160883219
162622754
161373724
162053370
162104718
163409612
160889723
162246673
160990905
162447418
161394127
162944081
164196563
161446554
161705427
160631258
162344346
162321637
162663371
162113427
162734238
161801530
161769686
161242193
161499723
162121040
159919287
160294773
161939270
162781500
162216631
161149377
162521970
161326628
162286084
163034809
161658323
162995100
163267038
162640983
164198119
162588499
162620574
162055489
163118471
160404396
162996076
161745759
160918458
161312760
162685313
161842113
161343704
161408406
163437586
160465829
161617354
162195875
163098897
163943117
160791950
163780386
163248651
161598002
162409296
161926559
159642227
161675573
162665491
163692628
161823341
163926607
162846464
160434142
161891250
164370689
162458214
162050209
163808974
164227325
163156290
161787437
161821428
163679238
163174439
160723973
162680282
161864401
162566435
160134555
160101500
163977813
161964142
162703828
160765336
162241572
161523156
163852707
165078616
161271763
162211077
163584784
161045515
161190969
161854874
162621300
161805019
161721550
162055308
159935774
162550462
162612734
161544717
161973416
161710343
162608349
162721308
163368791
162418740
161083791
161354649
161591718
160496923
161323736
160208611
161086948
160975474
162783252
162245410
161526266
161238454
162809763
160585471
163715638
162774938
159778616
161536869
162732373
162365777
162395948
163683844
160795887
162844201
161583493
160786916
162248762
161861270
162065538
161173881
163006775
161889436
161485403
162111237
161642536
160121692
162952891
160710267
163650037
160752558
162694441
161506526
161511472
162363166
161775627
162598046
161553636
162711692
160787544
161426416
163842089
161256900
161364959
162881119
164513127
163582198
162583984
161868350
162909509
162851482
163400008
162095547
162539401
162001407
162614483
163539961
162249642
162480196
163196264
162496153
161319818
161437783
161349833
163411331
160493939
163116596
161121969
161239690
162653290
160855961
162217108
160846190
163012557
162330057
163107147
164233571
162526113
161288919
162177578
163054249
160934527
163427682
161402505
