1
172866456
169886960
172268738
171158225
173117320
173613613
172748460
173186340
172562179
169926750
172247648
171309487
172403377
170480696
170811236
172006645
169803306
171295658
171168517
171726586
170942275
173521024
170422407
170033857
170199255
171185532
169828191
173533369
171387197
173710560
170900462
172229477
171714413
171207686
172588674
170344391
172499050
171711431
171631975
170704995
169989794
170844287
172888783
171026947
173798044
170660484
171152515
171583456
171345290
170641532
169660215
172749269
173428437
171999514
169787700
172275607
172716124
171625698
169949759
170671580
172138528
170647721
172784473
172286143
171716311
170534520
171664835
171430416
174000224
170306235
173375763
170620223
172189357
172759852
170011987
171406333
173300673
171388261
169329371
172768510
170815708
170175382
172831022
171996217
171048385
171893497
172274842
172695363
170819393
172365551
172910904
173442940
172215319
170493605
171754813
173391796
172840964
172737057
170367130
172210274
171523940
171592433
171647683
172211810
171628830
170861433
172148638
173966218
169396225
171720484
172199978
173333091
172337069
171943436
170272625
172059974
170781032
170531799
172360775
171712676
170532207
171363272
171974937
171181943
171616384
170620484
171597770
169955192
174029738
171100198
169757728
169842624
173228702
171992854
173321133
171315104
171717839
171481715
174102713
171605573
170917161
170537880
169945589
172052969
170404521
171723328
171723269
169716963
171755395
170500909
172071890
172773032
171553734
171376790
171390945
170943447
172664305
171471371
171566714
172204460
172833782
171150945
172328877
171071468
169643256
169733123
170973670
170394351
171920133
171019339
171186715
171586605
171367274
171431105
170932538
171468715
170051108
171151283
172531949
170503606
172288968
170628084
170354675
170639395
171994402
170580671
171058417
171058838
173602645
170648463
170480343
170208738
171506008
171345933
171807294
172459162
171337627
169501909
170947197
170579797
171527676
170370403
173664143
171997225
171599105
172587269
171785859
171734781
172733436
171451396
169647424
172351863
170842747
170471840
172716589
173491065
172159142
170439064
172428709
170168068
171258270
171314798
171821713
173097652
171499110
170134367
172539959
172875814
172253060
173509516
172326782
172549409
173838628
172840708
173345888
171652493
170328473
172370989
170041159
170510857
173591188
173404707
172917632
170615343
171412331
172491275
172140912
172717058
171525362
171838861
172119323
173014815
169586577
172444936
173051578
171716144
169087275
171791351
170556135
172965713
171355245
172828225
172492704
170207857
172457710
171905186
172018287
173589238
170732566
170096280
170995683
171684909
171000758
170602709
172254765
170696497
170994359
173026297
172177566
170517782
169669456
171455914
172094636
171934711
171726242
173861816
171035686
171452195
171551042
172278160
173110111
171413354
172967686
171212571
171206417
171552059
172401465
169859758
172445499
172150612
170014146
170113477
172403449
169049260
173037169
170430542
172021163
170387355
171302932
172817346
170884104
171442682
172129170
169891462
171765887
170741563
171717593
171248776
171541292
172350329
171954444
171539132
172609501
170856532
169948989
172062566
172498265
171849627
171430115
172176527
171845189
172381459
170808996
173634667
170789365
170964261
173134363
172799305
168728189
173316547
171197132
170388082
173812176
173153523
171894228
171936727
170988273
171767030
173157001
173319234
172312213
170224762
171288931
169983450
170807796
170950276
173198841
173407136
173237672
171850281
171480194
171191916
171962063
171065681
173932795
173421281
170834179
172082291
169276342
170035266
172263872
173125191
173374980
171574565
170236323
170882263
171402242
171586902
171760534
171906781
170768244
169781100
171091937
170617130
173537130
171414414
172733195
171631782
170185347
172830529
173064223
169968305
173388682
172069909
172653032
171895004
172076023
171636627
171877692
171293186
172948700
172392845
172183885
171769472
170912762
174358836
171002274
170509133
171837568
170321747
172792968
173264436
171935726
174306160
171978239
173085707
171028043
170309637
172287971
171373341
172036373
170568961
171345906
170155367
170300564
169609266
168668175
171540613
170595628
175356422
171736985
170241406
172710457
171663598
170869335
172519949
173014692
171996453
169969577
172307830
173282678
171990183
171189706
172582312
170240687
172051667
172341352
173098752
172503430
169823275
172085323
171764977
171034221
171760174
171386424
172348294
169927959
172218265
171021471
168934398
170570030
172052216
173038112
169336743
172164382
173626243
171200922
170968278
170623391
170829320
169273515
172413448
173075273
170705018
171549014
171346838
172071819
171211722
171251325
170559158
172920292
171910984
170618380
173828874
169927141
168929865
171846166
171377423
173159149
171919841
171510754
172706246
172347359
171295586
172783427
171890653
171889089
173001535
170833600
170964654
