1
169536735
171069956
170853134
169722120
169913818
169222259
170721099
169779993
170140898
171770871
170003675
169661911
170491627
172242120
168986247
168610840
170836971
171950438
171866149
169257938
170469352
170901242
171562699
167951533
170052482
170791206
168410865
171665508
171856897
170527335
168082918
171554239
171300433
172017941
170478918
171502883
169619318
171260681
170628900
170056424
169856679
171710295
168762262
170545129
169852402
171071927
169980414
170814997
172152543
169889810
169963939
170511560
171965299
169649746
169416783
171848760
172574615
171099006
169707701
170360555
171709289
171118121
171801323
170305506
170909549
169606109
169914227
170217938
170408395
170034771
170555250
171163562
171095089
169717544
169483146
171664366
169781070
171228544
171183116
168905717
171453638
170294712
169517494
170139051
171200276
169178517
169588525
170715475
170315992
170921138
170361825
169973250
170092855
170879788
170839464
169109713
167394458
170568671
171621825
171421406
170950058
170907103
169840285
172413637
171166364
168602597
168394251
170690729
170025127
169515227
170324524
170339055
168638121
169769929
169814346
170737671
171885198
170380128
169968623
171262585
168481218
170570943
170565112
171540558
170986855
170950071
169350926
171668277
170303693
167777619
169312022
169100315
169430417
169717104
170940567
170598991
171642751
169138395
170871055
169050458
170274401
169545759
169180566
170670561
170602122
169709930
170085684
169439149
169872146
169756176
170310137
170340082
168579598
172318680
170515396
170196575
169043117
170113913
169009205
171427301
172759492
168741006
168311656
170865500
168603305
170598028
170502053
170553414
172257372
170126334
171702199
171802745
169885570
170998303
171277302
168489984
171371426
169627370
170070126
170897276
171412788
171474304
169969896
170043718
169925784
168672851
171354057
170250655
172205122
171090894
168714090
170052975
171521020
171162182
172544542
171099568
170602161
172853884
172277769
171383378
171468180
170256105
169347073
170493669
169769104
171285450
171078481
172309796
169237599
170374002
171068804
171620606
170493163
169852416
170188733
172675311
169996229
170095479
170329934
171681547
169887459
169414328
170195156
170085949
170788032
171090086
170453182
170857696
170107527
169846109
170576403
170917773
171279573
170350844
169658392
171172762
169807556
170862266
169321422
170066845
169545130
169672171
171754001
171152432
168983039
168264670
169832887
170555412
170972825
170530648
172068597
168657583
171337833
170591602
170924800
170367251
171231555
170705796
170902774
170762384
168869317
171605339
169371737
170733463
169730802
170944975
169389458
171114221
168502776
170336846
170213170
171170896
167951424
169436687
172329939
170089383
169640374
171569078
168655776
170084922
169810657
169983057
171003809
168913738
170985372
172496087
169887751
170436350
170035677
168424503
169931261
170876279
170506620
170330298
170390678
171442418
169624121
170218178
173105849
170338235
168952727
172134254
171591626
167395867
171634700
169888937
168796457
172276686
172140071
170488301
170656076
171785217
169951025
170855308
172433128
170469426
170169546
169843369
168487924
168683047
170303733
171598871
171844053
172444625
171904642
169926316
170049512
170055662
170179368
172462303
171272935
169198341
171734129
169134138
168710361
170329427
171880437
171924674
169832767
169737400
170159240
170909988
169174906
170135927
170626314
170927845
168040959
169808008
169064514
172272878
169161386
172217908
170306109
170677155
169877723
173220644
169681736
171136699
171391462
171995595
170728289
170346703
170305095
170811763
170787581
171355851
171100531
170745400
170022309
171576911
170555881
171009091
169480334
170826601
168823489
171634769
172362715
170192875
171307834
170878624
171531552
171953835
168878927
170665960
169574461
170721862
169151505
169837423
170516173
169053667
168658486
168005179
169872680
170212128
173114129
170321126
170519895
171017492
171308706
168661893
170846922
172299837
170831028
170575639
171102419
171376262
171760545
168566845
170914355
169144047
171079580
172170180
171733348
170281209
169201004
170261252
171593543
169378528
170566770
169592228
171752343
170166978
169496391
170017936
168759621
168192845
169915842
172430331
169524462
169284348
171743505
170910357
169777152
169338211
168871026
168332856
170886809
172862189
168824676
170090961
171368623
170321580
170510069
169835327
169174811
171477218
171102980
170130135
171623162
170547887
167212127
171613973
169265468
171380928
170310335
169676605
171632581
171467933
170852144
170978782
171105671
170517899
172248581
169773850
169961184
169678390
172861293
171204899
171109200
169635100
170790580
171205315
171677318
169334995
171355913
171885537
170965706
171512480
170255268
172616189
170782431
170412818
171675967
169610754
172953678
171224118
169408781
171575463
169733542
170058881
171362762
169655335
170281374
169327025
171026808
170182768
170479122
171103042
169194321
171358642
