1
57109396
57031496
56872117
57166988
57141860
57147477
57350839
57254091
57387911
57220392
57133311
57242261
57067318
57083101
57222046
57116981
57179123
57150296
57200985
57086318
57065493
57077541
56996130
57023443
56943320
57173942
57067749
57181132
56786069
57032491
56969744
57000946
57178547
56903665
57083529
57081350
57047071
56935649
57049025
57117857
57346062
57134726
56906098
57089055
57092796
57203865
57139046
57283145
57244726
56995106
56957759
57135320
56849735
56925680
56992552
57228092
57160430
56860224
57082204
57309534
56985842
57144923
57119475
56996447
57053831
56973565
56896961
57053142
57196876
57178020
57006273
56993639
57408955
57219425
56867513
56918782
57078191
56938178
57073449
57230542
57291597
57080658
56855814
57189983
57225761
57105418
57087427
56996099
56923905
57087384
57144340
57055768
57156933
57300103
56905624
56958152
57085555
57134431
57157146
57024259
56975452
57318651
57218623
57078499
57065379
57027581
56845395
56976403
57229241
56933769
57041116
57045057
57059028
57248267
56977131
57384831
57159731
56983718
56985236
56904850
56729193
56973108
56922768
57202582
56800307
57303991
57127700
56974705
57090497
56955880
57019322
57059252
57128926
57078440
57027456
57025341
56957827
57154541
56941364
57251062
56922141
57179724
57053032
56998498
56962904
56803892
57133600
56901596
56856456
57049992
57110777
57107466
57119869
57237161
56872699
57167463
56988131
57064984
57096132
56892029
57138584
57006317
57283334
57046022
56851956
56628005
57087032
57059826
57017083
57073347
56853112
56847242
57044827
56979288
56991322
57133195
56901657
56995598
57047917
57246881
57114091
57250757
57047045
57000366
57099935
57062696
56830846
57070543
57127820
57041709
57128710
57120503
57070341
57155532
56841087
57075478
57135116
57016027
57100605
56940884
57321628
57085960
57052770
57120826
57040453
57088496
56944570
57062806
56911215
57146237
56880281
57168856
57118766
56723270
57039889
56850018
57177186
57049956
57130101
56860032
57082898
57046505
56889554
57068962
56773596
57193122
56985684
57086824
56791363
56971120
57290448
57148967
57026234
56959406
57072096
57014112
57027982
56928327
56939678
57195214
57267759
57090392
57135199
56928609
57168412
56862687
56969486
57048970
57108640
56916250
57221555
56761594
56994114
57141916
57145306
56897462
56998804
57025734
56979091
57084758
57109324
57234928
56943226
56986855
57052637
57015831
57162818
57022227
57009348
57046689
56911080
56937717
56789136
57235814
57145293
57034332
57034485
56996687
56798971
56947402
57257291
56987331
56977879
57006649
57143545
57158803
56863490
57243070
56972937
57209875
56925272
56988377
57100821
56855283
56902807
57351164
57291473
57136810
57078697
57108914
57085832
56930233
57254207
56932414
57163344
57247199
57217019
57126205
56962634
57254921
57052768
57189875
57092939
56842950
57047631
56626871
56890058
57073874
56952140
56720397
57094935
57136892
57031384
57294916
56968404
57096925
56886267
57227481
57044318
57123611
57063149
56816177
57127059
56937532
56769523
57173717
57214025
57275571
57171789
56956602
57047389
57261859
57028685
56936253
57107368
56993047
56987067
56976570
57024073
57289849
57084857
57020739
57276956
56988881
56982068
57076474
57110954
57123741
56871387
56960214
57222868
56935228
56968977
57220440
57029073
57047629
57121086
57386188
56940801
57261401
57017343
56934036
56990310
57275770
57098460
56983632
57142449
57011312
57188353
56904155
57109417
57156287
57101043
57033561
57322075
57102373
57073523
56829929
57096754
56854056
57154069
57024066
57021135
57107849
57120386
56989822
57108964
56950534
57213281
57102548
56887884
57360218
57194999
57181156
56979688
57167373
57062860
57119552
57087014
57097942
57159456
57245925
57027888
57028336
57071014
57231043
57118940
57082041
57234370
57057465
56968559
57178074
56896802
57033230
57287542
56989832
57235062
57001829
57287821
57123985
57085270
57168610
57137436
56984178
57015122
57046556
57211450
56903555
57132412
57019015
56928893
57075006
57315624
57118079
57078913
56970916
57039987
57092196
57002735
57098702
57136708
57049839
56926973
57267866
56911347
57003192
57047219
56906746
57268540
56837250
57043430
56866691
56840810
56871678
57084302
57088190
57223164
56983778
56937719
56859272
57094737
56966349
57077361
57100452
56888019
57044278
57327879
57165399
57110951
57051744
56829084
57084037
56973996
57161571
57002751
56953311
57003909
56830479
56896280
57037168
57124053
57026262
57044899
57215224
56901058
57155972
57151185
57116257
57019502
56780712
