1
69000560
68432772
68410889
68812269
68493031
68337858
68473117
68519463
68382909
68470705
68362855
68445546
68678596
68587862
68489420
68691641
68320411
68625403
68170109
68309415
68272155
68334115
68391196
68185032
68695516
68656813
68600734
68644606
68012612
68541563
68407277
68331253
68936785
68623558
68436849
68549288
68304681
68370048
68776856
68532353
67995665
68397062
68364068
68150341
68159592
68523836
68188660
68300600
68326297
68881873
68748751
68582104
68594690
68588178
68821672
68260043
68269171
68310947
68593074
68198044
68816887
68363079
68727353
68190575
68293046
68626964
68537202
68522691
68293416
68088374
68410546
68274343
68535712
68533190
68513118
68697156
68255878
68497957
68714136
68480572
68641971
68363133
68427339
68216742
68503900
68679281
68711357
68180586
68710965
68816816
68554182
68197664
68147951
68680440
68157679
68493269
68632596
68662049
68309970
68522923
68431113
68359638
68458656
68116259
68577257
68986424
68745300
69038540
68686881
68326460
68180109
68531608
68650858
68502765
68398088
67797517
68516451
68314853
68679646
68574464
68524528
68375008
68293069
68513156
68358393
68623589
68195621
68428823
68222277
68550692
68130794
68756752
68679693
68744559
68395768
68727917
68394852
68570535
68192830
68536811
68680586
68541581
68067013
68919376
68237472
68033575
68618397
68328108
68484136
68917265
68774932
68345803
68663823
68695083
68607528
68244630
68174181
68919397
68436485
68628587
68463721
68664312
68836199
68464838
68679081
68246931
69048702
68598843
68438568
68646535
68716307
68704910
68442088
68623682
68184023
68152154
68412883
68982118
68525960
68634750
68784792
68566171
68666208
68339625
68647864
68415724
68361864
68597405
68526309
68604204
67914682
68620726
68465119
68379205
68631198
68722735
68249420
68465825
68700587
68716516
68156024
68305997
68909727
68358348
68696660
68401151
68373984
68665564
68337047
68500660
68469614
68681706
68624455
68200941
68329378
68584138
68455363
68583280
68479277
68614132
68537090
68128696
68445603
68105069
68234136
68299036
68377636
68288279
68311131
68942174
68249601
68622683
68385751
68582862
68638180
68194347
68544035
68689801
68574267
68580479
68500165
68404145
68442555
68789549
68419378
68681463
68336482
68649855
68233741
68260628
68733302
68726415
68313344
68421204
68525330
68062656
68986519
68780031
68189926
68523708
68162993
68296499
68342957
68587753
68194206
68652385
68553690
68806961
68216934
68698392
68399287
68356275
68683169
68700560
68461792
68063213
68564317
68020721
68376179
68083477
68413684
68639174
68540025
68537534
68349659
68440297
68380736
68635631
68362154
68337278
68611885
68674402
68529218
68556068
67972984
68305180
68307873
68711578
68602190
68248213
68226038
68657524
68329495
67903675
68626433
68404976
68287751
68539973
68695994
68605233
68729088
68627591
68863455
68531522
68585516
68492594
68302676
68295280
68422137
68735652
68741105
68721263
68644158
68429517
68294580
68315651
68487192
68750879
68332879
68227751
68609906
68519536
68396576
68484585
68011701
68436614
68144238
68542845
68243850
68667886
68746005
68122917
68860262
68183304
68448941
68121660
68262474
68601415
68420598
68700028
68321696
68627630
68591642
68574427
68354792
68233590
68509166
68649289
68732351
68345049
68447232
68558298
68145694
68445792
68528800
68997727
68769549
68279967
68790569
68390160
68544673
68305397
68667351
68208054
68626889
68429851
68521360
68145990
68392606
68712755
68761990
68549487
68916994
68759096
68774552
68554849
68255730
68161576
68468005
68557359
68383770
68420524
68341556
68246601
68390021
68349305
68579981
68242156
68363168
68323978
68630046
68489027
68300568
68349079
68552118
68484746
68223718
68253472
68319353
69153883
68480934
68688103
68519583
68422196
68603681
68867457
68154371
68543935
68388143
68353700
68823269
68419147
68310259
68663713
68707603
68628105
68787039
68526710
68898045
68817059
68644105
68488959
68456102
68835623
68553815
68065721
68785961
68334058
68309325
68623523
68512079
68438542
68517295
68514214
68340298
68414973
68812165
68674083
68717513
68486751
68727649
68858401
68266091
68382307
68630987
68265915
68364652
68439856
68596718
68480098
68189727
68162974
68560086
68533735
68275927
68200536
68658860
68249607
68389061
68277960
68445258
68531588
68494107
68398800
68577043
68693899
68761104
68357128
68243798
68607898
68541487
68370883
68390759
68658963
68568194
68625635
68754783
68329100
68803099
68588673
68083692
68202655
68336154
68391368
68221654
68196860
68270136
68354455
68639389
68960776
