1
72968073
72910668
72927125
72810227
72833507
72587757
73061254
72796292
72875360
73015983
72802496
72593093
72729442
72912764
73199821
72954426
72702360
72645708
72629088
72844520
72904927
72598210
72631284
72674138
72922115
72538655
72825343
72845171
72705106
72554841
72775159
73186123
72728600
72339362
72860564
72710234
72924559
72797014
72931188
72569290
73011839
73151472
72752449
72972740
72892091
72667414
73257498
72613631
72736408
72911372
72810909
72727667
72721465
73083264
72585160
72944246
72963483
73255777
72988648
72613793
72697057
72769781
73019359
72854681
72870001
73119560
72673863
72856717
72784601
72803517
73149908
72843913
72550665
73006524
73104933
73126912
72889255
72787301
72755590
72692571
72957621
72531429
72693635
72758511
72838007
72615432
73076914
73197665
72745620
72503729
72904651
73034029
72853192
72819037
73233853
72865416
72574458
72806438
72992164
72386737
72891978
72654381
73325924
73156511
72922503
72846812
72945586
72816405
72946356
72984997
72887104
72941640
72983779
73392921
72904684
72900619
73287745
73190859
72965012
72650075
72582290
73069823
72864141
72883597
72815356
72801366
72874929
72757878
72889075
72777711
73109946
72761481
73403547
72946039
73006891
73240050
72273597
72941990
73068407
72587972
72801378
73192055
72960731
72706041
72704379
73007761
72906509
73054542
73052929
72776754
72831654
72577580
73008625
72828889
72701528
72959921
72598414
73143102
73029846
73027544
72839622
72858485
73231534
72791278
73001685
72908349
73015769
73200786
72727657
72872710
72666129
72943917
72964929
72815058
72617415
72802475
73090888
73123845
72757697
72709686
73206316
72797726
72666868
73019560
73069612
72890129
72420755
72921122
72641486
73145182
72962728
72763189
72724590
72564029
72842522
72764092
72937305
72795630
72352592
72725781
73181332
72808237
72783409
72827778
72695025
72564178
72850863
72898113
72617028
72843660
73338966
72813598
72907104
72911914
73079786
72712544
72882625
72581455
72908671
73071280
73203104
72718857
72699324
72717632
73042862
72491531
72881223
73287159
72939840
73168576
72922945
72845058
73067856
72799738
72638985
73130018
72780305
73031391
72813843
72640848
72503018
72883186
73099598
72931153
72964975
72905112
72951373
73055022
73295636
72754911
72480057
72427702
72857908
72722643
72991832
72988093
72948723
72359618
72592119
72891870
72954620
72650380
72910427
72817154
72781692
72886958
72923190
73116548
72353244
72971013
72863772
72975125
72849885
72653852
72945568
72795603
73167668
72791970
72850056
72866075
72761100
72581637
72649713
72515603
73162480
72691866
72797860
73013651
72964009
72540141
73433771
72994432
72708021
72898419
72906665
72644862
73090939
72965393
72735909
72922439
72576054
72843730
72824572
72744139
73139981
72587153
72753144
72427007
73063103
72763963
72661938
73147304
72605871
72767163
72844392
72858662
72789996
72771367
72819556
72713667
73187112
72786742
72825900
72863570
72620095
72828340
73029314
72988665
72953969
72552479
73332774
72601076
72914759
72907988
72694777
72834652
73112892
72441751
72925963
72797716
73198144
72834720
73101535
72679368
72908910
72841350
72900835
72833545
72523919
72840385
72968398
72614717
73066941
72850887
72800750
72827077
72687424
72511864
72614399
72829696
72993882
72982743
72826273
73041597
72777016
72805666
73101033
72705994
72665526
72878653
73180085
72789440
72897624
73007117
73021538
72867685
73076976
72622367
72954198
72907265
72678613
73140330
72666587
72795918
73015697
72751004
72777767
72955727
72797684
72888098
73442331
73211812
73019515
72933811
72624765
72938956
72797641
72882604
72943751
72689524
72824894
72381331
73002328
72710264
72952054
73084474
72950396
73230915
72858860
72871673
72903772
72811460
72666142
72927801
72708723
73035662
73042715
72537039
73207472
72953697
72548094
72622106
72899748
72607480
72875510
72826764
72872154
73048964
72626228
72989979
73032053
72890180
72955088
72592875
72720072
73193333
73303548
72786637
72426193
72735391
72454066
72657808
73411785
72759693
73212090
73014408
72765409
73268735
72514551
72869992
72888266
72813616
72717272
72821318
72865342
72904297
72784729
72794591
72758481
72841420
72744947
72633947
72951698
72790055
73034989
72551310
73022972
72847746
72568455
72956496
72450860
72957602
72453501
72375225
73191319
72857228
73028895
72800069
72832357
73246991
72668726
72581027
72671499
72508539
72805004
72452479
72613696
73046331
72551078
72991226
72640398
72571355
72794165
72990468
72575167
72820949
72694605
72902378
72766515
73087339
