0
0
0
13
72
93
100
121
155
155
155
160
179
179
179
179
209
209
209
209
224
224
237
237
237
237
245
246
247
247
247
247
258
324
356
357
360
360
366
366
366
366
366
394
408
408
432
432
436
468
479
479
490
490
490
490
495
507
507
507
535
547
556
563
571
595
634
634
634
634
654
706
711
711
711
759
759
759
759
759
759
760
760
760
760
760
780
836
874
898
988
1026
1027
1100
1101
1101
1101
1101
1126
1141
1200
1213
1213
1223
1223
1253
1268
1268
1268
1271
1296
1296
1296
1296
1296
1296
1299
1299
1299
1299
1318
1329
1350
1350
1350
1350
1350
1359
1371
1371
1411
1417
1419
1419
1419
1419
1419
1419
1431
1431
1490
1493
1501
1530
1541
1541
1550
1563
1563
1563
1579
1603
1603
1605
1662
1670
1670
1704
1722
1740
1749
1749
1749
1749
1791
1845
1851
1851
1851
1884
1890
1890
1890
1890
1890
1890
1890
1890
1892
1894
1930
1991
2003
2017
2085
2087
2136
2184
2184
2184
2184
2184
2192
2195
2272
2279
2279
2311
2311
2376
2391
2391
2391
2406
2441
2457
2457
2463
2470
2470
2483
2487
2502
2546
2548
2548
2549
2549
2550
2553
2553
2561
2561
2567
2621
2621
2621
2623
2630
2660
2660
2660
2663
2663
2681
2681
2714
2743
2748
2754
2754
2813
2813
2813
2840
2840
2840
2840
2896
2902
2902
2937
2949
2956
2968
2968
2968
2968
2996
3025
3025
3025
3025
3116
3123
3123
3123
3132
3132
3132
3132
3132
3135
3135
3135
3179
3183
3201
3255
3269
3311
3351
3385
3385
3385
3385
3385
3385
3420
3426
3426
3441
3445
3523
3536
3571
3577
3617
3642
3651
3651
3651
3653
3653
3678
3692
3699
3742
3742
3742
3742
3745
3793
3799
3799
3799
3799
3799
3849
3849
3864
3864
3864
3884
3884
3884
3884
3884
3884
3884
3884
3886
3890
3903
3904
3951
3951
3951
3954
3963
3963
3963
3981
3992
4029
4097
4097
4107
4107
4107
4107
4107
4126
4196
4196
4196
4196
4223
4234
4234
4234
4234
4234
4239
4245
4271
4271
4271
4271
4271
4271
4271
4302
4322
4381
4418
4452
4452
4452
4452
4452
4452
4527
4535
4535
4553
4553
4593
4642
4663
4663
4667
4701
4709
4709
4709
4709
4709
4741
4745
4770
4829
4829
4829
4829
4829
4834
4834
4834
4855
4855
4875
4883
4896
4896
4913
4913
4913
4913
4913
4913
4913
4913
4913
4923
4929
4929
4929
4929
4970
4974
4974
4979
4979
4979
5003
5031
5061
5078
5134
5135
5153
5153
5153
5153
5153
5155
5219
5228
5229
5248
5278
5307
5307
5307
5324
5324
5334
5334
5334
5334
5334
5334
5334
5334
5345
5345
5370
5396
5420
5437
5442
5442
5442
5442
5442
5520
5553
5553
5571
5571
5583
5605
5629
5648
5648
5648
5648
5648
5648
5648
5650
5671
5686
5686
5729
5732
5749
5749
5749
5750
