0
90
141
221
263
324
393
419
454
518
560
644
737
796
852
923
1000
1058
1104
1174
1240
1290
1351
1395
1482
1541
1597
1658
1702
1824
1876
1931
2013
2067
2107
2192
2274
2327
2373
2467
2505
2558
2613
2654
2694
2736
2836
2899
2917
2983
3041
3147
3182
3220
3289
3347
3395
3434
3491
3522
3607
3672
3745
3822
3899
3984
4064
4150
4220
4292
4362
4404
4440
4510
4569
4632
4741
4771
4826
4916
4979
5100
5167
5230
5311
5398
5454
5505
5557
5634
5657
5728
5784
5854
5906
5993
6035
6086
6140
6213
6283
6308
6351
6428
6457
6538
6646
6711
6767
6817
6874
6931
6970
7028
7089
7133
7188
7222
7287
7330
7374
7443
7473
7582
7633
7703
7763
7817
7839
7911
7985
8063
8151
8243
8280
8327
8377
8422
8470
8503
8591
8682
8702
8776
8822
8894
8940
8991
9059
9119
9175
9228
9297
9341
9396
9466
9492
9544
9607
9681
9750
9817
9914
9976
10052
10105
10155
10227
10282
10362
10472
10512
10553
10662
10722
10823
10927
10986
11042
11107
11207
11266
11304
11366
11389
11455
11518
11582
11639
11736
11793
11830
11868
11934
11999
12025
12074
12154
12199
12251
12350
12397
12451
12522
12584
12640
12680
12729
12788
12819
12870
12895
12970
13011
13056
13110
13144
13243
13290
13335
13382
13425
13500
13576
13656
13742
13811
13897
13960
14011
14069
14110
14142
14203
14278
14363
14384
14471
14518
14585
14651
14701
14757
14796
14872
14908
14956
15005
15057
15112
15164
15199
15272
15345
15414
15486
15562
15625
15696
15748
15806
15857
15912
15967
16081
16139
16191
16283
16319
16408
16477
16554
16617
16641
16716
16748
16816
16884
16922
17005
17048
17126
17181
17278
17337
17390
17427
17501
17561
17585
17638
17719
17784
17841
17973
18039
18095
18150
18221
18256
18298
18391
18461
18498
18558
18614
18675
18720
18762
18804
18833
18931
18966
19006
19052
19106
19162
19225
19340
19420
19504
19595
19648
19684
19751
19772
19793
19818
19909
20005
20021
20124
20181
20250
20314
20364
20453
20493
20525
20562
20630
20710
20762
20821
20884
20928
20993
21068
21129
21190
21256
21305
21365
21413
21471
21532
21569
21640
21744
21798
21851
21926
21964
22029
22072
22128
22161
22211
22334
22397
22451
22523
22554
22646
22713
22780
22821
22889
22920
22948
22999
23053
23125
23165
23218
23305
23367
23414
23492
23559
23607
23686
23737
23776
23825
23925
24002
24029
24070
24140
24213
24255
24308
24356
24411
24482
24518
24568
24602
24662
24731
24792
24894
24975
25062
25160
25234
25310
25401
25426
25460
25501
25587
25650
25733
25835
25867
25946
26021
26057
26151
26172
26213
26256
26329
26395
26453
26499
26553
26607
26655
26730
26786
26840
26901
26944
27025
27062
27125
27187
27207
27248
27333
27405
27470
27573
27631
27677
27757
27825
27881
27939
28011
28082
28138
28223
28268
28353
28421
28495
28544
28603
28685
28723
28771
28859
28931
28979
29065
29159
29222
29287
29373
29419
29491
29551
29595
29630
29671
29784
29869
29903
29961
30002
30087
30132
30174
30237
30284
30328
30349
