1
56574421
56715587
56677509
56601418
56762350
56402737
56447838
56729314
56529292
56714960
56563101
56447891
56677661
56452062
56449327
56518020
56794661
56749032
56513553
56442364
56619154
56524634
56633651
56504621
56497090
56704115
56531883
56837912
56464146
56576724
56476783
56585878
56516424
56647779
56710142
56428768
56591595
56809514
56466309
56534853
56854365
56461027
56578403
56524396
56623216
56676643
56589177
56472224
56634569
56812387
56638615
56587825
56601152
56682600
56807689
56655553
56451368
56589918
56737099
56573829
56579464
56521093
56317874
56499489
56485512
56614498
56654339
56573138
56533105
56588808
56434490
56525292
56472663
56753494
56759596
57046320
56783943
56557269
56396235
56366376
56770898
56516605
56512552
56747133
56367621
56590197
56620228
56817914
56633789
56593582
56722537
56782211
56517903
56672709
56516980
56828981
56619738
56420782
56477745
56743936
56640679
56711634
56836493
56635757
56711469
56737477
56668862
56676329
56526294
56639830
56829359
56627852
56763390
56457502
56640346
56510864
56472065
56586618
56428465
56745619
56546466
56890298
56643007
56770963
56758117
56754308
56381319
56633079
56625097
56805997
56479023
56712955
56583408
56448933
56469043
56693170
56692188
56937394
56593621
56587612
56707396
56637514
56646643
56643856
56470008
56465786
56869498
56778029
56910663
56638379
56765847
56522578
56611210
56707232
56653222
56713750
56742250
56720442
56691766
56776655
56518285
56729625
56604292
56666640
56387606
56439830
56639691
56541940
56570126
56645331
56639000
56481861
56668027
56475079
56481898
56613159
56616334
56669955
56749589
56550322
56446511
56588619
56772343
56500163
56823312
56619860
56673660
56627457
56463515
56402474
56531364
56522492
56625526
56759757
56709917
56441226
56493820
56626753
56680582
56497867
56726470
56620529
56855107
56643061
56628873
56770988
56737172
56515299
56556256
56606958
56554062
56655397
56672151
56678958
56680116
56514722
56462897
56749894
56695454
56516249
56321983
56643646
56752867
56713264
56740000
56782578
56923225
56670820
56684906
56550991
56793279
56743242
56714680
56525040
56560020
56562803
56593821
56871247
56573387
56667165
56346307
56584803
56717588
56799208
56529802
56635056
56628544
56633283
56479175
56484475
56735394
56726232
56564428
56708160
56726193
56754590
56506903
56676267
56773436
56836399
56580078
56526506
56587473
56564779
56695487
56609516
56521926
56531488
56558722
56594300
56800436
56587430
56756765
56405973
56526746
56727385
56656487
56803641
56720951
56633747
56681450
56901335
56686545
56639191
56621838
56529506
56635120
56692796
56679469
56715261
56810824
56601412
56512453
56481833
56616043
56511901
56584420
56742919
56342291
56618480
56554520
56447928
56529063
56433181
56654337
56575742
56522920
56603597
56873081
56666373
56606965
56404491
56628480
56866980
56785685
56517926
56479534
56593152
56922382
56473640
56417417
56657443
56806993
56773635
56617282
56553028
56456134
56902174
57032385
56623342
56365397
56745803
56670645
56500559
56440798
56635267
56810247
56599535
56474558
56814740
56661569
56633110
56638514
56523360
56848490
56640210
56685635
56778105
56651953
56613617
56420786
56723990
56585960
56564250
56545886
56507947
56583551
56730258
56491092
56551845
56656519
56508088
56603104
56755781
56570113
56352034
56821195
56669819
56725022
56650677
56462973
56610211
56816965
56724687
56543806
56572068
56863627
56502619
56726950
56419501
56640782
56644065
56784953
56523360
56825406
56618472
56239369
56600715
56692363
56310943
56384379
56722631
56718767
56596447
56318875
56690361
56608315
56637534
56607029
56511304
56669454
56574811
56276211
56397157
56733927
56595302
56633134
56426902
56628143
56719136
56656445
56288982
56460995
56451585
56654133
56496449
56662541
56622058
56576896
56328939
56721879
57010778
56586900
56634887
56444435
56466807
56614187
56574623
56636826
56680209
56634658
56575137
56692590
56883310
56743092
56727935
56513447
56793766
56704878
56787091
56780346
56544638
56724262
56542574
56600240
56811038
56666950
56585769
56646455
56668505
56837302
56719701
56594086
56561518
56499641
56559223
56536829
56552360
56410950
56591296
56587912
56742088
56622474
56675509
56511117
56668408
56484150
56857608
56625043
56658773
56623426
56837157
56583106
56803652
56665371
56913779
56647211
56460145
56734851
56650954
56588580
56422028
56564065
56823174
56663215
56570406
56676866
56785768
56650650
56752002
56693752
56652915
56760953
56562441
56707926
56852257
56513022
56615074
56764677
56687872
