0
0
0
12
12
12
12
12
12
18
18
18
18
27
27
38
38
40
40
40
40
40
66
66
66
84
84
84
84
84
84
84
84
84
84
84
84
84
84
84
84
84
84
84
84
84
84
92
92
92
92
92
92
92
92
92
92
109
126
126
126
135
135
135
153
184
206
235
244
247
250
250
250
250
255
284
317
317
317
317
317
317
317
317
340
365
365
365
365
365
365
365
411
411
428
438
447
447
447
447
447
447
453
488
488
488
502
502
502
503
503
504
504
504
512
512
521
540
540
576
576
576
576
576
576
576
576
576
576
576
576
576
576
576
576
576
576
576
576
576
576
576
576
576
576
576
576
576
576
576
587
614
649
649
649
649
649
649
674
712
719
745
763
775
775
775
775
775
775
800
835
835
835
845
845
845
845
872
923
941
941
941
941
941
941
941
958
958
981
986
1008
1019
1019
1019
1019
1019
1019
1019
1019
1019
1019
1026
1026
1026
1026
1026
1026
1026
1026
1026
1026
1037
1038
1038
1038
1038
1038
1038
1038
1038
1038
1038
1038
1055
1055
1055
1055
1055
1055
1055
1055
1055
1055
1055
1055
1056
1056
1056
1056
1056
1056
1056
1056
1056
1058
1114
1149
1149
1149
1152
1152
1152
1160
1183
1183
1183
1203
1223
1224
1260
1260
1260
1260
1298
1345
1348
1348
1380
1382
1398
1398
1410
1443
1450
1450
1450
1450
1450
1450
1458
1464
1464
1464
1464
1464
1464
1464
1464
1464
1464
1464
1464
1464
1464
1464
1464
1464
1464
1464
1464
1464
1464
1466
1466
1466
1466
1480
1486
1486
1486
1486
1486
1486
1486
1486
1486
1497
1520
1523
1548
1548
1548
1548
1548
1548
1548
1548
1548
1553
1559
1559
1559
1559
1559
1559
1559
1559
1559
1559
1599
1609
1609
1609
1628
1628
1628
1637
1644
1644
1667
1667
1685
1687
1714
1714
1718
1718
1718
1755
1761
1761
1761
1761
1768
1782
1802
1802
1802
1802
1802
1802
1802
1802
1827
1837
1837
1837
1837
1837
1837
1837
1837
1837
1837
1837
1837
1837
1837
1837
1837
1837
1837
1837
1837
1837
1837
1837
1837
1837
1837
1843
1844
1844
1844
1844
1844
1844
1844
1844
1844
1867
1867
1882
1920
1920
1920
1925
1978
1978
1978
1978
1978
1978
1982
1982
1997
1997
1997
2009
2009
2009
2009
2009
2030
2061
2061
2061
2061
2061
2061
2086
2109
2109
2128
2182
2197
2242
2242
2242
2242
2242
2242
2291
2291
2291
2291
2291
2291
2328
2348
2362
2362
2362
2362
2362
2383
2383
2406
2410
2410
2410
2410
2410
2410
2410
2410
2410
2410
2410
2410
2410
2410
2410
2417
2417
2417
2417
2417
2417
2423
2424
2424
2424
2424
2424
2424
2424
2424
2424
2424
2424
