1
60662211
60792376
60509081
60411891
60469416
60517719
60550651
60426686
60575528
60414987
60502013
60122004
60280982
60176787
60354400
60294826
60350279
60349333
60553692
60073778
59990169
60381406
60241769
60237377
60277801
60061270
60466596
60373361
60389369
60500984
60121029
60453241
60255132
60527216
60388953
60417202
60372254
60497145
60245141
60170163
60320169
60275237
60492476
60207083
60347594
60913878
60442501
60105871
60218507
60366050
60231719
60313974
60418590
60296378
60173916
60222267
60294771
60286408
60221652
60028832
60374473
60733957
60406243
60278209
60534972
60165470
60077497
60401259
60245705
60512060
60223528
60009790
60093170
60261793
60240328
60535808
60379617
60506167
60495764
60090241
60533291
60156112
60276746
60318569
60206914
60328742
60234995
60334997
60393059
60297693
60450571
60494999
60276837
60534068
60149443
60450384
60388536
60473884
60127397
60647276
60099393
60016543
60286284
60350777
60293756
60552335
60184476
60472913
60282939
60493122
60715940
60120064
60266336
60539957
60294625
60487252
60141388
60487571
60603112
60676570
60343479
60516207
60334595
60543917
60447891
60193433
60374022
60528949
60384774
60443039
60361059
60297933
60191216
60520773
60225569
60317320
60394167
60200511
60380335
60024051
60540221
60276906
60476457
60299492
60199144
60568434
60226210
60419976
60285975
60442106
60450625
60556576
60314056
60547954
60600126
60448087
60156958
60530023
60727806
60301584
60655872
60459745
60431173
60444286
60244480
60457547
60051639
60573011
60346744
60241763
60275827
60356177
60178650
60251072
60435618
60574178
60211322
60387664
60257969
60262881
60231788
60360479
60398719
60281295
60384333
60504285
60143408
60376254
60224997
60536752
60342555
60273425
60472667
60503075
60437553
60466865
60175948
60379475
60125524
60452175
60238764
60468040
60424841
60339884
60225888
60322281
60744235
60398606
60502711
60476115
60240383
60087557
60615086
60359824
60202499
60288020
60188887
60263450
60095544
60403214
60224873
60396700
60251150
60272444
60094610
60558575
60262457
60358015
60364392
60606159
60342904
60018155
60328226
60150963
60117289
60238232
60388299
60240409
60490567
60437819
60406142
60271351
60461751
60363835
60129552
60238917
60399030
60326811
60292150
60489335
60112251
60269440
60077005
60455264
60364969
60261957
60038131
60457121
60340970
60112894
60321486
60361730
60274170
60209417
60553267
60571288
60579593
60538661
60514854
60428413
60493735
60273960
60194990
60240435
60324860
60447236
60319702
60338233
60439275
60426068
60230869
60328794
60095544
60251939
60091072
59911795
60463315
60316299
60487900
60419846
60008520
60475002
60660084
60477837
60378418
60393002
60446073
59982996
60544684
60068173
60441361
60084476
60270900
60354275
60419823
60420357
60310058
60467330
60401574
60277917
60205963
60137418
60530256
60670200
60608303
60258062
60393084
60560217
60395999
60473349
60573515
60606345
60495658
60458650
60413574
60445369
60321413
60471863
60512306
60237470
60585040
60561306
60168100
60550269
60177660
60699582
60389432
60553050
60817791
60234993
60758189
60439115
60175354
60199097
60520645
60332115
60273936
60242430
60128766
60117559
60063283
60308042
60459792
60304591
60179147
60355843
60562375
60325014
60362594
60128099
60628540
60192893
60185882
60088920
60347425
60497106
60156203
60287403
60442169
60337186
60471534
60487416
60267500
60472614
60359055
60417727
60732861
60390663
60232190
60400013
60446629
60419554
60509222
60397992
60669077
60670542
60692566
60334249
60292427
60493358
60410924
60286350
60242807
60225879
60506022
60324143
60321664
60308327
60338971
60555892
60432060
60590040
60531420
60264647
60586023
60198753
60318314
60383719
60201512
60396162
60351526
60046218
60277432
60181758
60514628
60387867
60216547
60371867
60410712
60279293
60467087
60303235
60373914
60488334
60151022
60384336
59803246
60067341
60274210
59904260
60262795
60329791
60353364
60170889
60080891
60286370
60254330
60326051
60300005
60635729
60295599
60467388
60424870
60122700
60482097
60301075
60226495
60241313
60357927
60782461
60405571
60210914
60760650
60275119
60393130
60287422
60300675
60213141
60324621
60410877
60366153
60317062
60651704
60075861
60357198
60225204
60565204
60389394
60289628
60251131
60271690
60141666
60602109
60161611
60302066
60409283
60257322
60158876
60353166
60199226
60471501
60490777
60417713
60467043
60099291
60538462
60668182
60360023
60532981
60705392
60549733
60152984
60339039
60319141
60331781
60464698
60732152
60472689
60821736
60590777
