0
0
0
0
0
0
0
0
9
9
9
10
42
42
42
42
42
42
42
42
42
42
42
42
60
60
60
60
60
60
60
60
61
61
110
156
168
169
173
173
173
173
198
221
221
231
270
277
289
313
313
313
313
405
417
417
417
464
464
483
489
493
530
530
530
530
530
530
530
554
559
559
559
559
559
559
559
559
559
559
559
559
559
559
565
565
565
575
575
575
575
590
596
596
596
610
625
631
631
631
631
631
631
631
631
636
685
685
685
713
713
713
713
713
713
713
713
713
737
737
737
737
737
737
744
744
744
744
775
801
815
815
836
836
846
848
867
870
870
887
910
913
923
935
937
943
943
988
998
1003
1003
1014
1014
1028
1060
1062
1062
1062
1062
1062
1062
1077
1077
1107
1117
1117
1117
1117
1117
1117
1117
1117
1117
1117
1117
1117
1117
1117
1118
1118
1118
1118
1118
1118
1121
1121
1121
1121
1121
1132
1141
1141
1141
1141
1141
1141
1150
1150
1150
1186
1191
1197
1207
1246
1246
1246
1275
1316
1316
1316
1317
1317
1335
1335
1362
1362
1362
1362
1387
1387
1387
1387
1399
1429
1458
1458
1458
1458
1462
1472
1501
1516
1516
1551
1619
1619
1666
1666
1666
1672
1672
1709
1737
1737
1737
1748
1749
1755
1807
1817
1823
1823
1823
1825
1825
1866
1866
1887
1890
1890
1890
1890
1906
1911
1911
1911
1911
1915
1918
1918
1918
1918
1927
1942
1942
1942
1942
1942
1942
1968
1968
1968
1968
1968
1968
1968
1968
1968
1968
1968
1970
1970
1970
1987
1987
1987
1987
2024
2024
2024
2040
2075
2075
2075
2075
2075
2083
2083
2112
2112
2112
2121
2124
2124
2124
2124
2124
2181
2193
2193
2193
2193
2195
2207
2225
2260
2261
2273
2301
2303
2320
2320
2320
2320
2320
2335
2345
2345
2345
2355
2368
2368
2384
2384
2384
2384
2384
2390
2390
2431
2431
2437
2450
2450
2450
2450
2450
2450
2450
2450
2462
2462
2471
2471
2480
2480
2482
2482
2482
2482
2482
2482
2482
2506
2506
2506
2506
2515
2517
2517
2517
2517
2517
2549
2560
2568
2577
2594
2594
2594
2594
2630
2679
2679
2710
2724
2725
2725
2725
2725
2749
2749
2796
2809
2809
2809
2809
2809
2809
2809
2832
2873
2873
2873
2873
2873
2873
2881
2899
2936
2938
2953
2972
2972
2972
2972
2972
2972
2986
3027
3027
3027
3027
3059
3059
3059
3075
3075
3075
3075
3092
3098
3098
3124
3124
3142
3158
3158
3158
3158
3161
3161
3161
3161
3161
3173
3174
3174
3178
3178
3178
3178
3184
3184
3184
3184
3184
3189
3189
3189
3189
3189
3189
3189
3189
3189
3189
3242
3270
3280
3292
3292
3292
3292
3292
3335
3378
3378
3412
3434
3434
3434
3434
3434
3434
3450
3510
3512
3512
3512
3538
