1
161724403
164103976
161097289
162189205
162938286
162050197
161919705
162503077
162288266
161878145
161960453
159612768
162230438
164046823
161678360
161168058
163056880
161468173
162513051
162357084
162718651
163032601
161196428
162528127
160543136
160527658
160896876
161823654
162700938
160562044
163320790
163560544
162865169
162989465
161545311
163243970
162952117
163229245
162607907
162683928
160803018
162023694
164284615
163200357
162560899
163093538
161796731
163988705
163354132
160828262
162676718
161463947
164759804
162006872
161945416
161375293
161697029
162529028
162936159
160848350
161686203
160962991
160685212
162517431
161386949
162373313
161220810
161350910
162211969
160223413
160345595
163595990
162300340
161956060
162856497
163353154
162422160
159803724
160517553
160686594
163297069
161180743
164229596
161673430
162173350
161758542
162895632
160363151
161609003
162017994
162159124
161632526
162917336
161732986
163322077
164237829
161956431
163572261
161705273
162192803
163542936
161328334
160231189
163791354
160679508
162709162
162390920
161726651
161010245
161402286
161911772
164680287
161232998
161554312
163330224
162440424
162763497
160879801
163033536
160614145
161985628
162029463
162932720
161698725
163242376
161551105
160076891
162384941
161402179
163828922
160758100
161660851
161704159
162625546
163911167
161534897
160360688
161502569
162013148
159443736
162310320
163982976
162188752
162475645
162951543
161439855
163240541
162543982
162208338
161469181
162975091
162658121
160282330
163622324
161565091
162607798
160796824
160916755
161866482
162617069
162554257
161255759
161744624
162267231
161134459
163097927
161715373
163020368
162323658
163482808
162618663
161622217
162359966
163997175
160665262
159384504
163286869
160361379
160653397
161493468
160167060
161681307
163170275
162962833
164504551
162546661
161010773
162169797
160594187
161636584
161992113
162706425
163228394
161168000
162744057
163456306
161070058
163091353
161985737
161967465
163077617
160528575
164724759
162117899
162449754
164065793
161633905
159113681
161851253
164962224
163781657
163591714
160850205
162695013
162233344
163171949
163555907
161736148
160912244
162946194
162161089
160368650
163328345
161356966
162575343
162031271
161329413
162092596
161793551
163390245
165185067
163119348
161982088
160747048
161222276
163740943
161853918
163200353
161225160
162795085
162271416
160809967
161079631
164129592
161349321
162035043
163547229
161266090
162014023
160462514
162047010
159914604
162735862
162431237
162262140
161709146
161960871
161637048
162062061
161790522
162102825
162696744
162077364
162148886
162913345
159490187
162261657
162472810
163034177
162868846
161641134
162204642
162365419
163776481
160078321
161775309
162390092
163670487
161973345
160670244
162256012
164231295
161633312
160638480
161642461
163183800
160230228
162282297
162966212
160265363
163129018
159679942
159499042
160472810
161878073
163525113
161414096
163099868
161703719
162189344
162744993
162806564
162293338
160198852
159030644
162705813
162405015
163124737
162379619
162949921
162210216
159913736
163071856
161283676
162330797
162362815
162273099
161417857
163098795
160820367
163025927
160812429
162119351
161193950
162085901
164662066
161855903
161510412
160463411
162579333
161273904
162678526
162248859
162823638
161843736
161445869
161434684
160645933
161610839
160547752
160506327
161689552
162936028
162201181
161660492
162009191
161137922
162869028
163266914
161771205
162673145
163390366
162698297
164002404
162778136
162582936
162578264
162498658
160951119
162746278
161466810
161247728
161290896
161962146
162294867
161360267
161331386
162825877
161356800
161289381
162446833
163120653
163451243
161623520
162973448
163287555
161734922
162481555
161773703
159248213
161489800
162412019
163552107
162470273
164003433
162318318
160963568
162078056
163950324
163078419
162071310
163285591
164282119
163039109
161725243
162275414
163103140
163358312
160911399
162799981
161479730
163131607
160903486
159945704
163661634
161803511
162255791
161257970
162285274
161315538
163825193
164836782
161860020
162002910
163251087
161292792
161325474
161131015
162747802
162263688
161960512
162054236
160215036
162102810
162857976
161501336
161552962
161487411
162335982
163461873
162983267
162315682
160879038
161481483
162067050
159501476
161437717
160549393
160477266
161317114
161831971
162391628
162148006
161061041
162189621
161408708
163393328
163502063
159769707
161929016
162501303
162671708
162379315
163030763
161240611
162046364
162383424
160837246
162356668
161795349
161904794
161458416
163255172
162220347
161442299
161620882
162261762
159910088
163583857
160069933
163916529
160564014
162629240
161373110
161632528
162386098
162057463
162374450
161433677
163025672
160473812
161783102
163634809
161377405
161612274
162805031
164136351
164030869
162478496
161204155
163418700
163139114
163039138
162619663
162120509
162418094
162300097
163832927
162369220
163023017
