0
18
33
67
87
110
139
147
161
176
200
205
212
232
242
282
295
325
338
356
389
411
429
455
463
506
532
558
586
619
625
659
676
695
711
731
756
786
804
829
850
869
892
919
960
980
1003
1023
1058
1069
1100
1120
1136
1152
1164
1190
1215
1232
1258
1276
1308
1328
1352
1362
1391
1411
1426
1465
1484
1503
1526
1544
1566
1590
1602
1633
1638
1657
1683
1696
1728
1754
1777
1802
1817
1836
1860
1879
1890
1903
1919
1937
1943
1970
1987
2010
2035
2051
2077
2097
2131
2137
2161
2195
2234
2237
2247
2279
2289
2322
2340
2382
2393
2412
2435
2472
2495
2511
2524
2558
2589
2626
2637
2665
2671
2701
2727
2757
2777
2802
2830
2868
2890
2924
2936
2955
2985
2994
3045
3066
3086
3109
3143
3167
3182
3212
3235
3252
3267
3310
3323
3343
3385
3408
3436
3452
3472
3488
3512
3541
3558
3577
3593
3618
3652
3668
3685
3708
3715
3754
3770
3794
3802
3807
3827
3861
3888
3903
3917
3935
3957
3975
3993
4005
4008
4026
4053
4077
4096
4121
4146
4167
4176
4203
4239
4265
4278
4311
4343
4356
4367
4388
4400
4433
4454
4486
4501
4517
4552
4579
4599
4617
4624
4644
4691
4710
4717
4743
4755
4789
4817
4843
4874
4892
4917
4950
4968
4993
5013
5032
5054
5077
5115
5133
5149
5162
5200
5219
5234
5274
5300
5320
5329
5365
5382
5402
5452
5469
5501
5514
5534
5551
5573
5595
5599
5620
5640
5661
5692
5712
5727
5765
5768
5794
5813
5834
5846
5855
5873
5905
5937
5947
5951
5961
5999
6014
6030
6042
6061
6071
6111
6134
6151
6186
6202
6215
6228
6248
6284
6315
6332
6361
6392
6409
6428
6453
6462
6497
6523
6562
6580
6587
6606
6624
6636
6657
6667
6696
6737
6743
6754
6766
6766
6786
6808
6835
6862
6897
6921
6959
6975
6992
7015
7032
7052
7089
7131
7141
7165
7183
7221
7231
7246
7288
7306
7327
7329
7363
7396
7421
7456
7482
7511
7534
7556
7559
7569
7598
7613
7626
7641
7660
7703
7723
7734
7755
7762
7783
7792
7827
7835
7838
7862
7868
7895
7917
7940
7955
7989
8003
8020
8038
8053
8065
8118
8144
8161
8205
8227
8238
8266
8291
8333
8366
8386
8412
8438
8453
8475
8492
8508
8532
8567
8609
8618
8635
8661
8696
8717
8745
8771
8812
8850
8862
8879
8890
8902
8922
8932
8972
8985
9023
9042
9072
9095
9109
9133
9149
9180
9211
9245
9258
9278
9298
9335
9346
9361
9386
9403
9416
9433
9470
9501
9524
9554
9586
9608
9624
9639
9646
9659
9692
9707
9716
9733
9759
9792
9817
9833
9857
9877
9896
9909
9941
9950
9952
9960
9965
9994
10004
10031
10048
10080
10102
10120
10146
10171
10182
10230
10262
10277
10309
10336
10342
10376
10394
10425
10450
10463
10486
10521
10540
10570
10597
10613
10627
10667
10717
10742
10768
10796
10840
10857
10882
10907
10930
10956
10962
10973
10984
11000
