0
0
0
0
58
82
82
101
138
138
138
139
164
164
164
164
185
185
185
185
188
188
206
206
206
206
206
206
209
209
209
209
209
271
306
306
308
308
315
315
315
315
315
337
348
348
379
379
379
405
417
417
420
420
420
420
420
427
427
427
449
458
466
471
475
502
541
541
541
541
554
606
613
613
613
654
654
654
654
654
654
654
654
654
654
654
662
718
756
778
868
904
904
970
970
970
970
970
981
996
1057
1070
1070
1074
1074
1100
1110
1110
1110
1110
1129
1129
1129
1129
1129
1129
1129
1129
1129
1129
1140
1153
1172
1172
1172
1172
1172
1172
1187
1187
1223
1230
1230
1230
1230
1230
1230
1230
1239
1239
1289
1294
1296
1318
1332
1332
1338
1353
1353
1353
1361
1383
1383
1383
1429
1434
1437
1459
1480
1494
1502
1502
1502
1502
1537
1590
1592
1592
1592
1615
1620
1620
1620
1620
1620
1620
1620
1620
1620
1620
1652
1713
1724
1738
1804
1807
1854
1902
1902
1902
1902
1902
1902
1902
1977
1988
1988
2013
2013
2070
2083
2083
2083
2097
2127
2142
2142
2142
2148
2148
2157
2161
2178
2221
2225
2225
2225
2225
2225
2225
2225
2225
2225
2225
2278
2278
2278
2278
2279
2306
2306
2306
2306
2306
2320
2320
2347
2374
2382
2384
2384
2439
2439
2439
2459
2459
2459
2459
2504
2506
2506
2533
2541
2550
2564
2564
2564
2564
2582
2611
2611
2611
2611
2694
2698
2698
2698
2709
2709
2709
2709
2709
2709
2709
2709
2744
2752
2765
2820
2835
2876
2914
2950
2950
2950
2950
2950
2950
2978
2987
2987
2990
2999
3075
3088
3126
3131
3168
3192
3198
3198
3198
3198
3198
3214
3227
3232
3270
3270
3270
3270
3270
3316
3317
3317
3317
3317
3317
3356
3356
3360
3360
3360
3382
3382
3382
3382
3382
3382
3382
3382
3382
3382
3393
3394
3429
3429
3429
3432
3443
3443
3443
3450
3464
3500
3565
3566
3576
3576
3576
3576
3576
3585
3655
3655
3655
3655
3675
3685
3685
3685
3685
3685
3687
3694
3719
3719
3719
3719
3719
3719
3719
3741
3757
3818
3855
3892
3892
3892
3892
3892
3892
3957
3965
3965
3974
3974
4013
4060
4079
4079
4079
4107
4114
4114
4114
4114
4114
4136
4141
4167
4226
4226
4226
4226
4226
4226
4226
4226
4239
4239
4261
4266
4278
4278
4293
4293
4293
4293
4293
4293
4293
4293
4293
4294
4299
4299
4299
4299
4337
4339
4339
4339
4339
4339
4364
4397
4423
4442
4495
4497
4511
4511
4511
4511
4511
4511
4569
4575
4575
4587
4619
4646
4646
4646
4667
4667
4676
4676
4676
4676
4676
4676
4676
4676
4676
4676
4704
4731
4750
4769
4776
4776
4776
4776
4776
4843
4877
4877
4883
4883
4883
4904
4925
4946
4946
4946
4946
4946
4946
4946
4946
4961
4976
4976
5015
5021
5037
5037
5037
5037
