0
0
21
36
47
56
56
68
68
82
82
97
98
99
103
108
115
121
131
137
152
162
172
183
187
187
193
193
201
247
263
267
287
287
308
319
327
340
340
344
344
348
363
363
383
386
397
398
425
437
441
441
452
466
466
466
491
498
509
542
542
549
558
562
563
565
588
610
610
616
616
626
627
631
632
632
661
662
662
665
670
674
676
715
724
752
773
776
776
788
788
788
789
817
845
850
878
895
898
903
903
929
929
929
933
961
965
969
971
980
991
992
1013
1021
1027
1039
1042
1050
1051
1056
1059
1059
1078
1122
1123
1126
1136
1136
1152
1152
1152
1152
1167
1186
1189
1192
1210
1210
1244
1256
1256
1256
1276
1276
1276
1282
1293
1305
1305
1313
1334
1343
1352
1361
1373
1379
1396
1396
1396
1396
1422
1446
1446
1453
1459
1485
1485
1489
1491
1491
1502
1502
1503
1509
1512
1520
1527
1571
1583
1609
1640
1666
1679
1707
1707
1707
1707
1726
1742
1759
1787
1787
1801
1811
1817
1850
1850
1850
1850
1878
1879
1882
1882
1886
1888
1888
1900
1901
1910
1928
1928
1950
1952
1956
1959
1959
1962
1983
1984
1994
2013
2013
2013
2028
2040
2040
2043
2058
2063
2076
2097
2110
2127
2131
2136
2140
2151
2160
2160
2166
2182
2195
2195
2214
2239
2243
2264
2278
2290
2298
2305
2305
2305
2318
2358
2380
2380
2380
2383
2410
2411
2411
2420
2420
2420
2420
2431
2436
2445
2453
2472
2501
2508
2519
2547
2551
2583
2600
2600
2600
2600
2605
2618
2628
2661
2661
2677
2690
2701
2742
2750
2752
2752
2788
2791
2800
2800
2820
2821
2827
2840
2849
2862
2875
2876
2893
2893
2897
2908
2908
2908
2925
2925
2948
2961
2965
2968
2981
2999
2999
2999
3010
3012
3020
3027
3034
3067
3071
3079
3079
3089
3120
3120
3134
3145
3152
3152
3174
3193
3201
3223
3237
3240
3246
3258
3258
3258
3263
3297
3303
3303
3309
3339
3360
3362
3362
3375
3375
3378
3378
3385
3387
3399
3404
3420
3439
3446
3465
3483
3505
3520
3541
3554
3554
3554
3558
3559
3559
3594
3594
3594
3615
3629
3672
3681
3693
3711
3747
3757
3757
3757
3769
3774
3791
3795
3802
3807
3830
3830
3830
3836
3855
3873
3873
3873
3887
3887
3902
3922
3938
3941
3947
3958
3963
3963
3965
3968
3975
3977
3977
3990
3994
3998
4006
4014
4041
4041
4045
4052
4060
4067
4080
4094
4118
4151
4164
4164
4170
4178
4181
4186
4186
4227
4242
4242
4251
4267
4277
4278
4286
4295
4295
4299
4302
4314
4326
4326
4331
4331
4336
4337
4355
4375
4393
4421
4431
4447
4448
4448
4458
4459
4475
4515
4518
4533
4540
4550
4588
4608
4620
4620
4639
4654
4656
4656
4659
4663
4688
4688
4697
4708
4734
4734
4734
4744
4749
4765
4768
4773
4802
4816
