0
0
0
0
29
33
33
33
33
33
55
59
83
145
145
145
145
145
145
145
145
159
159
179
186
192
192
211
211
211
211
211
211
211
211
211
212
216
216
216
216
253
255
255
255
255
255
279
311
339
356
409
414
428
428
428
428
428
428
487
491
494
506
534
561
561
569
579
588
588
588
588
588
588
588
588
588
589
591
618
642
662
680
689
689
689
689
689
756
789
789
795
795
797
821
838
859
859
859
859
859
859
859
861
876
893
893
930
937
952
952
952
952
952
952
960
966
972
1021
1023
1036
1054
1054
1054
1054
1056
1098
1101
1101
1101
1101
1101
1101
1101
1101
1113
1121
1121
1121
1121
1121
1121
1160
1169
1218
1272
1279
1279
1279
1279
1279
1279
1290
1360
1360
1377
1384
1414
1414
1414
1442
1442
1442
1442
1442
1466
1466
1466
1466
1469
1469
1489
1489
1489
1489
1489
1493
1493
1493
1493
1493
1493
1571
1592
1592
1594
1594
1600
1600
1600
1600
1600
1631
1635
1635
1665
1665
1670
1694
1707
1707
1708
1708
1708
1708
1708
1715
1715
1715
1735
1757
1757
1762
1771
1791
1829
1829
1829
1829
1848
1900
1900
1900
1900
1942
1942
1942
1942
1942
1942
1942
1942
1942
1942
1942
1952
2032
2046
2102
2158
2195
2195
2261
2261
2261
2261
2261
2288
2307
2360
2360
2360
2365
2365
2397
2402
2402
2402
2404
2420
2420
2420
2420
2420
2420
2420
2420
2420
2430
2430
2450
2463
2463
2463
2463
2463
2463
2478
2478
2513
2520
2520
2520
2520
2520
2520
2520
2526
2526
2582
2582
2593
2608
2619
2619
2626
2641
2641
2641
2650
2671
2671
2676
2723
2725
2725
2759
2767
2780
2790
2790
2790
2790
2829
2880
2880
2880
2880
2902
2909
2909
2909
2909
2909
2909
2909
2909
2909
2921
2954
3003
3026
3032
3094
3096
3160
3191
3191
3191
3191
3191
3191
3214
3279
3279
3279
3303
3303
3375
3375
3375
3375
3397
3417
3435
3435
3435
3440
3440
3449
3463
3473
3516
3516
3517
3517
3517
3517
3517
3517
3517
3517
3526
3572
3572
3572
3572
3579
3599
3599
3599
3599
3599
3614
3614
3645
3665
3675
3675
3675
3727
3727
3727
3746
3746
3746
3752
3794
3794
3794
3827
3831
3838
3853
3853
3853
3853
3889
3901
3901
3901
3906
3983
3987
3987
3987
3998
3998
3998
3998
3998
3998
3998
4006
4033
4053
4059
4109
4148
4172
4203
4237
4237
4237
4237
4237
4237
4274
4274
4274
4285
4292
4372
4387
4412
4419
4465
4485
4485
4485
4485
4485
4485
4501
4516
4522
4557
4557
4557
4557
4560
4604
4604
4604
4604
4604
4604
4644
4644
4650
4650
4651
4672
4672
4672
4672
4672
4672
4672
4672
4672
4672
4681
4684
4718
4718
4718
4721
4731
4731
4731
4740
4751
4820
4852
4854
4864
4864
4864
4864
4864
