0
61
128
207
248
329
382
437
472
560
621
671
765
835
882
959
998
1052
1135
1203
1276
1324
1369
1430
1481
1554
1608
1688
1718
1790
1875
1937
1983
2002
2062
2126
2204
2258
2296
2344
2404
2464
2524
2547
2587
2637
2685
2775
2818
2880
2946
3011
3058
3097
3199
3271
3329
3405
3486
3535
3556
3623
3651
3700
3767
3848
3902
3929
4013
4094
4165
4241
4278
4349
4435
4516
4548
4600
4643
4695
4755
4809
4911
4963
5038
5110
5166
5243
5289
5355
5414
5466
5536
5614
5648
5689
5762
5829
5866
5941
6012
6069
6098
6156
6227
6284
6392
6453
6504
6596
6620
6675
6716
6788
6834
6862
6925
7006
7035
7120
7183
7269
7303
7366
7408
7465
7506
7539
7580
7644
7719
7756
7778
7824
7891
7960
8020
8033
8079
8127
8183
8264
8325
8365
8435
8512
8561
8598
8691
8771
8816
8896
8953
9009
9055
9126
9188
9259
9309
9407
9477
9511
9565
9621
9661
9725
9763
9846
9930
9994
10026
10084
10112
10156
10210
10279
10384
10430
10521
10587
10653
10719
10767
10833
10890
10944
11017
11100
11145
11199
11295
11336
11363
11454
11507
11569
11588
11638
11733
11812
11892
11971
12027
12113
12148
12206
12220
12298
12341
12388
12440
12479
12518
12602
12637
12718
12754
12819
12845
12890
12956
12988
13031
13092
13147
13209
13250
13301
13369
13447
13512
13533
13606
13649
13705
13784
13877
13934
14002
14065
14120
14164
14266
14350
14399
14482
14544
14588
14649
14710
14768
14826
14873
14962
15026
15054
15098
15179
15228
15306
15352
15430
15513
15588
15613
15671
15706
15753
15813
15873
15962
16010
16098
16148
16232
16293
16350
16409
16478
16519
16596
16644
16698
16741
16830
16877
16922
16982
17034
17074
17119
17161
17248
17330
17404
17481
17551
17593
17626
17663
17716
17787
17884
17920
17960
18030
18086
18166
18215
18298
18320
18397
18429
18465
18517
18560
18579
18599
18669
18712
18749
18810
18862
18941
19001
19038
19115
19160
19215
19306
19377
19427
19487
19559
19611
19662
19755
19822
19850
19925
19991
20052
20111
20197
20231
20286
20337
20432
20534
20590
20644
20746
20799
20871
20915
20970
21044
21086
21123
21170
21201
21267
21342
21422
21469
21504
21563
21626
21683
21730
21780
21841
21900
21935
22009
22054
22112
22147
22227
22275
22330
22397
22447
22509
22556
22621
22694
22754
22800
22877
22941
23007
23054
23104
23161
23227
23311
23332
23378
23430
23504
23567
23624
23704
23744
23806
23852
23901
23936
23972
24014
24054
24129
24165
24218
24287
24311
24391
24449
24489
24559
24609
24665
24739
24799
24842
24921
24984
25026
25121
25177
25248
25285
25369
25436
25496
25541
25623
25656
25704
25751
25835
25895
25934
25986
26074
26123
26194
26244
26300
26353
26399
26455
26502
26546
26627
26687
26772
26833
26874
26924
27008
27093
27147
27209
27267
27330
27362
27448
27495
27577
27610
27680
27724
27773
27830
27890
27960
28027
28096
28167
28205
28247
28323
28394
28444
28469
28528
28591
28637
28708
28757
28792
28870
28934
29000
29058
29136
29197
29247
29320
