1
56427664
56451146
56577656
56640286
56709946
56489611
56558695
56695972
56584629
56575938
56868336
56678471
56382454
56648361
56601635
56637811
56657585
56621741
56392621
56736025
56609524
56649649
56532175
56517648
56571101
56604834
56444641
56704163
56661837
56977001
56342393
56711929
56507746
56575868
56899848
56794772
56647879
56544562
56429599
56812194
56929242
56611301
56579658
56672110
56593351
56475708
56527852
56449087
56610822
56508733
56275636
56742969
56491736
56634176
56769292
56713442
56482186
56674227
56572279
56702754
56317249
56655734
56702428
56673330
56644335
56486822
56392331
56567480
56544544
56618937
56579726
56617450
56720541
56965113
56482540
56447380
56608984
56503324
56876112
56489263
56556902
56537030
56751506
56857717
56439345
56428709
56927656
56630684
56313512
56819665
56660516
56549872
56539255
56677209
56725281
56831644
56753793
56705826
56510442
56642416
56486896
56791825
56643565
56454153
56831236
56827995
56534830
56668626
56604691
56860710
56727789
56524858
56516665
56793642
56649324
56518919
56788194
56664539
56444759
56915077
56701473
56921153
56511755
56753093
56512114
56598728
56584010
56556065
56750339
56857458
56729299
56861582
56928330
56790283
56544451
56849465
56562281
56527308
56618050
56774400
56833981
56561965
56502935
56620022
56735087
56581272
56577473
56687816
56706618
56507379
56575160
56935479
56655380
56654614
56481117
56747861
56657000
56519003
56718420
56829439
56707142
56590410
56728758
56617955
56648646
56468530
56937430
56540281
56836275
56478241
56440088
56492752
56445832
56529283
56614971
56652475
56944205
56656071
56533931
56692032
56699999
56603393
56689724
56494544
56517332
56533354
56371529
56823468
56661012
56373911
56516743
56351260
56603163
56886278
56729150
56615467
56723225
56500057
56374477
56688461
56324915
56479928
56571140
56661896
56894479
56694776
56560608
56572123
56611883
56687780
56858763
56671522
56635540
56813279
56602016
56620391
56740001
56627881
56723671
56568883
56671374
56580497
56736675
56655515
56717156
56627471
56578645
56572204
56783154
56502442
56394369
56671715
56512634
56660759
56489969
56452004
56514919
56557845
56792986
56584729
56698146
56549569
56540882
56617780
56320532
56675014
56693777
56585848
56651857
56808335
56552481
56537873
56550912
56755844
56705631
56722637
56755726
56514386
56670347
56485307
56727657
56502973
56889241
56582385
56708754
56599556
56731628
56550111
56684050
56934310
56867494
56532673
56543019
56905273
56499327
56582096
56830188
57010564
56836299
56558489
56553216
56708569
56630256
56690863
56761792
56683032
56680037
56673530
56818850
56556614
56539544
56607167
56840017
56694391
56999234
56520881
56578590
56715936
56818286
56624965
56740516
56911634
56695605
56611575
56559238
56632671
56581688
56824315
56680186
56622545
56499330
56752754
56643209
56849184
56787639
56900259
56377875
56276064
56457169
56482546
56616051
56617701
56706129
56561791
56665780
56578938
56692042
56720057
56749550
56400868
56523783
56818598
56728185
56814195
56602117
56444102
56425588
56510418
56734340
56614654
56677385
56629361
56588009
56651438
56554463
56508205
56767602
56529920
56580140
56561124
56742628
56605305
56511412
56698946
56747458
56645312
56496585
56375585
56623247
56660955
56411520
56724157
56661156
56652083
56639693
56236118
56420653
56250962
56736291
56712719
56530285
56502700
56609280
56693893
56940205
56594523
56701608
56655654
56887916
56487638
56592856
56429950
56726969
56842598
56590971
56458882
56654191
56583551
56851971
56498430
56568187
56945698
56662194
56758086
56375445
56721124
56639242
56679603
56548846
56736180
56554952
56649190
56580359
56864312
56433802
56431824
56537661
56816357
56765176
56398033
56483809
56532603
56774548
56648985
56950298
56501108
56445488
56398801
56651966
57008070
56523013
56575231
56833185
56720193
56846431
56617266
56790904
56487121
56638843
56583147
56579212
56651490
56951620
56693976
56439578
56614281
56820516
56687234
56747813
56718798
56926178
56780915
56517362
56722695
56619698
56578644
56675273
56824339
56716580
56534153
56263837
56644017
56627751
56827978
56452102
56626526
56647572
56563429
56446542
56769956
56836474
56725731
56583593
56642117
56608041
56724005
56530198
56339511
56585213
56565353
56729902
56758276
56603678
56650220
56394296
56676393
56419126
56551676
56964846
56795801
56616285
56756184
56609906
56759007
56588688
56501744
56589264
56693210
56644584
56680231
56542179
56669984
56634422
56546574
56598318
56344014
56783544
56769606
56621846
56341301
