0
28
47
83
103
130
148
164
182
188
198
202
202
206
233
258
258
260
266
300
305
305
309
311
325
376
407
413
450
478
481
490
553
563
610
653
656
688
688
690
712
739
763
808
851
856
873
895
899
911
911
928
981
1008
1008
1008
1021
1024
1038
1061
1141
1151
1196
1206
1237
1254
1255
1270
1295
1301
1347
1398
1398
1418
1457
1478
1479
1524
1533
1554
1560
1561
1612
1635
1659
1680
1688
1742
1742
1748
1748
1764
1785
1785
1785
1789
1794
1837
1838
1865
1875
1875
1889
1889
1924
1924
1924
1931
1945
1970
1974
1980
1997
2001
2010
2010
2028
2032
2066
2112
2161
2170
2209
2222
2224
2224
2297
2329
2353
2394
2423
2442
2446
2449
2459
2471
2482
2529
2589
2589
2597
2648
2661
2677
2690
2728
2785
2801
2801
2804
2807
2814
2814
2827
2877
2883
2925
2935
2965
2992
3007
3022
3037
3037
3064
3080
3080
3097
3134
3154
3154
3178
3180
3185
3185
3195
3224
3235
3262
3293
3300
3300
3304
3304
3304
3319
3334
3350
3350
3372
3387
3421
3425
3457
3457
3472
3478
3478
3508
3508
3508
3509
3545
3558
3558
3568
3578
3607
3611
3611
3642
3645
3663
3747
3788
3788
3816
3850
3850
3858
3913
3938
3938
3966
3990
4027
4043
4076
4088
4093
4093
4153
4220
4235
4243
4288
4326
4336
4352
4375
4417
4425
4425
4425
4427
4431
4433
4465
4501
4501
4514
4523
4543
4550
4555
4572
4572
4576
4587
4587
4594
4616
4635
4650
4650
4687
4695
4695
4711
4748
4761
4771
4779
4814
4833
4846
4856
4856
4860
4871
4886
4898
4908
4917
4965
4989
5012
5036
5042
5042
5052
5062
5076
5076
5076
5082
5118
5135
5141
5155
5155
5180
5208
5208
5236
5246
5275
5334
5359
5359
5382
5431
5431
5471
5495
5513
5513
5551
5570
5602
5611
5638
5643
5660
5664
5707
5748
5755
5762
5791
5806
5832
5848
5878
5887
5887
5890
5911
5911
5942
5954
5977
6009
6009
6023
6040
6045
6065
6075
6090
6090
6100
6107
6111
6134
6150
6168
6182
6182
6196
6198
6213
6236
6259
6259
6266
6267
6302
6317
6327
6327
6332
6350
6350
6379
6396
6396
6436
6462
6464
6507
6546
6548
6548
6589
6632
6655
6655
6690
6690
6708
6737
6761
6807
6807
6828
6851
6871
6894
6894
6913
6963
7011
7021
7021
7049
7052
7094
7124
7161
7164
7233
7268
7314
7364
7379
7379
7411
7411
7452
7501
7504
7523
7540
7563
7566
7606
7622
7646
7646
7662
7678
7683
7735
7749
7751
7782
7782
7789
7811
7823
7848
7849
7849
7857
7865
7899
7904
7926
7926
7944
7978
7988
7991
7991
8009
8028
8051
8069
8079
8082
8098
8108
8122
8122
8126
8128
8136
8168
8173
8184
8209
8241
8241
8243
8309
8317
8328
8353
8396
8408
8408
8419
8422
8436
8463
8488
8507
8507
8545
8575
8575
8598
8598
8612
8652
8696
8696
8710
8717
8729
