0
0
0
0
0
0
0
0
0
0
0
7
36
51
58
92
92
110
139
143
143
143
143
143
143
160
186
186
196
197
206
235
235
235
235
262
268
268
268
268
268
273
274
282
300
310
310
310
310
310
310
310
310
310
310
334
334
334
334
335
348
348
348
348
348
353
353
358
381
386
387
387
390
407
407
420
420
420
420
441
443
443
445
462
462
467
472
472
472
472
494
495
495
495
526
536
536
536
540
540
540
540
540
540
540
540
556
558
568
596
599
621
639
656
659
659
659
659
659
659
675
675
675
681
710
725
739
744
745
776
780
780
780
780
780
785
789
794
811
814
814
814
814
827
834
834
834
834
834
850
855
855
855
855
867
867
867
867
867
867
867
867
867
867
871
878
880
893
893
896
897
903
903
904
912
933
956
972
972
975
975
975
975
975
1004
1010
1010
1010
1013
1024
1024
1024
1024
1024
1026
1026
1043
1043
1043
1043
1043
1043
1043
1048
1063
1087
1108
1126
1128
1128
1128
1128
1128
1144
1164
1164
1169
1169
1181
1204
1224
1224
1224
1236
1240
1240
1240
1240
1240
1249
1249
1262
1290
1294
1294
1294
1294
1294
1294
1294
1295
1302
1311
1311
1317
1317
1318
1324
1324
1324
1324
1324
1324
1324
1324
1324
1324
1324
1324
1324
1339
1344
1345
1345
1345
1345
1359
1364
1384
1398
1416
1425
1431
1435
1435
1435
1435
1435
1455
1468
1468
1468
1486
1501
1501
1501
1510
1510
1516
1516
1516
1516
1516
1516
1516
1516
1516
1516
1523
1535
1550
1553
1564
1564
1564
1564
1564
1580
1610
1610
1612
1612
1612
1613
1631
1633
1642
1642
1642
1642
1642
1642
1642
1646
1655
1655
1675
1676
1688
1688
1688
1688
1688
1688
1688
1688
1695
1707
1721
1727
1731
1737
1737
1737
1737
1737
1762
1762
1762
1762
1762
1762
1762
1762
1766
1774
1774
1774
1774
1774
1774
1774
1795
1809
1847
1852
1852
1852
1852
1852
1852
1852
1870
1891
1891
1901
1921
1921
1921
1921
1933
1933
1933
1933
1941
1941
1941
1941
1941
1941
1948
1948
1948
1948
1949
1951
1952
1952
1952
1952
1952
1976
2003
2003
2003
2003
2006
2006
2006
2006
2006
2014
2023
2023
2034
2034
2034
2048
2054
2054
2055
2056
2056
2056
2056
2056
2057
2057
2068
2076
2076
2078
2082
2096
2111
2116
2116
2116
2121
2133
2151
2151
2151
2165
2165
2165
2165
2165
2165
2165
2165
2165
2165
2165
2168
2196
2219
2224
2272
2293
2293
2326
2328
2328
2328
2328
2328
2343
2369
2380
2380
2380
2380
2381
2397
2397
2397
2397
2405
2405
2405
2405
2405
2405
2405
2405
2405
2405
2407
2410
2425
2425
2425
2425
2425
2425
2430
2430
2452
2455
2455
