1
69036587
68934377
68634530
68390675
68302227
68622849
68466616
68235800
68199747
68114092
68823985
68812910
68410588
68755186
68478830
68372414
68450680
68346903
68753150
68719538
68464031
68628241
68197426
68420086
68477177
68674934
68445536
68826236
68361851
68678592
68113237
68549005
68297916
68819035
68546757
68787922
68735871
68558832
68882069
68558351
68124302
68287832
68630033
68307918
68193507
68405029
68132425
68025666
68277041
68604329
68324268
68325157
68551664
68529846
68791440
68197177
68479334
68342723
68548505
68270934
68315968
68308457
68745496
68488073
68541998
68523073
68549919
68603366
68739063
68356377
68381367
68507839
68451307
68648320
68599044
68317273
68405831
68664593
68573167
68835766
68834705
68500541
68821843
68812482
68518686
68479079
68667389
68655418
68182285
68772324
68511673
68410608
68455149
68466737
68432781
68541847
68521484
68519702
68540657
68756750
68435503
68544344
68378587
68226366
68783683
68611104
68502730
68774215
68492533
68518596
68495787
68535168
68364891
68403347
67985991
68733977
68581217
68268156
68258516
69055753
68375832
68582117
68490807
68307114
68351090
68425332
68476811
68339958
68655464
68543519
68484373
68344409
68517463
68730220
68563510
68468427
68658517
68788453
68528539
68849745
68427521
68460429
68475230
68158762
68155157
68365022
68426094
68832904
68298749
68466666
68446501
68505940
68445969
68158271
68302149
68536471
68239288
68501318
68379901
68952952
68587412
68088413
68537997
68532596
68774234
68152713
68663890
68210256
68205500
68466116
68873320
68322291
68882053
68559086
68378489
68614656
68214025
68339864
68748997
68394681
68872149
68451878
68865274
68982492
68761981
68461319
68594559
68602551
68311164
68498877
68605488
68200531
68399240
68906250
68533439
68443535
68490332
68600917
68522031
68658615
68317776
68410515
68476941
68606448
68414747
68661290
68271689
68537513
68416639
68473279
68475050
68408124
68380771
68377526
68739762
68345457
68429611
68475519
68121046
68449660
68383504
68395361
68671192
68684294
68510522
68494775
68446037
68278992
68704198
68429305
68113683
68343316
68620559
68145962
68267115
68498937
68232120
68279726
68331871
68583191
68742101
68436600
68642087
68773276
68698299
68218495
68458000
68263371
68488151
68373966
68702740
68365356
68597270
68349879
68217766
68596196
68753849
68620518
68390670
68118858
68455802
68236326
68613379
68614080
68419945
68682258
68361535
68616735
68538945
68356356
68523466
68457347
68632254
68075439
68481238
68651533
68691586
68346110
68598188
68964129
68496324
68298526
68094734
68797458
68105487
68493679
68413833
68815032
68364594
68652879
68567941
68408267
68581767
68210991
68317643
68868243
68609268
68833015
68655242
68270268
68251159
68548475
68572290
68465841
68586888
67873258
68500172
68511392
68360914
68757386
68485717
68409998
68317551
68324101
68221553
68581907
68318412
68332106
68402783
68712950
68323314
68631038
68552034
68745062
68347112
68457206
68380600
68244372
68279721
68608789
68839908
68688249
68074304
68829768
68323348
68210935
68493770
68324316
68456035
68793726
69042687
68398500
68728222
68760326
68627424
68359770
68278805
68660527
68330250
68773708
68458833
68740212
68800759
68615611
68636263
68319167
68820927
68764516
68412377
68554353
68438276
68719308
68548947
68499607
68312163
68145406
68726660
69046430
68682474
68590942
68691164
68374143
68704269
68156558
68697651
68086055
68491786
68629350
68389917
68896325
67884729
68516307
68615537
68245094
68600842
68698917
68228943
68414618
68380113
68823840
68279820
68479921
68923836
68436433
68880921
68522821
68510689
68370878
68530891
68423620
68373835
68521276
68648481
68214582
68256923
68535201
68459079
68434698
68588400
68555312
68575519
68238272
68429994
68078563
68460877
68260170
68378200
68515150
68422601
68840676
68140250
68778481
68460932
68606488
68514962
68133498
68610952
68824294
68523344
68469197
68479718
68176952
68282086
68509005
68612040
68556557
68622824
68606365
68480984
68325864
68648056
68890335
68304855
68482085
68469186
68134172
68726757
68716510
68123719
68566751
68450888
68148949
68432781
68522102
68209026
68534750
68411930
68730142
68374069
68669998
68574130
68473537
68521281
68736779
68537882
68102948
68430897
68209719
68266444
68225940
68342656
68683722
68452486
68701085
68660170
68559691
68219221
68805022
68348584
68232293
68442203
68584623
68371449
68498648
67902112
68553519
68317366
68682427
68754269
68518358
68181279
68586503
68281712
67967340
68298846
68406595
68168073
68728538
68826970
68931135
