1
171451353
169898368
171772004
168933645
171956439
169487157
169974100
168922718
171126708
169008906
169084577
167763504
171631754
170863609
169845029
168969483
171416255
170108088
169914473
172050280
169624491
170785118
172320449
171808447
171180121
172867176
170507879
170447874
170942885
168184545
171619492
170189439
169141888
170467243
169713589
170766331
170115880
170129742
171446689
167767805
170811582
169367329
171744761
171792976
169457217
171673463
171682133
169641203
170094558
169752928
168025475
170045905
171333394
171326869
171784460
170228433
170140663
169041467
170721200
171687489
170347314
170454547
172602529
171865594
170771278
169112016
171161217
172384176
168990050
170075875
170992110
170777948
170198440
167585287
170209537
171175435
170888002
170182552
170504795
170283767
171021161
171793691
171746847
169440891
171910259
170598322
170418621
169216986
170270425
170783933
169871235
170704618
169349749
168403345
171503577
171079719
170208184
170309271
169528741
171580717
171618891
170008613
170155447
170698773
168792054
170369318
168096712
168830805
169312748
169082697
169825069
170605282
171235960
169063738
170213189
171005082
169619647
171991461
170001216
169213203
169525776
171035134
171566479
171187130
171044649
169789576
170713296
170057611
169646602
170405408
170741528
169635105
170094601
170338131
169467819
171112923
169267053
169475451
170243208
171372325
167994051
172377716
168888179
169442492
169571635
170034499
170828220
170197319
169664034
169779143
171012668
168573591
170156256
171204902
170424020
169820522
171859697
170317410
172501559
169531044
170514685
171306440
171797424
172069974
169814709
171460188
169371819
170196759
172642365
170366443
170187853
171006137
170976928
170407709
169586949
170414804
171337096
168769165
171123990
169596262
168687358
171422315
168978245
169135045
169506227
171402646
171571491
170881414
172373518
170025944
171365856
170486740
168939582
169876446
171273493
169626988
170291890
170780331
171891546
168798051
169350901
169582941
169298689
169695391
170069150
168197263
171166967
169453461
169331110
171922918
168875450
170687091
171768146
169429164
171102245
169853578
170578541
169878463
169665295
168797195
170825824
171477257
168885224
170981971
169443655
169678900
171765670
170947716
169225768
172202192
169329512
169760791
168553335
169908915
169473059
170726585
169937278
170471177
171857454
170854668
171012307
169400959
172753930
171414838
169406406
171828079
170928789
169871668
168591120
171372218
170874158
171221473
170544918
170489964
171405906
171735047
169719097
170963650
169223385
171450933
170756089
170398046
170695536
169248558
170174091
171043440
170534844
168015519
170984432
169153252
170780244
169336861
171181585
170051907
170396533
168653633
169540947
167850100
170425035
170802985
170127518
170742147
170335767
170725661
170070003
169379327
167036137
170653789
169524113
171568158
170798178
170025864
171377414
171054208
170137356
167329124
172026265
169172744
170791325
170861477
171519446
169127419
172391475
171827685
170631519
171728400
170282302
170975124
171224764
167493497
169882421
171521230
169064031
171974276
169186313
170594439
167770005
170330512
169835783
173129761
168548891
170027947
170850336
170954912
170405199
169788344
170202574
169612493
169967149
171338769
169707165
170612803
170829049
169273937
169118099
170436332
170637351
172022802
168289337
170573540
170146772
171441986
171460473
169134128
169885633
169293715
169073965
169818234
171677533
172115366
169463319
171010949
170253927
171285958
171171675
170460515
170279499
171966136
170234634
169741577
169627657
170434248
171213855
169866293
168880141
170199914
170664857
170914092
169780004
169627206
170349297
170067147
171982508
168979342
170328801
171276322
172258854
170595188
170993482
169139075
171438536
172057125
168004965
169623777
170304564
168187725
170448496
168405867
169309592
170566530
172141082
172587950
171323016
170813243
170559145
170536050
168310115
169242490
170068166
172046245
170186305
170063356
171579197
169607214
171598526
171568916
169616805
170831328
169424470
171236974
171379884
170949258
171124838
171544597
167784962
169909943
172698000
170694787
172753168
171029599
169121475
169562895
171999927
171365777
171549767
169417021
170741366
170321575
169269833
170742059
170988912
170219355
170451916
170768626
169699938
169517933
170197413
172669538
172554872
171008223
170412189
167912677
172203571
170246685
170148899
170486421
171459533
170389024
169974261
169334106
170210894
171600341
170499482
171077878
171218948
169407407
169987429
169245990
170095055
168667112
169568026
171812938
169787600
171339959
169354005
169923671
169435956
170426351
170500689
170827062
169909211
172317153
168297379
169784484
169793025
171510669
168978005
171688976
171032572
168978171
172041696
169432464
168540992
170711829
171771638
171113725
170028166
171079975
170454449
171771257
169882359
168579650
170941821
170830625
168805241
171276341
170153982
169854724
171302556
167020048
