1
78274912
78680447
78545516
79083710
78027440
77946114
77832967
77934620
78414820
78462896
77821297
78850514
78296223
78183700
78416412
78229168
77935451
78848018
78389113
78343644
78080950
78712232
78691884
78585641
78489014
78470736
78243117
78032186
77901824
78233208
78012168
78364013
78979059
78524477
78628139
78460409
78599835
78708730
78487725
78515970
78482193
78599321
78552531
78321425
78585717
78351875
78607990
78560212
78057196
78085804
78649823
78138783
78164357
78440693
78058498
78228081
78289974
78020962
78468102
78131199
78549311
78678341
78564845
78740669
78389737
78264582
78328659
78591871
78583641
77634922
77983135
78429872
78010022
78007400
78400666
78097591
77967199
78355326
78655658
78648952
78225976
78494872
78303144
78866942
78024582
78268284
78255900
78539315
78287611
78635988
78139143
78800371
77970727
78402962
78291270
78372204
78248455
78361614
78167890
78432539
78107586
78526347
78585964
78039748
78288834
78327669
78623103
78433119
78449564
78420987
78109540
78458818
78333495
78371754
78472066
78323574
78518072
78576908
78300031
78315703
77906489
78076687
78656035
78131303
77819759
78236401
78614457
78085082
78203555
78436558
78133425
78792844
78210043
78265383
79024614
78180976
78838633
78440699
77938584
77698182
78370730
78688957
78499089
78265273
77944800
78310866
78155400
78173365
78629469
78225053
78233387
78380529
78440447
78400668
78398784
78376876
78140364
78142248
78797800
77988062
78590317
78329711
78358737
78261494
78518810
78413626
78422030
78363657
78514198
78637496
78731213
77729565
78644557
78089893
78020352
78242128
78794160
77888454
78877392
78675757
78487632
78730433
79082759
78367848
78267218
78654690
78373894
78300930
78286701
78515135
78580438
78642809
78076740
78559591
78170688
79096779
78641062
78068428
78974249
78482993
78502167
78114617
78116750
78312180
77963817
78355648
78751439
78608866
78424178
78528803
78466596
78311386
78172164
78445857
78037410
78365183
78637989
77991852
78499039
77881927
78364500
78349707
77795133
78671546
79038842
78361414
78175395
78334735
78541567
78065796
78357203
78817760
78300030
78791078
78236770
78497498
78390302
78727677
78615174
78269405
78488002
78394803
77989029
78317638
78492241
78330872
78125988
78090604
78363738
78386101
78253570
78033442
77740340
78007681
77943255
78451678
78070116
78210619
78882640
77995527
78370549
78265546
78469906
78519116
77882107
78442189
78733389
78501376
78280480
78709044
78128333
78000573
78280015
78635287
78203049
78378306
78690087
78237696
77852377
78437251
78630262
78248112
78582072
78377425
78171281
78622630
78587540
77719663
78273580
78018145
78328493
78359734
78635151
78389821
78447281
78379377
78299034
78038445
78720870
78510900
78099618
78296420
78454553
78467698
77894974
78277655
78056754
78384942
77956434
78261407
78520092
78488574
78309813
78547990
78530049
77900452
78780848
78122739
78674253
78188969
78478159
78275841
78544933
77640943
78372263
78137572
78312745
78941558
78205757
77824697
78377913
78306727
78035933
78392183
78473984
78147537
78176600
78511521
78527623
78247854
78727384
78775681
78538693
78625910
78270040
77656633
78313904
78069449
78760227
78803856
78770589
78565403
78200546
78046713
78212234
78373984
78821740
78340820
78033415
78382722
78454388
78307095
78280069
78341861
78499519
78306163
78619391
78096317
78638812
78765520
78009504
78106874
78260947
78302786
78294763
78078251
78479007
77964292
78927277
77782099
78038546
78432703
78669193
78658849
78083523
78272980
78633346
78678951
78014454
78381704
78459699
78487219
78329505
78476465
78634811
78524689
78478336
78423651
78164773
78201734
78373349
78421923
78305860
78559011
78079414
78394261
77897984
78189932
78913368
78120528
78235537
78766489
78790060
78568886
78350553
78098461
77950742
78252987
78423891
78030303
78302297
78318992
78223381
78354158
77944481
78452996
78410211
78656940
78033142
78639805
78356882
78239152
78310133
78291384
78494233
78312847
78246244
78467345
78926204
78149571
78782144
78403183
78144719
78727952
78531950
77978451
78403765
78427647
78504468
78465209
78511791
78568829
78527405
78894620
78240743
78209050
78681090
78831747
78775792
78755627
78198705
78759251
78900150
78122769
78536389
78805478
78422539
78194629
78365538
78114459
78102531
78428079
78116455
78577737
78164387
78605866
78519740
78332373
78396166
78107341
78725949
78548070
78300935
78499948
78003374
78351475
78320120
78712210
78198735
77875640
78041770
78682100
78117530
78487204
78576570
78901538
78641818
78272555
78843439
78207364
