0
0
0
0
52
77
83
97
135
135
135
145
160
160
160
160
176
176
176
176
176
176
187
187
187
187
190
193
193
193
193
193
193
248
283
283
286
286
294
294
294
294
294
307
318
318
345
345
345
363
374
374
379
379
379
379
379
379
379
379
394
401
410
420
420
447
487
487
487
487
498
544
554
554
554
581
581
581
581
581
581
581
581
581
581
581
586
645
682
705
796
834
834
900
900
900
900
900
904
920
978
995
995
996
996
1013
1028
1028
1028
1028
1042
1042
1042
1042
1042
1042
1042
1042
1042
1042
1044
1057
1076
1076
1076
1076
1076
1076
1081
1081
1122
1130
1130
1130
1130
1130
1130
1130
1130
1130
1186
1193
1193
1213
1224
1224
1229
1248
1248
1248
1248
1272
1272
1272
1312
1318
1320
1334
1349
1368
1376
1376
1376
1376
1401
1457
1461
1461
1461
1484
1487
1487
1487
1487
1487
1487
1487
1487
1487
1487
1511
1575
1587
1599
1668
1672
1720
1771
1771
1771
1771
1771
1771
1771
1845
1854
1854
1872
1872
1929
1945
1945
1945
1956
1993
2006
2006
2006
2006
2006
2014
2018
2034
2074
2083
2083
2083
2083
2083
2083
2083
2083
2083
2083
2135
2135
2135
2135
2135
2154
2154
2154
2154
2154
2157
2157
2187
2215
2224
2228
2228
2267
2267
2267
2294
2294
2294
2294
2333
2336
2336
2363
2368
2377
2392
2392
2392
2392
2405
2434
2434
2434
2434
2513
2514
2514
2514
2525
2525
2525
2525
2525
2525
2525
2525
2555
2559
2577
2633
2649
2689
2728
2765
2765
2765
2765
2765
2765
2783
2792
2792
2792
2798
2877
2891
2925
2932
2971
2998
3006
3006
3006
3006
3006
3012
3025
3033
3072
3072
3072
3072
3072
3109
3111
3111
3111
3111
3111
3140
3140
3140
3140
3140
3160
3160
3160
3160
3160
3160
3160
3160
3160
3160
3160
3161
3194
3194
3194
3197
3211
3211
3211
3211
3222
3257
3326
3326
3337
3337
3337
3337
3337
3337
3410
3410
3410
3410
3421
3431
3431
3431
3431
3431
3433
3443
3465
3465
3465
3465
3465
3465
3465
3485
3505
3563
3604
3643
3643
3643
3643
3643
3643
3704
3713
3713
3720
3720
3754
3810
3829
3829
3829
3859
3864
3864
3864
3864
3864
3881
3883
3907
3971
3971
3971
3971
3971
3971
3971
3971
3980
3980
3998
3998
4004
4004
4021
4021
4021
4021
4021
4021
4021
4021
4021
4021
4021
4021
4021
4021
4045
4049
4049
4050
4050
4050
4077
4106
4138
4156
4214
4214
4227
4227
4227
4227
4227
4227
4282
4293
4293
4298
4327
4357
4357
4357
4372
4372
4383
4383
4383
4383
4383
4383
4383
4383
4383
4383
4398
4431
4452
4473
4477
4477
4477
4477
4477
4534
4571
4571
4573
4573
4573
4585
4608
4628
4628
4628
4628
4628
4628
4628
4628
4634
4650
4650
4691
4700
4715
4715
4715
4715
