1
107237950
107501997
106587180
107806275
106644840
106792514
107368565
107390042
107049085
107666536
107136838
107690945
107355394
106876135
107985586
107088972
106766727
106941311
106720572
107152056
107014506
107093488
107497800
106487196
107419620
107435464
106988919
107841307
106872724
107952502
107614238
107249035
106099451
106549436
107606056
107389467
108204060
107432274
107188158
106895618
106077560
107001306
106987058
107948783
107489112
107546020
107283544
106948723
106403350
107039685
107052939
107150763
107330386
107159895
107143419
107064366
107814323
107088290
107094941
106419807
107406871
107253128
107743932
107342499
107077750
108305688
107781456
106409102
107661252
107507520
107442827
106998969
107011227
108110777
108460738
106858835
107692204
107495252
106987342
106944703
107163412
107901305
107412277
107460787
106986734
106693505
107230523
106836033
108182152
107278573
107271593
106570287
106633546
106675635
107579760
106743698
107715078
106534193
107826916
108275654
106682820
106713607
106877565
106957910
107774143
107229421
107282888
106931459
106861578
107436327
106553370
106842007
107530427
107378197
106533133
106867379
107850795
107273348
107121377
107378355
107203434
107104414
106866348
107299598
107183275
108139115
107261274
107549488
107507360
106854805
107013048
107339325
106999085
106980992
107298383
106559114
107004419
107125967
107357632
107281903
107837833
107418953
107154426
107558293
107086919
107129931
107700915
106720712
106894348
108086106
106883314
107712894
107699116
107590412
106775884
107202374
106957399
107421551
108042731
107046521
107097179
107458524
106929446
108192338
106628499
107210120
107044585
107922570
107735066
106974473
107440850
106247839
107009184
107062352
107301136
107248498
107310554
106554205
107539326
106522495
106715199
106841417
108186971
107495427
106632978
107232312
107165273
107419476
107414066
107304898
107148835
107861117
107884037
106775984
106907646
106929233
108049743
107365361
107494334
106428741
106495706
107496523
107736319
106868513
107633029
107535494
107180227
105977457
106205266
107867727
107563139
107472026
106613424
106917349
106822889
107204220
106678368
107048833
107128484
106110317
106729936
107865071
107234820
107504097
107241142
106846649
107911989
106879934
106928603
106955790
106931464
107384568
106709293
107673552
106238247
107989584
106703874
107825064
107248957
107362455
107120515
108051350
106957398
107130796
107657139
107205681
106675008
107196312
107035331
107155820
107434978
106878815
107252413
107224054
107016366
107007313
108148337
107753451
107923768
107265764
107028660
107732281
107354779
107079307
106848763
107709117
107315104
107375591
107297356
107913975
107064246
107316851
107497409
106976532
107967660
107101177
107561668
107986555
107212327
107529989
107549510
106442576
107914587
106670219
107411878
107638860
107950117
107622542
107159499
106897625
107187168
107653455
107050035
106105979
107020623
107681006
106848464
107190130
107530988
107025746
107169390
107250172
107261682
107223249
106978993
106850259
107135114
107159112
106752170
107184154
106973521
107844086
106688661
107580452
107162388
107511944
107454645
107338759
107756050
107155464
107346715
106942375
107395184
107811102
107839868
106740471
106902869
106874164
107840890
106868324
107826775
107127913
106820126
106646132
107517490
106924468
106664666
107326813
107565752
107099470
107465123
107112991
108180192
107386277
106604033
106980968
107890318
107373864
107470715
107700736
107367463
107543980
107197896
107097310
106745484
108159574
107015140
107282687
107890902
107165116
108180613
107371280
106430389
106522202
107455652
108197347
106690333
107163048
106808424
106977730
107013453
107320196
107428158
107040355
106999588
106788558
107404875
107220685
107151805
106764425
107157343
106898866
107176753
106929253
107334303
107511517
107904013
107248108
107144673
106842078
107955493
106809580
107296632
107379880
107799953
107193395
107615830
107076944
107443251
107303249
107469342
106899891
108040308
107315754
106973734
107769338
107470572
106965525
106560501
107222933
107599671
107392934
106569926
107496898
108288384
107637270
107039960
106816505
106778733
107320893
107396669
107209291
107521568
107247349
107441798
106548654
107364641
106616314
107267172
106956289
107566945
106816873
107580722
107090292
107722709
108073729
107046252
107251043
107227179
106624635
107694722
107262601
107447448
107106277
106888641
107211652
106840277
107322824
108236996
107321681
107307511
106554386
107150535
106066399
107368832
107660034
107913734
107494132
107974896
107281410
108490520
107303484
107367675
107018264
107345970
107221361
106947257
107851285
106316091
107052822
107751942
107454108
107730398
106840059
107001455
107764907
107125171
106581999
107031751
107532613
106657214
106646008
107293946
106585321
107297017
107172598
107050073
107820372
106458470
106205928
107311290
107161663
107019182
106589030
106920170
106759872
106689378
107883499
107151657
106464532
