1
170931117
171861643
172467032
172682088
171677090
171452252
170794573
172213098
173324122
172101568
170791536
170385265
173121206
172921686
170303927
169424204
172802422
169958346
172398877
172370439
172445726
170391967
168900920
172850105
171988225
171303454
171990740
172391416
170995013
172321189
170722733
172906531
173171455
171602400
171499272
171035306
170665169
171728262
172101269
170614838
172354212
171666427
171094732
171014732
169926621
170729554
172737247
171148699
169219481
171454397
172262845
172255745
170070180
172816504
170674632
170717945
170807016
171221745
172146816
171725461
171787577
173517978
170577612
171983200
172435795
170627950
169696882
172170956
171218868
170966128
172938413
172493644
171999528
171414681
173147422
171935394
170924699
172485362
172845700
172005266
169291308
172345042
170836035
171054846
175615176
171723583
170685458
172142079
171749627
171569746
172356506
173255175
171674184
170927949
171042742
169347436
171678072
172522271
171790825
173796659
172721469
172493939
171049634
171303807
172153851
170590465
174580789
173012691
171291428
171403376
169506131
170658003
171981762
173079428
172724672
172460525
171264408
170920581
170694286
172051189
172311397
171428870
169588089
170348440
170670769
172778151
173356949
171529309
173392995
169809192
171906155
172563825
172313088
170310806
173132074
172968740
172910488
172800348
170956698
170807805
172164384
172550358
171754577
172936857
172872711
170784866
171603332
173724008
170691491
171583351
170874702
170924395
172850289
172103565
173530502
173119258
172654354
172818075
169073379
170438217
173776311
170216391
171510264
170792117
171961204
169746915
170428692
170011403
169942733
171223956
172577696
174573239
171938961
170188231
173953621
169669859
171701167
172735430
172520175
171180202
171383642
172923472
172395804
171516837
171730584
170723979
171445034
172483690
173401036
172461678
170462920
171685254
171298712
171144262
170846658
171522162
172252350
171645577
169490824
172496618
170232675
168444576
170767831
173429396
172227394
169014862
172185381
174933359
170281115
171081077
170994305
169923637
170208229
173229126
171850700
171133420
171751396
171286843
172151788
171297989
170441246
172152887
172889812
170747397
171291091
172935179
170015632
169983312
171631334
171044965
172879994
171996319
170624603
172724769
172305894
171990346
172346746
172144742
172377848
171826034
171677065
170797063
173061764
171738090
172443140
170850269
172613156
171876785
172857543
170950998
172591665
173395662
170959431
172790712
172298750
172160521
171662279
171399190
171735387
172737855
172737577
172587415
172062467
170902223
172176243
169973590
172568938
171944657
171920806
171151407
172464226
171682776
171112623
174843083
170235725
169744795
173586883
171366813
172811000
171835507
170271576
171793541
172091054
172882337
173348433
173138445
172765958
170925276
171720769
171026677
171090797
171977862
170316498
172007411
170815741
168927220
172131722
172187531
170943074
171230110
172832971
171559699
170624415
169116420
172427119
171983548
172384806
172342191
172055117
171507011
172776277
170781534
171565667
172575687
170159060
171877876
171251590
171467898
171652114
169363477
171131341
172991598
171331323
173351636
171127330
171112216
171011673
170324122
170755743
170822904
173203839
172651311
171654571
171267610
172054781
171742846
170367652
170815485
171917872
170500391
171966195
174134855
171083651
170748318
171114814
172357913
171714605
172863967
171824443
171040422
172664773
171887696
171740984
169541219
172336108
172281915
171589168
171132478
171686940
170572847
172258379
172401507
172160940
170753864
171655092
172847362
172425503
169758957
172960579
173504698
172938079
171487791
171959075
170408018
174176484
172100527
172175870
171390197
171189179
169926050
171974919
171888370
171733008
171338851
171815982
172808236
170935779
171617962
171337535
172041584
171679153
172768175
171321921
171789274
172067952
170817290
171992175
171965451
170642247
170440512
171439873
171759916
171311689
171451081
171113277
171228900
172111821
172696052
170782947
168930817
170928794
170530956
173715409
171812593
172425626
170936572
172467739
172580780
170652173
171184577
171355001
170206421
171358270
171059507
171822714
169572742
170452383
171477689
171024718
172520953
170471149
172112172
172685782
169827628
171606278
173069321
171574095
173334071
170681804
172052051
172306597
172333273
169301406
170485324
169700791
170268547
170865538
171986816
172683470
171855165
170064346
172305332
171262020
170964341
171573858
170226015
170806300
172639893
171093544
171909021
169189943
171579107
171388033
171198391
171202632
170226218
171354768
173052514
170257613
169694269
170648685
170990565
171486838
172126779
172263028
169428748
171818606
169824041
172363810
171477022
170994037
172469321
171907818
172409021
172344927
171603016
172345996
172262032
170060712
171240098
171717809
170669909
172109642
172779828
172950840
171842222
170633638
172117832
169261799
172080847
