0
0
0
0
0
0
0
0
0
0
0
0
18
30
37
69
72
88
121
123
123
123
123
123
123
123
146
146
157
157
163
191
191
191
191
212
220
220
220
220
220
220
220
220
234
242
242
242
242
242
242
242
242
242
242
251
251
251
251
251
259
259
259
259
259
259
259
262
283
287
289
289
291
310
310
322
322
322
322
344
345
345
345
360
361
366
369
369
369
369
369
375
375
375
398
407
407
407
415
415
415
415
415
415
415
415
415
415
420
448
452
476
493
513
514
514
514
514
514
514
524
524
524
527
559
574
586
590
596
625
629
629
629
629
629
629
629
629
640
643
643
643
643
643
647
647
647
647
647
647
653
653
653
653
654
654
654
654
654
654
654
654
654
654
654
654
654
654
654
654
657
661
661
661
661
675
699
711
712
716
716
716
716
716
726
735
735
735
735
735
735
735
735
735
735
735
751
751
751
751
751
751
751
754
766
791
815
831
835
835
835
835
835
835
850
850
853
857
867
890
910
910
910
925
927
927
927
927
927
927
927
929
955
960
960
960
960
960
960
960
960
960
960
960
960
960
960
966
966
966
966
966
966
966
966
966
966
966
966
966
966
966
966
966
966
966
975
982
1002
1013
1032
1042
1048
1050
1050
1050
1050
1050
1050
1065
1065
1065
1073
1087
1088
1088
1095
1095
1102
1102
1102
1102
1102
1102
1102
1102
1102
1102
1102
1105
1117
1123
1132
1132
1132
1132
1132
1134
1167
1167
1167
1167
1167
1167
1182
1184
1191
1191
1191
1191
1191
1191
1191
1191
1191
1191
1204
1206
1217
1217
1217
1217
1217
1217
1217
1217
1217
1219
1236
1241
1244
1251
1251
1251
1251
1251
1261
1261
1261
1261
1261
1261
1261
1261
1261
1261
1261
1261
1261
1261
1261
1261
1271
1286
1323
1328
1328
1328
1328
1328
1328
1328
1328
1346
1346
1356
1374
1374
1374
1374
1388
1388
1388
1388
1388
1388
1388
1388
1388
1388
1388
1388
1388
1388
1388
1388
1388
1388
1388
1388
1388
1391
1416
1416
1419
1419
1422
1422
1422
1422
1422
1422
1422
1422
1429
1429
1429
1433
1437
1437
1437
1438
1438
1438
1438
1438
1438
1438
1438
1438
1438
1440
1443
1455
1472
1476
1476
1476
1476
1481
1495
1495
1495
1495
1495
1495
1495
1495
1495
1495
1495
1495
1495
1495
1495
1506
1525
1534
1580
1599
1599
1632
1632
1632
1632
1632
1632
1632
1653
1663
1663
1663
1665
1665
1678
1678
1678
1678
1678
1678
1678
1678
1678
1678
1678
1678
1678
1678
1678
1678
1692
1692
1692
1692
1692
1692
1692
1692
1700
1704
1704
