1
60690190
60554486
60551221
60515676
60520882
60419378
60370358
60316813
60252401
60227306
60374764
60270576
60468561
60509189
60360924
60391915
60507676
60510268
60125852
60459566
60282962
60213543
60342669
60227050
60301596
60230450
60064056
60116041
60363123
60361893
60364314
60251822
60443795
60159041
60449539
60402295
60090774
60516425
60304136
60491378
60529793
60392699
60332762
60555481
60493413
60304794
60467789
60355044
60458299
60388784
60275699
60403090
60640383
60344073
60399404
60115900
60774178
60436434
60411051
60352287
60189008
60592017
60602201
59739433
60414123
60279264
60515977
60105944
60356014
60161885
60295035
60474630
60258000
60232005
60169953
60172435
60384180
60208209
60361325
60460457
60518021
60509924
60134179
60061255
60206368
60502610
60445426
60529976
60476015
60386575
60449055
60355913
60387159
60122524
60307808
60442527
60459906
60391663
60183446
60644404
60425584
60401550
60231809
60479288
60246699
60454643
60349011
60687532
60397941
60336248
60474840
60427061
60440090
60366106
60497208
60279889
60760540
60452242
60569455
60375845
60205494
60488468
60178976
60388165
60482944
60316968
60659170
60262280
60512984
60515957
60287322
60545250
60381540
60406925
60363347
60233233
60380358
60323457
60131133
60469450
60318372
60433649
60378575
60426709
60533037
60461816
60014117
60368934
60298536
60310757
60371189
60274295
60512709
60336703
60444805
60427098
60475348
60376159
60579436
60244375
60443525
60586942
60384251
60356191
60388453
60525471
60340879
60241017
60685806
60536008
60647112
60312838
60358383
60635508
60243624
60409052
60320045
60499958
60259985
60707448
60286365
60413819
60214107
60224297
60361001
60349321
60267558
60299932
60466644
60491254
60400374
60621898
60441103
60516915
60263344
60401642
60415728
60532598
59922654
60360996
60653175
60229325
60375707
60390933
60380808
60486070
60361884
60160232
60318186
60427898
60424597
60366825
60252916
60467423
60148165
60087710
60381599
60240932
60374981
60209897
60198445
60540087
60200408
60502895
60147001
60420367
60641531
60447576
60191863
60479347
60651909
60671140
60616070
60254508
60477959
60241425
60313736
60448921
60620001
60456875
60706907
60468933
60254622
60150023
60546548
60226147
60074982
60413799
60255139
60483033
60515610
60162440
60215877
60396615
60504137
60044802
60568735
60222414
60460900
60480652
60490307
60203112
60402809
60408850
60439328
60394514
60100688
60394726
60272432
60246418
60449094
60278187
60416911
60164893
60226006
60385959
60536820
60401749
60377799
60317661
60300923
60325957
60271838
60220434
60080094
60189299
60278736
60303586
60494811
60552395
60687680
60213838
60001141
60384081
60534053
59938882
60208477
60377400
60313064
60481357
60397619
60363841
60407697
60693393
60346599
60258322
60380735
60347191
60211712
60357778
60612265
60402472
60436562
60194505
60282872
60168800
60280022
60445435
60375779
60690499
60470928
60435504
60371903
60506259
60278080
60338488
60465651
60350178
60396153
60601265
60458354
60285559
60467965
60640442
60380486
60339545
60542217
60198475
60726888
60602511
60353215
60315907
60397316
60270266
60374280
60303409
60192883
60341394
60765705
60496244
60260861
60082842
60549686
60437017
60751839
60442717
60489900
60546246
60349704
60154911
60279895
60467450
60355706
60158158
60401062
60308857
60362776
60395005
60416275
60489720
60435110
60529731
60519539
60107522
60235268
60278053
60525535
60187198
60426177
60438213
60366674
60430577
60400616
60393022
60413121
60426010
60191685
60203289
60278572
60751316
60188665
60263854
60240322
60644107
60222481
60598636
60410918
60297436
60376361
60333290
60250553
60332969
60203579
60368614
60542737
60405517
60198281
60206758
60668944
60548781
60508323
60428545
60451351
60347243
59930228
60374362
60351257
60202959
60196657
60345933
60501828
60513033
60359353
60257607
60239026
60415979
60288368
60429579
60425527
60360967
60242413
60257586
60480377
60253406
60182196
60289153
60013118
59936381
60218390
60453078
60340814
60320176
60252940
60465391
60256583
60444140
60682711
60493985
60401778
60414470
60531714
60533028
60488554
60424503
60414228
60327617
60172912
60425130
60374172
60234814
60368724
60082961
60266445
60465778
60364441
60441936
60376826
60343870
60085393
60282610
60448065
59860612
60432734
60410145
60176111
60274648
60191973
60402165
60289861
60382409
60241872
60377560
60367424
60506753
60353525
60114059
60260256
60328237
60216659
60651319
60600183
60442632
60671813
60355191
60594975
60854024
60527488
60562547
60663478
60652928
