0
27
41
55
68
76
94
129
150
159
178
215
243
255
270
290
312
336
347
378
386
396
404
413
442
450
472
492
522
554
571
594
616
620
677
708
723
751
780
786
813
829
861
891
899
924
953
973
1000
1027
1042
1056
1090
1138
1159
1186
1210
1257
1275
1302
1329
1348
1373
1385
1403
1425
1438
1464
1488
1518
1529
1542
1555
1579
1596
1607
1640
1656
1669
1699
1715
1728
1753
1770
1792
1812
1832
1858
1865
1882
1905
1940
1958
1978
2001
2026
2046
2068
2090
2104
2124
2158
2176
2195
2209
2235
2266
2287
2304
2333
2349
2365
2379
2406
2421
2428
2451
2453
2490
2505
2535
2546
2564
2599
2612
2637
2660
2662
2703
2735
2761
2782
2817
2822
2863
2881
2903
2923
2942
2970
3004
3018
3040
3059
3077
3094
3124
3159
3172
3189
3213
3241
3265
3287
3317
3332
3343
3359
3386
3400
3423
3447
3475
3513
3531
3555
3566
3592
3622
3643
3675
3688
3702
3724
3741
3767
3791
3805
3834
3844
3877
3897
3909
3936
3966
3989
4008
4021
4040
4067
4079
4091
4115
4129
4139
4148
4180
4198
4223
4251
4263
4291
4309
4336
4349
4363
4392
4431
4440
4444
4473
4479
4513
4531
4574
4583
4604
4622
4647
4670
4676
4696
4729
4764
4793
4802
4830
4833
4865
4888
4930
4952
4975
5015
5053
5078
5107
5121
5146
5172
5185
5224
5255
5269
5283
5309
5333
5346
5380
5403
5417
5425
5466
5479
5504
5548
5558
5583
5600
5616
5635
5660
5699
5714
5738
5751
5776
5806
5820
5843
5865
5884
5912
5930
5955
5967
5972
5995
6029
6056
6068
6078
6104
6134
6151
6168
6183
6197
6205
6239
6267
6289
6324
6357
6369
6382
6407
6441
6467
6475
6516
6542
6552
6570
6585
6600
6619
6637
6673
6677
6706
6732
6750
6771
6793
6817
6837
6879
6892
6895
6926
6936
6968
6993
7020
7045
7068
7096
7117
7147
7163
7187
7208
7229
7251
7288
7309
7319
7330
7365
7379
7393
7435
7462
7478
7483
7515
7531
7556
7598
7622
7655
7667
7686
7698
7718
7746
7747
7769
7788
7817
7839
7864
7878
7913
7924
7950
7971
7992
8004
8009
8017
8044
8075
8079
8094
8109
8147
8157
8172
8188
8207
8208
8249
8276
8286
8321
8349
8359
8374
8391
8428
8457
8474
8501
8532
8547
8568
8593
8611
8640
8667
8709
8721
8735
8753
8772
8784
8803
8819
8857
8887
8900
8909
8923
8926
8950
8976
9010
9040
9079
9103
9142
9164
9183
9215
9243
9251
9285
9329
9339
9366
9380
9418
9427
9442
9476
9494
9512
9522
9574
9597
9626
9652
9675
9701
9720
9742
9744
9754
9789
9802
9815
9833
9852
9887
9900
9914
9936
9949
9970
9972
9999
10008
10009
10041
10054
10081
10101
10111
10134
10159
10181
10189
10218
10236
10251
10291
10320
10331
10379
10403
10415
10437
10467
10502
10532
10546
10581
10605
10612
10632
10644
10659
10682
10719
10755
10767
10782
10800
10829
