0
0
17
17
17
17
17
28
36
42
58
58
58
62
62
83
90
100
100
100
106
140
140
141
141
148
148
148
175
175
201
235
235
264
285
306
306
311
368
397
397
397
423
423
462
467
513
513
513
534
562
574
574
584
632
676
688
688
702
702
735
751
779
791
830
855
912
944
962
962
987
987
994
1066
1071
1076
1078
1107
1111
1119
1168
1184
1187
1187
1208
1208
1225
1268
1268
1290
1292
1292
1302
1303
1331
1331
1331
1331
1331
1355
1355
1359
1364
1366
1396
1407
1410
1410
1410
1419
1435
1465
1465
1465
1471
1475
1475
1480
1480
1480
1480
1503
1508
1508
1524
1545
1545
1545
1582
1604
1608
1608
1670
1680
1680
1683
1683
1683
1711
1711
1741
1741
1756
1779
1789
1796
1796
1802
1833
1883
1883
1883
1895
1895
1927
1946
1984
2001
2009
2016
2046
2065
2065
2065
2072
2072
2089
2125
2125
2125
2125
2166
2170
2178
2205
2218
2219
2219
2240
2242
2271
2303
2303
2341
2346
2346
2346
2346
2357
2357
2357
2365
2389
2417
2429
2441
2456
2457
2484
2484
2484
2484
2484
2484
2498
2531
2531
2531
2531
2559
2559
2559
2559
2559
2559
2614
2633
2633
2656
2674
2675
2679
2716
2734
2784
2798
2817
2843
2847
2847
2855
2860
2897
2907
2974
2979
2988
2996
3005
3008
3008
3014
3071
3095
3095
3095
3096
3096
3102
3118
3173
3191
3218
3233
3265
3270
3270
3275
3287
3287
3329
3376
3376
3389
3405
3442
3442
3462
3479
3491
3498
3498
3542
3545
3549
3580
3582
3627
3627
3627
3627
3627
3652
3652
3652
3652
3652
3687
3687
3704
3713
3713
3720
3720
3746
3746
3746
3746
3746
3769
3769
3769
3770
3772
3776
3776
3784
3784
3803
3853
3894
3895
3925
3929
3929
3929
3986
3992
4037
4061
4094
4112
4112
4112
4113
4115
4128
4162
4224
4224
4224
4245
4272
4280
4285
4323
4371
4389
4389
4389
4389
4389
4389
4394
4442
4444
4481
4490
4512
4531
4531
4550
4555
4556
4577
4584
4584
4593
4618
4639
4639
4654
4654
4654
4654
4654
4676
4679
4684
4706
4718
4718
4718
4718
4718
4723
4738
4750
4750
4765
4780
4808
4808
4819
4830
4836
4837
4837
4858
4858
4858
4858
4867
4897
4897
4897
4897
4913
4914
4914
4939
4939
4946
5026
5072
5072
5090
5116
5116
5116
5161
5162
5184
5192
5218
5261
5262
5282
5303
5303
5303
5340
5422
5425
5425
5454
5494
5495
5509
5524
5556
5564
5564
5564
5564
5564
5564
5585
5620
5620
5622
5622
5642
5642
5642
5651
5651
5651
5653
5653
5653
5669
5679
5696
5696
5709
5727
5727
5735
5755
5777
5779
5779
5807
5824
5830
5834
5834
5834
5834
5836
5851
5851
5851
5897
5921
5936
5940
5963
5963
5963
5971
5980
5980
5980
5980
5983
6025
6025
6030
6030
6046
6054
6067
6082
6086
6090
6154
6182
6182
6192
