1
87520890
87787317
87884187
88387042
87622458
87561203
87686355
87060616
87842079
87994827
87148848
88550182
88124561
87673312
87929679
87738938
87366005
88573313
87745551
87873633
87666112
88082375
88359000
88448503
87872609
88184575
87958448
87915982
87453294
87369481
88076879
87640371
88345449
88051048
88093161
87705681
87719525
88082620
88113938
87679311
87793922
87634691
87962682
87564007
88407570
87828728
88097601
87774839
87343011
87815758
87948358
87723378
87540967
87910355
87828934
87438162
87786261
87654228
88140863
87772608
87783136
88329241
88380437
88255112
88271997
87982838
88176920
87831527
88024510
86955996
87663318
88312985
87628691
87584575
87543108
87517747
87478659
87963521
88107055
88151384
87567773
87881633
88069624
88257008
87622046
87990123
88016451
88208579
87842734
88379483
87812931
88504111
87609547
87784175
87691478
87800067
87905203
87828138
87728664
87886135
87826048
88251357
88112773
87686916
87920099
88289812
88121636
88043033
87902687
87648444
87504468
87880662
87805367
87792477
88028836
88132014
87769801
88066076
87551841
87750158
87223939
87698305
87965722
87705778
87608993
88249679
88362650
87623356
87651163
87838779
87679389
88415941
87720758
87784713
88582910
87875293
88421490
87948954
87581655
87516722
88021810
88216537
88026407
87426688
87327561
87425091
87746662
87761083
88013154
87717527
87550706
87733351
88141902
87712799
88061684
87573689
87817239
87624306
88075938
87473112
88252531
88046349
87885658
87655467
87975774
88273127
87772536
87647975
87932469
88156147
88455848
87642226
88012225
87308794
87489942
87536025
88472527
87738033
88252123
88210620
88001075
87884282
88347066
87874782
87835244
87819567
87623024
87861246
88040911
87879786
88234854
88207526
87356505
87897918
87769478
88587439
87842972
87594556
88686931
88146879
88381820
87700568
87501105
87568165
87440171
87712213
88599175
87952136
88288771
88106180
88029912
87952270
87641820
87905790
87837824
88148754
88423700
87576080
88177906
87638052
88051917
87397241
87734046
87922860
88488319
87615697
87791768
88058335
87950587
87912420
87831743
88169347
87664212
88320691
87852394
87784663
87925330
88290771
87959519
87295246
88147208
87829530
87424491
87904896
87670541
87850836
87670423
87959264
87933818
88100015
87383316
87790729
86993753
87699383
87697611
87912933
87444072
87657870
88261786
87657427
87867197
87641968
87912910
88029392
87343354
87896478
88301709
88054582
88017927
88300935
87741633
88069527
87967069
87987944
87785966
88160079
88341287
87807200
87549871
87929644
88420661
87696890
88020711
87810325
87571980
88136527
88257855
87201990
87612905
87367344
87819131
87917549
87900594
87759814
88069515
87933890
87767331
87754974
88268949
87907467
87644308
87915130
87869689
87729087
87565370
87946440
87186352
87930084
87202223
87554654
88080623
88082976
87977535
88090456
87801245
87307052
88094411
87437344
88009419
88108135
87830191
87908223
88229028
87450616
87961112
87643742
87641259
88672468
87643644
87429029
88068582
87873276
87428024
87583170
87908921
87843815
87694656
87860810
87936431
87527763
88020801
87935915
87981570
88176735
87536491
87056087
87806711
87633715
88338303
88164615
88142926
88216056
87921372
87195150
87616472
88128661
88800057
87835690
87661769
88254340
87947038
87867106
87707636
87904869
88250214
87769195
88156412
87305599
88214497
88345557
87548375
87658086
87858764
87920173
87557037
87764366
87933274
87603451
88127528
87147986
87499617
87843313
88144624
88112308
87785486
87758504
88337421
88270832
87546934
87784525
87840070
87699142
87780880
87949174
88413441
87920106
88219392
88173857
87751178
87796970
88115718
88254636
87661771
87781692
87519516
87826306
87576411
87512414
87949206
87601142
87535463
88232827
87959898
88242590
87832655
87776928
87616722
87886249
87777074
87730585
87905991
87821829
88118979
87864242
87395027
87868114
87884871
87923135
87536709
88010063
87940530
87684766
87913258
88006950
87914291
87630351
87880564
88028202
88329150
87855937
87960872
87535788
87948462
88323381
88229417
87450777
87658045
87822640
88061874
87941545
88050627
87776493
87822028
88369378
87646910
87495521
87961847
88322403
88078420
88360995
87378839
88201773
88476842
87609454
87909360
88247571
88049190
87622142
88199852
87522690
87668290
87797134
87428645
88156553
87731459
87855077
88013044
87940095
88068461
87140326
88197476
87789718
87962246
88280020
87693050
88050049
87790938
88431347
88028799
87696485
87648935
88266562
87811968
87949850
87653113
88425479
87864010
87666755
88005010
87585648
