0
592
1294
1910
2585
3200
3845
4483
5106
5786
6366
6995
7633
8267
8901
9500
10126
10789
11456
12022
12664
13306
13937
14555
15198
15800
16387
16986
17653
18318
18986
19580
20238
20820
21484
22107
22763
23341
23928
24568
25116
25756
26400
26989
27643
28243
28847
29440
30113
30734
31328
31966
32546
33179
33817
34463
35067
35717
36329
36918
37582
38207
38805
39494
40119
40755
41434
42118
42691
43253
43819
44422
45070
45709
46317
46931
47566
48169
48785
49424
50021
50651
51265
51935
52578
53207
53881
54470
55001
55627
56225
56855
57456
58109
58736
59362
59936
60549
61109
61727
62320
62987
63576
64182
64761
65408
66026
66664
67299
67914
68531
69146
69780
70407
71055
71626
72278
72936
73548
74194
74766
75375
76018
76694
77321
77976
78579
79210
79838
80409
81077
81630
82222
82883
83465
84040
84680
85312
85989
86628
87232
87796
88403
89042
89682
90309
90919
91587
92196
92817
93445
94078
94692
95304
95916
96581
97186
97798
98383
98999
99687
100359
100946
101591
102189
102857
103418
104000
104631
105245
105895
106536
107189
107801
108394
109031
109659
110297
110902
111508
112180
112782
113405
114040
114591
115227
115807
116453
117088
117715
118365
118922
119502
120119
120737
121388
121979
122547
123166
123798
124433
125028
125665
126282
126889
127519
128148
128738
129344
129984
130615
131217
131833
132468
133080
133653
134244
134892
135503
136166
136772
137386
137980
138549
139235
139871
140520
141154
141746
142382
143030
143655
144345
144962
145585
146225
146856
147474
148070
148655
149311
149908
150573
151227
151862
152488
153193
153857
154494
155074
155664
156292
156891
157504
158210
158895
159507
160154
160794
161493
162088
162740
163332
163962
164541
165071
165686
166337
166980
167591
168214
168852
169472
170091
170746
171365
171977
172665
173259
173856
174456
175056
175647
176248
176883
177492
178101
178710
179370
180025
180628
181279
181886
182559
183153
183766
184389
184978
185606
186208
186847
187492
188048
188733
189329
189937
190565
191177
191783
192335
192956
193599
194176
194804
195377
195978
196585
197177
197904
198439
199074
199732
200333
200948
201528
202137
202809
203438
204053
204700
205317
205927
206501
207161
207828
208456
209045
209679
210314
210927
211537
212186
212789
213378
213982
214563
215142
215737
216408
217020
217594
218178
218843
219486
220073
220702
221282
221944
222550
223112
223742
224319
224932
225564
226201
226851
227452
228102
228687
229358
229958
230621
231272
231876
232485
233106
233714
234348
235002
235571
236202
236787
237477
238148
238784
239440
240104
240774
241449
242065
242708
243350
243924
244576
245187
245842
246453
247098
247704
248316
248927
249531
250179
250781
251340
251959
252546
253131
253755
254412
255030
255673
256321
256908
257544
258179
258764
259416
260104
260722
261395
262054
262658
263265
263855
264529
265125
265719
266357
266975
267583
268172
268775
269469
270069
270698
271362
271937
272536
273200
273792
274396
275062
275736
276321
276937
277642
278279
278898
279585
280191
280824
281431
281996
282634
283285
283903
284551
285212
285866
286461
287095
287782
288417
289067
289667
290232
290813
291461
292080
292684
293340
293965
294630
295240
295837
296466
297144
297702
298332
298913
299553
300244
300823
301460
302081
302707
303351
304005
304626
305303
305935
306530
307159
307794
308434
309034
309690
310328
310957
311641
