0
85
136
189
235
264
324
403
462
502
549
630
705
753
796
863
915
958
992
1053
1099
1120
1155
1186
1258
1292
1345
1388
1465
1522
1568
1632
1705
1730
1841
1917
1970
2048
2119
2156
2237
2287
2369
2434
2464
2536
2612
2659
2732
2806
2846
2884
2975
3083
3145
3207
3263
3375
3417
3486
3559
3614
3678
3723
3768
3804
3855
3920
3991
4068
4112
4161
4206
4280
4321
4360
4440
4480
4529
4611
4654
4692
4753
4795
4875
4914
4976
5048
5081
5139
5206
5297
5338
5388
5458
5533
5590
5646
5708
5750
5805
5879
5920
5964
6006
6078
6150
6201
6242
6328
6364
6410
6452
6509
6548
6575
6643
6676
6755
6785
6867
6898
6955
7034
7082
7151
7213
7237
7329
7387
7439
7506
7589
7606
7693
7749
7818
7869
7917
7982
8065
8109
8175
8226
8282
8323
8403
8484
8529
8576
8631
8701
8764
8828
8907
8953
8980
9021
9094
9130
9186
9256
9319
9401
9445
9502
9538
9633
9706
9748
9848
9882
9930
10001
10067
10122
10183
10233
10290
10330
10400
10454
10495
10565
10637
10714
10765
10812
10864
10942
10981
11020
11080
11126
11184
11221
11302
11341
11418
11486
11528
11596
11657
11738
11777
11833
11909
11989
12032
12054
12133
12153
12240
12286
12387
12409
12470
12530
12599
12664
12712
12756
12831
12913
12974
13010
13096
13121
13214
13274
13359
13409
13471
13551
13638
13699
13765
13817
13866
13932
13980
14080
14136
14180
14240
14310
14361
14410
14490
14560
14613
14652
14750
14788
14847
14942
14995
15069
15122
15187
15245
15309
15393
15431
15486
15523
15596
15677
15719
15772
15835
15879
15952
16001
16070
16101
16123
16186
16279
16359
16408
16450
16515
16586
16630
16675
16718
16760
16787
16870
16935
16995
17060
17132
17161
17204
17278
17355
17438
17486
17574
17645
17674
17718
17775
17816
17883
17935
18025
18055
18134
18197
18269
18332
18395
18452
18529
18636
18672
18697
18770
18785
18868
18930
18999
19078
19135
19210
19271
19349
19402
19463
19528
19585
19659
19738
19786
19823
19855
19937
19978
20027
20110
20185
20235
20253
20353
20408
20484
20576
20651
20735
20781
20830
20881
20930
21003
21019
21069
21130
21204
21272
21340
21386
21473
21508
21566
21608
21660
21702
21721
21770
21845
21910
21938
21968
22017
22105
22152
22202
22247
22292
22322
22419
22489
22519
22614
22678
22720
22768
22819
22911
22983
23035
23097
23172
23219
23288
23367
23414
23486
23556
23650
23696
23732
23782
23842
23891
23938
24004
24095
24172
24213
24238
24291
24313
24371
24428
24516
24584
24667
24729
24816
24876
24915
25003
25065
25097
25183
25287
25316
25379
25415
25504
25529
25594
25672
25729
25776
25803
25907
25990
26067
26138
26209
26284
26342
26403
26420
26462
26540
26569
26615
26671
26720
26795
26835
26879
26936
26986
27040
27054
27135
27177
27200
27271
27311
27372
27437
27487
27551
27629
27693
27724
27797
27845
27882
27980
28059
28097
28199
28244
28290
28352
28425
28508
28579
28628
28708
28763
28804
28877
28938
28979
29027
29111
29203
29235
29278
29335
29410
