0
0
0
0
5
19
26
49
49
68
82
82
82
82
82
118
162
162
162
162
165
181
193
241
245
255
284
284
302
302
302
303
303
323
343
343
343
361
376
376
403
403
407
407
407
422
422
472
472
472
500
500
500
500
504
505
505
505
525
525
541
544
562
563
577
579
579
579
579
579
579
600
616
616
616
616
633
633
633
633
633
634
683
696
696
712
732
732
732
781
808
832
859
864
876
876
876
878
899
912
948
981
981
981
987
987
987
987
991
1036
1063
1063
1063
1063
1063
1074
1075
1140
1140
1168
1168
1192
1192
1192
1192
1195
1195
1228
1263
1263
1263
1302
1307
1307
1338
1338
1347
1347
1347
1378
1378
1389
1403
1403
1439
1439
1439
1439
1445
1452
1452
1452
1452
1452
1483
1483
1497
1500
1500
1500
1500
1514
1514
1514
1514
1514
1531
1531
1531
1531
1531
1531
1531
1531
1531
1558
1594
1631
1631
1653
1653
1653
1653
1706
1738
1750
1777
1798
1812
1812
1812
1812
1821
1821
1868
1907
1907
1907
1944
1945
1952
1952
1982
2036
2050
2050
2050
2050
2050
2050
2066
2091
2091
2125
2125
2155
2163
2163
2168
2168
2168
2178
2184
2184
2184
2208
2222
2222
2230
2230
2230
2230
2230
2241
2241
2247
2270
2271
2271
2271
2271
2271
2271
2293
2293
2293
2297
2311
2337
2337
2352
2352
2352
2352
2352
2361
2361
2361
2361
2383
2391
2391
2391
2391
2399
2399
2399
2411
2411
2424
2494
2530
2530
2537
2552
2552
2552
2591
2609
2609
2633
2655
2678
2678
2716
2716
2716
2716
2772
2828
2828
2828
2888
2888
2904
2904
2915
2950
2952
2952
2952
2952
2952
2964
2989
2995
2995
2995
2995
3004
3004
3004
3005
3005
3005
3005
3005
3005
3012
3017
3029
3029
3041
3048
3048
3048
3062
3075
3075
3075
3099
3115
3118
3118
3118
3118
3118
3130
3130
3130
3130
3164
3191
3195
3222
3222
3222
3222
3222
3222
3222
3222
3222
3250
3258
3258
3258
3258
3261
3280
3280
3285
3286
3309
3353
3365
3365
3367
3399
3399
3420
3429
3446
3446
3465
3468
3494
3494
3522
3522
3527
3527
3556
3588
3597
3597
3621
3621
3639
3643
3670
3671
3671
3671
3676
3676
3700
3700
3728
3736
3736
3736
3736
3736
3736
3736
3741
3741
3741
3741
3741
3751
3751
3757
3761
3761
3761
3761
3771
3775
3775
3775
3775
3775
3789
3805
3805
3805
3805
3805
3805
3820
3820
3820
3840
3868
3868
3893
3927
3927
3927
3960
4008
4008
4008
4018
4018
4038
4049
4049
4083
4083
4085
4113
4121
4124
4124
4140
4176
4211
4211
4211
4217
4217
4243
4264
4286
4286
4329
4382
4399
4437
4443
4443
4458
4458
4484
4533
4533
4533
4543
4552
4563
4596
4612
4626
4626
4626
4634
4634
4681
4685
4708
4709
4709
4709
4719
4730
4743
4743
4743
