0
45
90
146
192
238
278
313
317
330
350
363
384
461
461
482
543
580
664
700
733
769
842
865
876
890
930
945
973
1005
1028
1051
1106
1124
1134
1153
1208
1250
1250
1257
1296
1311
1343
1414
1445
1467
1481
1519
1540
1552
1569
1591
1610
1624
1632
1662
1683
1695
1727
1741
1822
1836
1858
1881
1908
1918
1961
1993
2033
2119
2168
2174
2196
2226
2239
2267
2275
2370
2408
2408
2446
2461
2515
2523
2549
2577
2588
2607
2628
2662
2677
2700
2727
2733
2758
2783
2833
2861
2915
2972
3003
3041
3065
3073
3112
3128
3170
3257
3261
3273
3337
3354
3437
3499
3532
3549
3591
3637
3659
3668
3690
3709
3738
3775
3804
3841
3900
3915
3922
3927
3962
3999
3999
4016
4079
4107
4134
4197
4214
4245
4290
4314
4327
4329
4350
4374
4377
4394
4406
4447
4457
4465
4484
4490
4568
4578
4591
4618
4624
4672
4705
4749
4793
4839
4888
4911
4930
4960
4971
4971
4987
5040
5105
5105
5155
5173
5222
5248
5258
5293
5298
5333
5339
5373
5391
5402
5421
5435
5452
5476
5507
5532
5572
5606
5638
5678
5697
5725
5736
5743
5774
5861
5902
5917
5978
5980
6034
6066
6103
6136
6140
6168
6171
6193
6231
6241
6296
6313
6352
6374
6433
6453
6481
6490
6520
6561
6561
6574
6628
6661
6711
6784
6806
6828
6863
6895
6909
6921
6974
7029
7040
7065
7070
7105
7114
7135
7148
7152
7225
7229
7235
7256
7278
7309
7330
7420
7465
7529
7576
7598
7605
7641
7641
7643
7644
7716
7783
7801
7871
7901
7947
7965
7981
8038
8045
8049
8069
8136
8162
8175
8188
8222
8250
8266
8315
8345
8369
8403
8420
8447
8463
8490
8504
8517
8564
8652
8666
8694
8738
8742
8785
8795
8808
8823
8859
8917
8931
8950
8995
9000
9054
9112
9126
9134
9176
9178
9179
9197
9225
9267
9276
9292
9351
9383
9406
9445
9477
9509
9543
9554
9570
9579
9655
9710
9716
9744
9767
9824
9824
9843
9862
9871
9912
9916
9929
9937
9968
10010
10038
10120
10160
10220
10294
10344
10391
10448
10448
10455
10458
10511
10549
10596
10667
10676
10730
10758
10779
10855
10859
10866
10871
10932
10948
10967
10985
10997
11029
11048
11083
11096
11127
11168
11183
11235
11238
11268
11287
11287
11306
11368
11378
11415
11485
11497
11510
11544
11577
11596
11618
11660
11675
11704
11760
11787
11842
11876
11897
11922
11941
11984
11984
11992
12053
12092
12113
12163
12226
12250
12282
12341
12365
12400
12427
12430
12442
12450
12550
12593
12595
12619
12628
12702
12720
12735
12758
12764
12778
12778
12807
12834
12862
12902
12941
13002
13040
13076
13140
13170
13236
13279
13292
13302
13314
13339
13367
13398
13466
13469
13515
13550
13591
13677
13704
13713
13724
13798
13816
13844
13857
13902
13917
13945
13969
14000
14038
14073
14098
14136
14136
14176
14195
14195
14208
14257
14273
14337
14374
14397
14407
14444
14495
14497
14512
14555
14566
14596
14615
14642
14705
14735
14749
