0
12
45
54
78
105
129
153
180
205
226
241
264
285
296
326
351
375
398
416
438
473
489
508
527
550
562
571
605
612
645
663
680
709
734
762
774
798
845
867
880
893
915
928
960
979
1015
1022
1050
1077
1101
1127
1133
1158
1190
1226
1241
1243
1276
1282
1324
1358
1383
1394
1427
1455
1488
1537
1554
1556
1588
1605
1628
1673
1684
1707
1734
1765
1780
1796
1821
1844
1860
1882
1908
1923
1955
1984
2001
2031
2042
2062
2094
2109
2145
2152
2170
2187
2213
2247
2255
2276
2293
2314
2343
2361
2383
2391
2403
2425
2465
2489
2504
2524
2546
2569
2588
2599
2609
2621
2638
2675
2695
2708
2737
2772
2786
2804
2834
2860
2887
2896
2942
2960
2971
2990
3007
3023
3054
3067
3102
3113
3138
3164
3184
3210
3234
3259
3298
3337
3355
3362
3388
3396
3424
3453
3486
3504
3532
3556
3576
3611
3623
3642
3674
3693
3719
3757
3769
3790
3806
3845
3852
3876
3908
3934
3947
3952
3987
3998
4033
4066
4098
4130
4135
4153
4164
4182
4213
4216
4242
4264
4291
4322
4347
4371
4391
4405
4427
4444
4460
4474
4478
4493
4533
4552
4565
4576
4598
4629
4643
4651
4667
4684
4695
4736
4761
4775
4800
4828
4839
4857
4891
4913
4943
4971
4993
5021
5032
5051
5074
5092
5117
5145
5192
5205
5229
5250
5264
5284
5299
5316
5360
5384
5398
5410
5428
5437
5457
5485
5527
5544
5575
5600
5627
5652
5668
5695
5719
5735
5766
5804
5816
5842
5870
5898
5907
5943
5965
5987
5996
6009
6055
6079
6108
6138
6160
6195
6211
6227
6227
6249
6273
6288
6295
6314
6332
6361
6372
6398
6411
6418
6432
6443
6466
6479
6485
6500
6519
6539
6553
6570
6587
6611
6631
6639
6670
6686
6713
6752
6793
6811
6849
6873
6886
6913
6958
6981
7004
7026
7052
7068
7092
7107
7128
7148
7159
7194
7236
7246
7263
7292
7311
7334
7348
7380
7421
7443
7464
7472
7488
7505
7515
7538
7567
7590
7622
7640
7668
7709
7724
7744
7776
7793
7823
7841
7855
7881
7911
7932
7942
7973
7979
7994
8005
8016
8065
8093
8117
8150
8175
8184
8201
8209
8227
8254
8271
8296
8302
8333
8353
8381
8394
8421
8430
8452
8464
8492
8514
8523
8528
8537
8559
8582
8589
8614
8640
8677
8701
8704
8741
8761
8774
8824
8861
8876
8898
8938
8945
8976
9012
9032
9053
9074
9092
9116
9145
9171
9191
9206
9216
9250
9295
9313
9334
9369
9408
9432
9448
9480
9514
9524
9541
9559
9573
9596
9610
9638
9673
9678
9705
9720
9744
9759
9777
9808
9819
9845
9865
9881
9899
9916
9947
9968
9978
10008
10027
10044
10061
10097
10121
10146
10156
10183
10211
10230
10253
10264
10295
10316
10341
10359
10377
10398
10431
10451
10480
10499
10521
10528
10546
10567
10587
10598
10610
10628
10645
10670
10689
10728
10737
10764
10783
10798
10832
10853
10869
10900
10925
10931
10957
