0
0
0
0
0
0
0
0
0
0
0
0
0
0
0
0
0
0
0
0
0
0
0
0
0
0
0
0
0
0
0
0
0
0
0
17
24
24
27
27
27
27
27
33
33
33
38
41
44
58
58
58
58
88
94
99
99
99
99
107
111
113
132
132
132
132
132
132
132
132
132
132
132
132
132
132
132
132
132
132
132
132
132
132
132
132
132
132
132
132
132
132
132
132
132
132
132
132
132
132
132
132
132
132
132
132
132
132
132
138
138
138
138
138
138
138
138
138
138
138
138
138
138
138
138
138
138
138
138
138
138
138
148
148
148
148
148
148
148
148
154
154
163
170
170
171
171
177
183
187
187
187
187
187
187
187
187
187
187
187
187
187
187
187
187
187
187
187
187
187
187
187
187
187
187
187
187
187
187
187
187
187
187
187
187
187
187
187
187
187
187
187
187
187
187
187
187
187
187
187
187
187
187
201
201
201
201
209
209
209
209
209
209
209
209
209
209
209
209
209
209
209
209
209
219
219
219
219
219
219
219
219
219
225
259
259
282
282
282
282
282
282
285
285
285
285
285
285
296
302
304
304
304
304
304
304
304
308
308
308
308
308
308
308
308
308
308
308
308
308
308
308
308
308
308
308
308
308
308
308
308
308
308
308
308
308
308
308
308
308
308
308
308
308
308
308
308
308
308
308
308
318
318
318
318
318
318
318
318
318
318
318
318
318
318
318
318
318
320
320
320
320
320
320
320
320
320
324
338
340
346
346
346
346
346
346
351
351
351
351
351
351
351
351
351
351
351
351
351
351
351
351
351
351
351
351
351
351
351
351
351
351
351
351
351
351
351
351
351
351
351
351
351
351
351
351
351
351
351
351
351
351
351
351
351
351
351
351
351
351
351
351
369
374
385
391
394
394
394
394
394
394
406
411
411
411
411
411
411
411
411
411
411
411
411
411
411
411
411
411
411
416
426
426
426
426
426
426
426
426
426
426
426
426
426
426
427
427
427
427
427
427
427
430
430
441
451
451
451
451
451
451
451
451
451
451
451
451
451
451
451
451
451
451
451
451
451
451
451
451
451
451
451
451
451
451
451
451
456
460
460
460
460
460
460
468
491
491
504
516
519
519
519
519
519
519
546
546
546
546
546
