0
596
1141
1653
2245
2830
3375
3977
4552
5161
5682
6305
6854
7432
7956
8515
9073
9652
10182
10752
11331
11856
12424
13012
13623
14169
14767
15299
15822
16409
16996
17538
18074
18612
19164
19724
20259
20788
21304
21813
22318
22930
23541
24090
24639
25181
25758
26349
26944
27563
28170
28763
29348
29890
30486
31069
31607
32228
32793
33352
33915
34505
35053
35595
36114
36636
37197
37723
38315
38895
39503
40083
40649
41209
41798
42370
42959
43480
44029
44554
45138
45752
46321
46905
47497
47993
48565
49111
49765
50345
50868
51387
51925
52522
53054
53636
54217
54802
55409
55948
56552
57128
57649
58186
58750
59335
59856
60475
61012
61590
62147
62664
63247
63803
64330
64922
65517
66086
66675
67213
67771
68345
68948
69499
70076
70631
71282
71842
72438
72943
73502
74071
74593
75138
75720
76286
76872
77400
77962
78531
79136
79656
80310
80911
81534
82145
82651
83144
83743
84274
84860
85485
86084
86640
87188
87725
88316
88888
89430
89981
90585
91143
91680
92209
92786
93388
93890
94471
95027
95563
96124
96729
97265
97862
98437
98933
99492
100049
100618
101139
101708
102265
102909
103474
104071
104613
105191
105735
106335
106836
107397
107998
108570
109114
109633
110217
110762
111319
111901
112394
112908
113447
114004
114541
115136
115691
116274
116850
117406
117967
118512
119019
119564
120081
120657
121200
121777
122334
122860
123430
124012
124582
125127
125729
126271
126827
127359
127896
128475
129085
129647
130195
130766
131295
131791
132326
132884
133455
134036
134593
135132
135681
136329
136838
137390
137974
138558
139136
139696
140285
140799
141360
141934
142499
143065
143612
144174
144733
145304
145894
146514
147094
147668
148235
148847
149421
149916
150537
151101
151673
152261
152802
153309
153912
154446
154961
155482
156047
156614
157201
157775
158370
158898
159512
160119
160711
161263
161801
162387
162969
163525
164142
164719
165276
165824
166396
166939
167537
168100
168745
169306
169853
170433
170986
171565
172144
172818
173354
173924
174465
174967
175523
176011
176610
177236
177810
178384
178962
179580
180165
180743
181318
181847
182421
182920
183430
183964
184529
185070
185625
186175
186737
187326
187959
188600
189162
189726
190302
190869
191447
192004
192558
193113
193735
194261
194796
195349
195945
196502
197009
197552
198097
198642
199181
199739
200278
200861
201426
202004
202523
203071
203643
204250
204855
205429
205976
206518
207076
207610
208148
208688
209215
209768
210351
210928
211489
211998
212565
213078
213639
214192
214764
215319
215873
216408
217040
217636
218206
218760
219312
219889
220390
220949
221537
222103
222701
223300
223819
224367
224952
225558
226107
226619
227170
227675
228227
228768
229375
229934
230456
231050
231645
232187
232701
233275
233823
234374
234950
235483
236079
236604
237159
237674
238251
238809
239348
239935
240474
241063
241650
242265
242898
243484
244064
244664
245214
245763
246331
246861
247398
247954
248505
249084
249637
250175
250754
251369
251924
252516
253000
253541
254080
254630
255200
255751
256307
256883
257480
258017
258600
259171
259778
260353
260889
261429
261960
262442
263009
263588
264170
264700
265239
265763
266343
266956
267516
268104
268703
269286
269846
270396
270993
271586
272194
272775
273361
273920
274460
275009
275549
276079
276590
277183
277788
278350
278867
279416
279979
280489
281101
281715
