1
40347737
40648275
40249434
40818618
40436441
40508783
40202171
40177973
40305431
40325769
40464124
40216557
40397114
40316288
40311139
40317717
40668423
40552964
40089180
40071249
40198816
40455031
40383622
40340385
40654059
40599982
40458532
40580812
40315251
40497998
40533685
40556239
40472474
40300990
40844514
40712040
40361933
40245560
40033142
40820871
40393373
40572372
40537710
40500228
40437225
40387791
40329519
40730881
40304614
40680187
40498396
40606829
40632555
40194408
40238930
40275705
40152124
40825569
40368261
40709050
40587288
40628894
40363089
40258795
40159998
40485934
40304436
40748610
40632866
40379961
40728116
40316172
40484571
40699799
40228087
40327794
40377150
40644005
40502788
40379003
40693616
40711872
40576328
40337345
40357599
40397083
40225131
40601003
40481518
40392407
40388128
40543675
40302605
40245839
40402777
40571346
40628032
40554325
40484029
40396614
