1
89249369
89004753
88970406
89434896
88840506
88896320
88864450
88712272
88699745
88947648
89616137
88965488
89363713
88873588
88261892
88489980
89158237
88992446
89435779
88398200
89050418
88154851
88175342
88688129
88755577
88911181
88287149
88330242
88602010
88940639
88950477
88931400
88635921
88911994
88511151
88789416
89317662
89125841
88743067
88592522
88723922
88555802
88648819
89140169
88990951
88914986
88517727
89295341
88690193
88507127
88804290
88771583
88751939
88224379
89173763
88623499
88535830
88185476
88739695
89034001
89235226
88303855
89359023
89236679
88768861
89011328
89235146
88368964
88305161
88997647
89303532
88917005
88928976
88464385
88144297
88938092
88645521
88804310
88350689
88923785
88948755
89155956
88893743
88696576
88508687
89082323
88450154
88918027
88607054
89179097
88772479
88626867
88826783
89518592
89013767
89131253
89040275
88799777
89544741
88676575
88442382
89864641
88646942
88068072
88643230
88945057
89249720
89495356
88775155
89468112
89012099
89079658
88989263
89300599
88691440
88655691
88783258
89079751
88922052
89054534
88978422
88576319
88941691
88427217
89317896
88691914
89223912
89172530
89000231
89130925
88765115
88529745
88946438
88320602
88351327
89264890
88827682
88549377
89046416
89010443
88425931
87964976
89158370
88988376
88381631
89027053
88446087
88601753
88520668
88629355
88571537
88756064
89397764
89081806
88773718
88560834
88887189
89126811
88504223
88805448
89414879
88557719
89017857
89030749
89023890
88857036
88901929
88524536
88219822
89215656
89206353
88518325
88885142
88959543
88714684
88668052
88815152
89241012
88600652
88917441
88593958
88253044
88793602
88306261
89003583
88384610
88913462
89400417
88027636
88614096
88931741
88834942
88762501
88686848
89357608
89089100
88607064
89296661
88365919
88692955
89011297
88678163
89089478
89160560
89181211
88711975
88941680
88404487
88995961
88817577
88852524
88645716
88806224
88340391
89437298
89027789
87876170
88271190
88371590
88563619
87906015
89565834
88325372
89106580
89162807
89052791
87801530
89213351
88590420
88675952
88962735
89183341
88716346
88241353
88345007
88031710
88654619
88237247
89289631
88830023
89331160
88846486
88915663
88876843
89031021
88930590
88668402
88729486
89321731
88778172
89004366
89058838
88759157
89086648
88747292
89314537
88969371
88409188
88569493
88815737
88552664
88503485
88798661
88740351
88733862
88174007
88869717
89216449
89213689
89321033
89389283
89114123
88942760
88208396
89060775
87890833
89027529
89108564
89422936
88551197
89350898
88723831
88414041
89122946
88901977
89088808
88370589
88101975
89111889
88985096
89051117
88712749
88857754
88979991
88538210
89311523
88658744
89372160
89043847
88481510
89135795
88077784
89378565
88507748
88758224
88944268
88740270
88758662
88593485
88083714
89146625
88821625
88680032
88219130
89074836
89352146
89244008
88400750
88567447
89360422
89276774
89165099
89473211
89541378
88800487
89051079
89078116
88467565
88797184
89345971
89057690
88127218
88898828
88326366
88414431
88428948
88409380
88940414
89172550
88813385
89508048
88870845
88985353
88727865
88533993
88596590
88742839
89117521
88352178
88733080
88797425
89132728
88585199
88555958
88698577
89222391
88770557
88734086
89162240
88568155
88740029
88890978
88929030
88575324
88843906
88603824
89422357
88985142
88281854
89259414
88789313
88970994
89248638
88575504
88590752
89158624
88920797
89562972
89223232
88880000
88931148
88565114
89377682
88860184
89119047
88785422
89628169
88697812
88973455
89045224
89017732
89351836
89149732
88982031
89497535
88906832
89126195
88780580
88241112
89063716
89027877
88231281
88617662
88975415
89257768
88666446
88654911
88550898
88745936
89581044
89101633
88254311
88627047
89111784
88779913
88570260
89446161
88613252
88834414
88269276
89618017
88368230
88741213
89112652
89197156
88878991
88726354
88979449
88614437
88629184
88990352
88563460
88696122
88792000
88997938
88044112
88731329
88880972
88760554
88330890
88548248
89157817
88908996
89033498
88955444
88439798
89753268
88399017
88541758
88496170
88407737
89250673
89094258
88999883
88626153
88203412
88728799
88600367
88287374
88714879
88514597
88847544
88653582
89278439
89027666
88210699
89517316
88321812
89443048
88678392
88915349
88935219
88290596
88268833
89011628
88410982
89329172
88713979
88741572
88972879
88915744
89047052
88970520
88552087
88778680
89005588
88706100
89003018
88968495
88147638
89161200
88876713
88924173
88360838
88099157
88587962
88795193
89078645
89403678
89058736
