1
79183366
78091999
78176353
78323921
78744386
78390573
78290918
78366365
78405640
78618982
77835007
78302170
78229085
78260050
78425276
78466616
78410521
78649771
78065532
78228787
78398205
78678083
78595754
78056822
78138479
78341136
78524243
78450394
78622791
77912552
78540908
78229363
78613806
78279136
78390712
78533714
78330200
78408315
78205994
78362013
78434810
78259059
78646642
78095437
78655600
78169778
77936854
78360707
78683745
78092963
78039968
78548618
78518540
78189732
77787280
78494643
78377828
78539536
77713540
78474548
78940731
78073802
78319014
78685803
77887247
78061644
78257514
78579903
78555498
77991153
78017099
78063228
78264368
78372523
78328000
78184925
78169156
78152321
78458406
78615290
77839975
78376861
78215922
77957649
78403775
78304290
78451403
78217417
78384126
78275469
78958099
78685481
78392530
78130033
79015040
78602984
78619749
77793551
78879371
78170744
78052345
78350120
78489325
78398718
78972492
78463057
78825370
78566310
78544001
78847064
78291608
78215340
78474753
78310581
78469493
78533208
78682733
78486705
78130936
78159718
78412404
78883820
78299321
78655320
78675882
78430831
78457708
78002891
78340768
78256208
78094174
78433898
78613802
78519174
78556073
78327896
78709366
78192972
77999315
78704363
78124801
78090005
78297221
78185827
78427400
78107816
78523307
78352185
78303459
78796308
78785512
78344322
78398931
78321143
78544634
77940544
78254425
78934253
78699167
78485646
78428183
78269225
78591411
78640835
78433780
78165986
78839636
78324639
77783774
78408949
78467902
78551750
77890013
78400875
78658146
78091393
78171058
78046783
77978306
77886042
78234141
78501916
77796193
78405523
78780013
77944080
78658430
77980427
78250361
78521374
78086251
78430012
78708339
78406327
78872404
78165084
78572170
78090960
78629152
78310898
78528809
78460496
78446973
78436937
77661841
78638660
78379590
78686453
78281672
78384547
78222983
79068075
78270932
78029048
78045630
77964544
78272385
78205610
78525894
78291713
78623092
78353095
78133612
77862648
79069116
78094255
78131246
78503958
78409271
78255129
77890366
78124917
77791422
78602576
77882593
78333325
78408369
78736080
78520768
78641403
78006575
78410847
78296694
78396340
78022820
78702260
78654753
78130819
78330437
77911855
78470519
78157902
78846913
78440446
78108210
78347184
78516067
78247681
78287760
78494756
78367886
78604168
77995804
78520722
78618132
78258118
78894494
78478559
78526058
78463706
77751345
78074591
77804434
78537778
78703715
78759289
78444453
78714278
78055814
77797005
78575780
78245379
78710515
78376641
78149314
78687804
78516459
78378305
78079724
78419847
78485039
78416390
78685844
78262689
78561732
78571807
77889741
78317264
77997401
78591400
78268609
78487544
78293456
78265810
78610428
77967132
78482379
78549957
78590996
78288589
77648774
78669111
78689244
78305243
78162989
78201372
78737755
78255793
78358893
78377112
78664302
78626400
78503202
78325656
78083956
78111003
78421485
78310752
78203743
78719745
78207762
78018895
78104364
78065888
78551002
78216648
78090922
78990142
78469065
78701517
78540596
77967384
78249793
78629480
78620598
78219003
78499628
78002111
78489213
78086236
77968474
78394770
78534617
78289196
78103720
78741492
78011806
78267195
78273021
78786613
78094747
78045521
78424039
78490868
79006260
78381589
78485131
78629615
78322249
78689768
78439798
78140667
78286393
78458651
78262687
78604353
78384116
78592881
78233804
78604922
78368477
78179269
78396747
79002916
78870451
78507963
78489969
78589282
78531203
78669343
78838111
78738473
78286340
78299776
78372059
78197084
78320164
78116897
77951417
78444646
78086536
78828593
78267444
78463901
78158212
78255661
78634591
78276116
78566063
78307272
78212907
78324885
78227281
78648986
78308687
77814739
78093548
78953646
77854369
78413468
78407755
78696963
78713560
78156366
78446644
78000594
78340343
78343449
78142062
78322582
78544405
78529617
77892235
78167370
78535224
78273066
78158196
78475533
78533134
78243826
78682587
78476233
78159783
78638375
78222050
77875012
78166999
78231968
78689758
78422583
78560175
78254818
78048601
78441294
78124306
78061792
78258751
78552140
78537367
78233528
78314078
78774431
78195423
78432990
77919775
78846460
78429858
78220816
77811626
77900430
77984100
78620628
78013087
78731251
78737484
78319583
78426903
78497463
78281081
78285947
78409811
78654964
78368286
77859664
78531046
78472171
78189600
78479670
78238400
78282362
78007723
78224532
78389028
78383044
78384516
79030410
78633615
78854751
78803997
79221178
