0
0
0
0
0
24
71
71
100
124
129
129
129
129
129
129
188
188
188
188
197
197
197
221
253
297
297
297
297
297
297
297
307
315
331
337
358
368
377
377
377
377
377
377
377
377
377
383
383
383
383
383
383
383
383
383
383
383
394
394
394
394
394
394
394
394
394
394
394
409
409
409
409
409
409
409
409
409
409
409
409
410
410
410
410
410
410
410
410
410
410
448
490
506
506
508
508
508
508
515
539
539
539
578
578
589
617
617
617
617
692
702
705
705
737
741
756
764
774
806
806
806
806
806
806
806
815
817
817
817
817
817
817
817
817
817
817
817
817
817
817
817
817
817
817
817
817
817
818
818
818
818
818
833
836
836
836
836
836
836
836
836
836
871
871
876
900
900
900
900
900
900
900
900
900
908
908
908
908
908
908
908
908
908
908
932
949
960
960
977
977
977
977
989
993
993
1013
1035
1035
1050
1063
1063
1067
1067
1104
1110
1110
1110
1110
1110
1117
1148
1148
1148
1148
1148
1148
1148
1148
1148
1171
1181
1181
1181
1181
1181
1181
1181
1181
1181
1181
1181
1181
1181
1181
1181
1181
1181
1181
1181
1181
1181
1181
1181
1181
1181
1185
1187
1189
1189
1189
1189
1189
1189
1189
1189
1212
1212
1217
1236
1262
1262
1262
1276
1319
1319
1319
1319
1319
1321
1321
1340
1340
1340
1340
1349
1349
1349
1349
1349
1385
1403
1403
1403
1403
1403
1403
1432
1448
1448
1469
1538
1541
1583
1583
1583
1583
1583
1615
1635
1635
1635
1635
1635
1635
1690
1699
1705
1705
1705
1705
1705
1729
1729
1754
1755
1755
1755
1755
1755
1755
1755
1755
1755
1755
1755
1755
1755
1755
1755
1763
1763
1763
1763
1763
1763
1772
1772
1772
1772
1772
1772
1772
1772
1772
1772
1772
1772
1772
1772
1772
1772
1772
1772
1792
1792
1792
1829
1850
1850
1850
1850
1850
1850
1850
1871
1871
1871
1871
1871
1871
1871
1871
1871
1925
1925
1925
1925
1925
1925
1925
1952
1976
1978
1987
2016
2029
2034
2034
2034
2034
2034
2034
2040
2040
2040
2040
2048
2048
2061
2061
2066
2066
2066
2066
2066
2092
2092
2098
2108
2108
2108
2108
2108
2108
2108
2108
2108
2108
2108
2108
2108
2108
2108
2108
2108
2108
2108
2108
2108
2115
2115
2115
2115
2115
2115
2115
2115
2115
2115
2135
2152
2152
2152
2159
2161
2161
2161
2178
2230
2232
2260
2273
2276
2276
2276
2276
2280
2280
2337
2344
2344
2344
2344
2344
2344
2344
2364
2390
2390
2390
2390
2390
2390
2390
2409
2436
2436
2451
2468
2468
2468
2468
2468
2468
2468
2509
2509
2509
2509
2524
2524
2524
2524
2524
2525
2525
2531
2531
2531
2559
