0
15
33
81
118
148
179
211
211
211
211
211
211
272
272
273
312
330
410
424
452
469
523
543
543
543
565
565
577
610
624
631
669
669
669
669
703
747
747
747
767
767
775
827
839
859
859
872
891
891
891
899
899
910
910
921
933
938
949
953
1015
1015
1019
1029
1041
1041
1051
1081
1098
1167
1205
1205
1217
1225
1225
1232
1232
1302
1340
1340
1343
1355
1391
1400
1409
1417
1417
1431
1431
1453
1466
1472
1476
1476
1482
1482
1514
1540
1584
1623
1652
1691
1691
1691
1705
1705
1721
1810
1810
1810
1845
1845
1921
1975
1989
1989
2013
2051
2055
2055
2059
2063
2074
2109
2114
2141
2198
2198
2198
2198
2214
2238
2238
2238
2282
2289
2309
2350
2350
2361
2391
2391
2399
2399
2399
2406
2406
2406
2406
2434
2441
2441
2442
2442
2504
2509
2509
2531
2531
2555
2566
2596
2624
2654
2697
2704
2715
2725
2725
2725
2725
2757
2818
2818
2849
2864
2893
2917
2917
2930
2933
2954
2954
2970
2970
2975
2981
2981
2994
3004
3024
3031
3064
3079
3102
3120
3127
3127
3137
3137
3146
3236
3265
3265
3302
3302
3334
3358
3375
3398
3398
3400
3400
3403
3419
3419
3449
3462
3481
3481
3543
3552
3563
3563
3582
3604
3604
3604
3641
3654
3669
3738
3738
3752
3769
3778
3778
3778
3812
3848
3854
3859
3863
3879
3884
3884
3884
3884
3931
3936
3936
3937
3948
3948
3948
4019
4032
4088
4132
4140
4140
4158
4158
4158
4158
4202
4272
4272
4316
4332
4355
4366
4366
4408
4408
4408
4408
4456
4458
4458
4458
4470
4489
4489
4524
4531
4535
4556
4560
4571
4571
4577
4577
4577
4605
4692
4702
4702
4719
4719
4738
4738
4738
4738
4756
4799
4803
4803
4845
4845
4879
4910
4912
4912
4944
4944
4944
4944
4972
4995
4995
4996
5046
5062
5064
5090
5102
5123
5160
5160
5160
5160
5213
5260
5260
5263
5273
5320
5320
5326
5326
5326
5344
5346
5346
5346
5357
5376
5387
5464
5487
5543
5605
5639
5675
5733
5733
5733
5733
5754
5791
5820
5871
5871
5882
5903
5903
5970
5970
5970
5970
6018
6018
6023
6023
6023
6030
6030
6057
6057
6070
6095
6095
6131
6137
6137
6142
6142
6142
6183
6185
6187
6234
6234
6234
6253
6257
6269
6269
6291
6304
6316
6365
6365
6410
6420
6435
6435
6452
6479
6479
6479
6518
6542
6542
6578
6628
6628
6642
6693
6702
6724
6737
6737
6737
6737
6817
6862
6862
6862
6862
6914
6920
6920
6921
6926
6926
6926
6934
6939
6963
6987
7011
7063
7085
7098
7158
7160
7224
7260
7260
7260
7260
7264
7289
7314
7376
7376
7401
7428
7445
7530
7536
7539
7539
7598
7608
7627
7627
7657
7662
7671
7699
7709
7737
7765
7765
7785
7785
7788
7808
7808
7808
7836
7836
7873
7902
7905
7913
7938
7971
7974
7974
7991
7995
8001
8020
8027
8093
8100
8110
