1
46953736
47374700
47097156
47071642
47355187
47239938
47233671
46976888
47013865
47366191
47344077
47066680
46965990
47323657
47238885
47206057
47049305
47081745
47280393
47406953
47192643
47197828
47187297
47258340
47176154
47238659
47142212
47381193
47281950
47220394
47479011
46969812
47111374
47119989
47325929
47227981
47248765
47212060
47458009
47015117
47417405
47005474
47147044
47144869
47203818
47142017
47060370
47307146
47152249
47259565
47171728
47467133
46873467
47250482
47349008
47333018
47136782
47117816
47219019
47290876
47153598
47113107
46920672
47348812
47102449
47134280
47125252
47280006
47247336
47099145
47228187
47163836
47233212
47311982
47180947
46991150
47221296
47267793
47050584
47223646
47528812
47286533
47151366
47245135
47449506
47468266
47140898
47188056
47174922
47313523
47244261
47068059
47401531
47353357
47321475
47128877
47096718
47122983
47018122
47291432
47310386
47227338
47195110
47267914
46932216
47218108
47276043
47238581
46997545
47094039
47108639
47292374
47114316
47117796
47203249
47164219
47056952
47385260
47176801
47222195
47361389
47157538
46987492
47206161
47168103
47330455
47134288
47346405
47181769
47262285
47235364
47055189
47294568
47211495
47117461
47079414
47387262
47169095
47228460
47169684
47157339
47313487
47196780
47465594
47070463
47203154
47165478
47156291
47126657
47464271
47300831
47188735
47103358
47335610
47262381
47313536
47117414
47255257
47307920
47387675
46972782
47386218
47360311
47053523
47202127
47436453
47260885
47312653
47282597
47205944
47131030
47484028
47391057
47015683
47157272
47144604
47219639
47155019
47026716
47360768
47313212
47147173
47158067
47365133
47111385
47291861
47091030
47285524
47170261
47252002
47297945
47220788
47330632
47179357
47292347
47414811
47393619
47101084
47342344
47582114
47282759
47179152
47376793
47106411
47240201
47017405
47284098
47275700
47135138
47256748
47102582
47205215
46982486
47200445
47109567
47227920
47293928
47309790
47120636
47443657
47072152
47166961
47226272
47349586
47073156
47269909
47282067
47506406
47144512
47422630
47121183
47056856
47309831
47225436
47133216
47225953
47160231
47202487
47202983
47383863
47401548
47178281
46920646
47299896
47201589
47175439
47233934
47258840
47270720
47149640
47133957
47408247
47087452
47342542
47325850
47195281
47034820
47128029
47044903
47420159
47243738
47270038
47354400
47205867
47306119
47470816
47283744
47242308
47082266
47187567
47230036
47279954
47241713
47273148
47023201
47038188
47097330
47090317
47367127
47236046
47131293
47435244
46952054
47113086
47210156
47058546
47089259
47360059
47055264
47237397
47104046
46980871
47409973
47221060
47215792
47423537
47220386
47225227
47240662
47181751
47037571
47035676
47060329
47634748
47420932
47216704
47209839
47356844
47086303
47208109
47242917
47066246
47096859
47264085
47227631
47247904
46985880
47154776
47082723
47372812
47301801
47207362
47195291
47216169
47162079
46992378
47317000
47189050
47136810
47076334
47246957
47175801
47377706
47147310
47304653
47320445
47246317
47308328
47305553
47026827
47386095
47311427
47280543
47195640
47186284
47295497
47036799
47055644
47134024
47448327
47145323
47187927
47433940
47246899
47088968
47190941
47229729
47386370
47412484
47293175
47121069
47335655
47160328
47128404
47356423
47182126
47241160
47172269
47135834
47211212
47062160
47364313
47128677
47074261
47373589
47393802
47379952
47270557
47363007
47363188
47411425
47205665
47279153
47074418
47085216
46919048
47473421
47425103
47244813
47440256
47309061
47239762
47277911
47210305
47344015
47365087
47230687
47139255
47249400
47176494
47316887
47085547
47120309
47156839
47100391
47199275
47438122
46924653
47030674
47238372
47321599
47195377
47319142
47077612
46973191
47045839
47298954
47045697
47265699
47329344
47229913
47273663
47049150
47186147
47376891
47269263
47234317
47433605
47037575
47378977
47148647
47359799
47269116
47509822
47164453
47179843
47215686
47172353
47064662
47248884
47356372
47104879
47308910
47262273
47227761
47369717
47321698
47224923
47250416
47142231
47232077
47446647
47123190
47382350
47186865
47303324
47288026
47070495
47173522
47224894
47457516
47476221
47043020
47368549
47318974
47435611
47203467
47359979
47192693
47284577
47255446
47110028
47292339
47255769
46999906
47242450
47228041
47137202
47257424
47241413
47097228
47228228
47158021
47037929
47469993
47290570
47105800
47245938
47389048
47373340
47057527
47169489
47070355
47166403
47602676
47327279
47488640
47231718
47056286
47246502
