0
0
0
5
6
41
41
41
41
41
41
41
41
41
41
49
49
49
49
49
49
49
49
49
49
49
49
49
49
49
49
49
49
49
49
49
70
90
129
129
131
131
131
131
164
200
210
237
254
266
266
266
266
266
266
304
334
334
334
355
355
355
355
382
429
443
443
443
443
443
443
443
467
472
490
493
520
529
529
529
529
529
529
529
529
529
537
549
549
549
549
549
549
549
549
549
549
565
568
568
568
568
568
568
573
573
573
573
573
599
599
599
599
599
599
599
599
599
599
599
602
609
609
609
609
609
609
609
609
609
623
674
708
708
709
714
714
714
730
752
752
752
787
801
801
836
836
836
836
882
931
935
935
971
971
988
988
995
1033
1035
1035
1035
1035
1035
1035
1048
1054
1054
1054
1054
1054
1054
1054
1054
1054
1054
1054
1054
1054
1054
1054
1054
1054
1054
1054
1054
1054
1055
1066
1066
1066
1076
1089
1092
1092
1092
1092
1092
1092
1092
1092
1092
1111
1137
1137
1163
1163
1163
1163
1163
1163
1163
1163
1163
1172
1177
1177
1177
1177
1177
1182
1182
1182
1182
1195
1232
1239
1239
1239
1257
1257
1259
1276
1284
1284
1302
1308
1323
1325
1350
1350
1355
1355
1365
1400
1404
1404
1407
1407
1424
1431
1453
1453
1453
1453
1453
1453
1457
1457
1484
1496
1496
1496
1496
1496
1496
1496
1496
1496
1496
1496
1496
1496
1496
1496
1496
1496
1496
1496
1496
1497
1497
1497
1497
1497
1497
1507
1507
1507
1507
1507
1507
1507
1507
1507
1510
1538
1538
1549
1590
1590
1590
1611
1653
1653
1653
1653
1653
1664
1664
1664
1685
1685
1685
1704
1704
1704
1704
1706
1734
1762
1762
1762
1762
1762
1774
1795
1812
1812
1835
1891
1904
1947
1947
1947
1947
1947
1950
2000
2000
2000
2000
2006
2006
2050
2060
2076
2076
2076
2076
2076
2106
2108
2127
2130
2130
2130
2130
2130
2139
2139
2139
2139
2139
2139
2139
2139
2139
2139
2151
2151
2151
2151
2151
2151
2168
2168
2168
2168
2168
2168
2168
2168
2168
2168
2168
2168
2168
2168
2168
2179
2179
2179
2204
2206
2206
2224
2260
2260
2260
2260
2260
2260
2262
2270
2292
2292
2293
2294
2294
2294
2294
2294
2313
2352
2352
2352
2352
2352
2359
2371
2408
2410
2422
2449
2449
2469
2469
2469
2469
2469
2469
2487
2487
2487
2487
2500
2500
2513
2513
2514
2514
2514
2514
2514
2543
2543
2543
2564
2564
2564
2564
2564
2564
2564
2564
2565
2565
2566
2566
2566
2566
2566
2566
2566
2566
2566
2566
2566
2572
2579
2579
2579
2579
2581
2581
2581
2581
2581
2593
2606
2620
2620
2620
2637
2637
2637
2665
2708
2714
2742
2754
2758
2758
2758
2758
2771
2773
2800
2833
2833
