0
0
3
3
18
32
42
61
61
89
110
110
117
117
123
161
204
204
211
218
222
250
269
324
324
339
372
372
391
391
392
399
399
427
455
455
455
482
500
500
539
540
553
553
553
579
579
641
642
645
685
685
685
685
698
698
698
698
729
729
757
768
795
795
819
819
819
819
819
819
822
847
863
863
863
869
893
893
893
893
893
903
949
969
969
993
1014
1014
1016
1073
1101
1123
1156
1169
1182
1182
1182
1190
1220
1233
1282
1313
1313
1320
1337
1337
1338
1338
1360
1404
1426
1426
1426
1426
1426
1447
1450
1522
1523
1562
1574
1594
1597
1597
1603
1614
1622
1655
1698
1698
1708
1759
1759
1759
1796
1796
1814
1814
1814
1861
1866
1887
1901
1904
1945
1945
1945
1945
1960
1967
1967
1967
1967
1967
2002
2002
2030
2031
2037
2037
2042
2063
2063
2063
2063
2072
2087
2087
2087
2090
2090
2091
2091
2100
2100
2136
2170
2210
2211
2241
2245
2245
2245
2310
2339
2354
2394
2414
2429
2429
2429
2431
2448
2449
2502
2544
2544
2544
2590
2594
2607
2607
2646
2693
2709
2709
2709
2709
2709
2709
2737
2764
2768
2810
2810
2839
2851
2859
2869
2875
2875
2895
2901
2904
2910
2940
2954
2954
2968
2968
2968
2968
2970
2993
2997
3010
3034
3035
3035
3035
3035
3035
3042
3067
3067
3067
3081
3096
3123
3123
3148
3148
3158
3158
3162
3179
3179
3179
3179
3212
3220
3220
3220
3220
3238
3238
3238
3261
3261
3291
3360
3393
3393
3410
3436
3436
3436
3482
3505
3505
3533
3560
3583
3587
3626
3626
3626
3626
3690
3750
3750
3750
3816
3817
3834
3834
3851
3888
3893
3893
3893
3893
3893
3915
3947
3951
3951
3954
3955
3976
3976
3976
3985
3985
3985
3987
3987
3987
4003
4020
4031
4031
4054
4062
4067
4067
4093
4109
4110
4110
4145
4160
4164
4165
4165
4165
4165
4182
4182
4182
4182
4229
4254
4268
4297
4297
4297
4304
4307
4312
4312
4312
4312
4351
4356
4356
4360
4360
4374
4393
4393
4407
4411
4444
4489
4508
4508
4521
4557
4557
4599
4607
4623
4623
4653
4664
4691
4692
4718
4718
4723
4723
4762
4796
4801
4801
4832
4832
4859
4861
4887
4887
4887
4887
4900
4900
4934
4936
4965
4977
4977
4981
4984
4987
4992
5001
5008
5008
5008
5008
5008
5029
5029
5045
5049
5049
5051
5051
5074
5083
5091
5091
5091
5091
5115
5130
5131
5131
5131
5139
5139
5167
5167
5167
5199
5225
5238
5260
5297
5297
5297
5338
5388
5388
5388
5412
5413
5442
5456
5469
5505
5505
5518
5546
5553
5564
5564
5588
5624
5673
5675
5676
5691
5691
5736
5760
5782
5782
5837
5890
5908
5955
5957
5957
5983
5983
6016
6067
6067
6073
6092
6104
6109
6147
6164
6180
6180
6183
6201
6201
6254
6258
6282
6284
6284
6285
6299
6310
6325
6325
6325
