0
3
3
3
10
10
10
10
23
48
48
72
128
160
173
242
245
278
337
344
344
344
344
365
371
408
459
459
514
514
559
617
625
625
625
695
711
711
721
746
750
772
780
793
830
848
848
868
872
885
893
893
911
920
933
988
988
998
999
1029
1058
1058
1058
1078
1078
1102
1102
1135
1183
1189
1193
1193
1235
1267
1267
1314
1316
1319
1320
1390
1400
1405
1442
1473
1475
1490
1499
1499
1499
1532
1568
1578
1578
1585
1675
1694
1694
1694
1716
1716
1717
1717
1728
1750
1750
1750
1806
1811
1831
1898
1908
1949
1990
2022
2032
2032
2032
2032
2032
2054
2095
2095
2124
2136
2210
2240
2267
2276
2299
2361
2368
2368
2377
2391
2393
2436
2447
2457
2487
2494
2494
2494
2519
2551
2570
2570
2582
2591
2598
2645
2650
2682
2682
2685
2713
2713
2713
2723
2723
2733
2733
2733
2753
2758
2772
2775
2812
2837
2837
2852
2856
2865
2867
2890
2905
2960
3004
3028
3033
3045
3047
3052
3052
3067
3148
3162
3162
3165
3199
3224
3224
3231
3241
3241
3255
3257
3291
3296
3300
3300
3304
3305
3305
3352
3375
3429
3473
3506
3515
3515
3517
3533
3539
3594
3640
3640
3676
3677
3728
3771
3817
3820
3833
3880
3888
3888
3888
3893
3895
3945
3945
3968
4025
4034
4034
4034
4052
4064
4072
4072
4104
4116
4145
4163
4188
4195
4210
4224
4235
4235
4235
4240
4240
4240
4240
4265
4274
4275
4275
4275
4330
4340
4342
4359
4359
4359
4399
4413
4447
4475
4514
4531
4545
4557
4557
4557
4557
4573
4625
4651
4651
4684
4719
4747
4749
4749
4767
4767
4785
4785
4801
4803
4803
4807
4823
4823
4844
4853
4867
4894
4920
4929
4952
4952
4960
4960
4963
5028
5089
5089
5128
5128
5152
5165
5199
5207
5221
5221
5221
5221
5239
5239
5239
5284
5301
5303
5362
5365
5382
5383
5403
5412
5423
5423
5451
5460
5479
5526
5556
5568
5574
5585
5589
5589
5615
5623
5667
5667
5676
5694
5696
5696
5696
5696
5738
5748
5748
5748
5757
5757
5757
5795
5837
5865
5942
5950
5950
5968
5968
5968
5968
5998
6041
6083
6089
6130
6166
6179
6179
6197
6221
6221
6221
6221
6272
6275
6275
6275
6307
6307
6337
6341
6348
6358
6373
6382
6389
6398
6398
6398
6424
6470
6525
6525
6542
6542
6561
6561
6561
6561
6561
6606
6625
6625
6662
6664
6678
6720
6733
6733
6762
6765
6765
6765
6793
6808
6814
6814
6863
6876
6880
6906
6911
6940
6971
6978
6978
6978
7024
7047
7077
7077
7084
7143
7143
7145
7145
7145
7148
7165
7165
7165
7177
7177
7206
7260
7300
7318
7416
7455
7468
7548
7549
7549
7549
7567
7578
7609
7669
7688
7688
7714
7719
7753
7784
7784
7784
7797
7831
7837
7837
7837
7844
7844
7868
7868
7868
7885
7906
7915
7947
7947
7951
7956
7956
7982
8002
8003
8043
8051
8051
