0
0
0
29
90
113
147
160
197
212
212
231
255
255
255
264
308
308
308
315
341
341
375
375
383
404
410
421
421
426
426
426
454
521
554
554
570
570
590
590
590
590
590
642
653
653
691
691
718
749
760
760
791
791
791
791
822
846
846
846
897
909
914
943
946
974
1012
1012
1012
1012
1057
1107
1111
1111
1116
1173
1173
1178
1178
1178
1184
1198
1198
1198
1211
1211
1240
1294
1336
1361
1452
1491
1505
1584
1585
1585
1585
1602
1628
1644
1712
1726
1727
1758
1758
1811
1825
1825
1825
1850
1874
1878
1878
1878
1884
1885
1909
1909
1910
1929
1947
1967
1988
1988
1996
1996
1996
2029
2039
2039
2079
2086
2086
2106
2106
2122
2122
2134
2157
2157
2218
2220
2248
2278
2289
2289
2306
2335
2335
2335
2372
2399
2399
2416
2474
2485
2485
2535
2554
2571
2592
2592
2592
2592
2657
2711
2718
2718
2718
2769
2777
2777
2777
2782
2782
2782
2782
2796
2819
2821
2857
2918
2931
2944
3014
3016
3066
3119
3119
3119
3119
3119
3150
3150
3227
3237
3237
3291
3291
3375
3389
3396
3396
3429
3465
3481
3481
3506
3514
3523
3548
3550
3568
3611
3615
3624
3634
3637
3658
3659
3659
3686
3686
3699
3750
3750
3762
3786
3793
3822
3822
3822
3841
3841
3869
3869
3919
3947
3956
3960
3960
4036
4036
4036
4082
4086
4086
4105
4163
4165
4171
4225
4238
4245
4262
4262
4262
4262
4315
4342
4342
4342
4355
4453
4458
4458
4459
4481
4481
4481
4481
4491
4512
4512
4524
4575
4579
4600
4663
4682
4719
4759
4793
4793
4793
4793
4793
4793
4847
4856
4856
4893
4897
4988
4998
5034
5050
5096
5121
5128
5128
5146
5151
5157
5195
5209
5214
5252
5252
5252
5252
5278
5324
5329
5329
5347
5347
5354
5409
5409
5441
5441
5444
5473
5473
5473
5482
5482
5492
5492
5494
5518
5520
5532
5537
5599
5599
5599
5614
5626
5626
5629
5663
5682
5719
5788
5788
5798
5808
5808
5814
5814
5853
5922
5922
5922
5928
5969
5980
5980
5998
6001
6002
6015
6027
6051
6056
6060
6060
6068
6068
6084
6122
6140
6198
6235
6274
6274
6274
6288
6288
6297
6386
6392
6392
6427
6427
6487
6540
6567
6567
6590
6625
6633
6633
6633
6636
6652
6690
6693
6718
6778
6778
6778
6778
6792
6811
6811
6811
6854
6854
6882
6908
6925
6937
6969
6969
6979
6979
6979
6981
6981
6981
6981
7009
7016
7016
7016
7016
7078
7082
7082
7101
7101
7108
7138
7168
7195
7216
7269
7271
7289
7301
7301
7301
7301
7324
7387
7397
7424
7435
7468
7496
7496
7496
7512
7520
7533
7533
7548
7553
7556
7558
7571
7578
7602
7602
7625
7658
7678
7697
7702
7702
7709
7709
7711
7803
7837
7837
7876
7876
7909
7927
7949
7970
7970
7971
7971
7973
7986
7986
8006
8030
8047
8047
8107
8113
8129
8129
8151
8173
