1
69721359
69422548
69633558
69382942
69585842
69456672
69365932
69356240
69315625
69594158
69447597
69324815
69058077
69531183
69233965
69429175
69548349
69338107
69524485
69480540
69439193
69241061
69228626
69284385
69243556
69505164
69728687
69434188
69679141
69201340
69422842
69681821
69399489
69252013
69519903
69513798
69497570
69459324
69308681
69441040
69288727
69332091
69840615
69694708
69685689
69651869
69710776
69426856
69799779
69405040
69605756
69475184
69546431
69536506
69505016
69271047
69513630
69239711
69360576
69640891
69635152
69647536
69686752
69909872
69636377
69434677
68973973
69471919
69546283
69566175
69567480
69713374
69415018
69387396
69445268
69415196
69254803
69412649
69581076
69347792
69594604
69370757
69693865
69581563
69462769
69290650
69823520
69556677
69410154
69699651
69117791
69291783
69773491
69599312
69466602
69408595
69018509
69522846
69162916
69679216
69183682
69562936
69349835
69678212
69556288
69533423
69951502
69347993
69414200
69481648
69476145
69450398
69226544
69300472
69329049
69476006
69719338
69332079
69350287
69583117
69172569
69541108
69285231
69491806
69560487
69273918
69387620
69628258
69440896
69958483
69171696
69278243
69520202
69521029
69339474
69618216
69573584
69459986
69306490
69425540
69269478
69523105
69686278
69717178
69553444
69715889
69673308
69568170
69469866
69352431
69702474
69594984
69415232
69319613
69304246
69368204
69765313
69170837
69644272
69203276
69554318
69499464
69572093
69765093
69517995
69343167
69490542
69633445
69579470
69746625
69634964
69280949
68959140
69174606
69594584
69695437
69436359
69382984
69845604
69418020
69414748
69276779
69332178
69386599
69299499
69903244
69585382
69575025
69413291
69658314
69661781
69719982
69517334
69670437
69476760
69573435
69705539
69648136
69615819
69282268
69258430
69432545
69518730
69693791
69435512
69735142
69765066
69856230
69623617
69393955
69280270
69850870
69554477
69838788
69533659
69487503
69236176
69421019
69444222
69385813
69745865
69629059
69444956
69757184
69284426
69870056
69755107
69535314
69378275
69785274
69419023
69666951
69228665
69265184
69616071
69460004
69322342
69903986
69261493
69413443
69338018
69667608
69393233
69643531
69332430
69632873
69573759
69487427
69492003
69628071
69710513
69311567
69566225
69308897
69723961
69477486
69307799
69590445
69869463
69662114
69834060
69213103
69711836
69450963
69271438
69539458
69425793
69394205
69387289
69516130
69409934
69560625
69238401
69424642
69639747
69467761
69328764
69638880
69323568
69485514
69500433
69687304
69243240
69413431
69134394
69255957
69746378
69555616
69259558
69634162
69727652
69521975
69538154
69421405
69745107
69634490
69140369
69307321
69258935
69675754
69328806
69433509
69634066
69474774
69605701
69218450
69457076
69153557
69207042
69489469
69401180
69466393
69461651
69310453
69383901
69395664
69446292
69626551
69467360
69684841
69489791
69738059
69594012
69771457
69757935
69411828
69520739
69543502
69856731
69632718
69874326
69596147
69249656
69855537
69438132
69674518
69481455
69574964
69461661
69774972
69591441
69421068
69354652
69257418
69479022
69708218
69439493
69722778
69775278
69812430
69533805
69370235
69107264
69553296
69733777
69576500
69281473
69852970
69451704
69254637
69449467
69552407
69277556
69165364
69281611
69694607
69627895
69647204
69253538
69671706
69515418
69378996
69520439
69276127
69420641
69207368
69326951
69635676
69553018
69610996
69525372
69169175
69292535
69721708
69480640
69285698
69575606
69470963
69401024
69527833
69474476
69502621
69688397
69589639
69365002
69366050
69427965
69263399
69323095
69223355
69489598
69519413
69644924
69097965
69536902
69340137
69431717
69204097
69752061
69403334
69806613
69318524
69191315
69584807
69392568
69467483
69670790
69630054
69489774
69416373
69540888
69455644
69498337
69388687
69623116
69367380
69695542
69454441
69561144
69638498
69292349
69596614
69536820
69326428
69470301
69681333
69479818
69570097
69608122
69478328
69487100
69650363
69309102
69533974
69950966
69378729
69506230
69550174
69480766
69445849
69727900
69348109
69607731
69626193
69398703
69687264
69730112
69389650
69271287
69568523
69423795
69583050
69472857
69189057
69555723
69466242
69429470
69269412
69741361
69572524
69524120
69391530
69612026
69690243
69458081
69372325
69662131
69161294
69780271
69670798
69272441
69500097
69691787
69629011
69752753
69420405
69683194
69555166
69307701
69458495
69459508
69351493
69185286
69542015
69578970
69541145
69152472
69606042
69430740
69632342
