1
89611499
88913798
88656235
89770472
89105972
89121310
88792904
88937422
88781646
89112092
88585853
88530604
88499074
88798014
89273360
88795695
88728594
89301874
88430315
88766645
88964692
88453017
89006254
88693261
88654827
88745638
89066429
89281673
88238558
88888793
89050854
88820342
89267596
89316991
88297337
88571852
89073143
89160177
89437746
88974666
88909580
88391305
89134917
88289103
88299586
88493249
89090247
89064254
89115009
89186887
89095906
89338576
88531904
89308053
88512102
88693964
88889091
88516600
88968703
88778894
88983695
89012420
89019428
88785348
88648405
88813734
89277218
89011176
89247933
88773974
88629387
88667641
88446137
89077835
88711657
88665760
88931668
89714668
88899823
89076945
89340136
88772015
88776733
88976535
88997663
88741247
88847323
89135031
88610381
88813425
88833220
88857303
88864902
88839622
89661972
88783038
89303284
88894193
89149516
88617154
88458520
89088156
88818777
88790926
89133469
88639422
88975675
88352377
88889501
88744042
89165359
88883899
88885963
88825480
88430439
89295707
89467107
88708192
88414036
89220813
87812866
89005977
89106512
88871915
88652902
89331923
89403812
88925101
89024385
89189808
89099464
89132943
88964749
89053016
88831567
88138261
88643519
88801092
88420231
88732306
89386531
88537931
88592327
88482200
89131141
88810973
88971600
88571064
89048923
88930398
88989030
88450425
88780791
89364960
88870663
88393493
89036360
88542443
89064619
88514922
88614160
89489875
88271902
88394108
88997890
89009960
89016678
89309530
88014398
88394790
88959959
88755472
88856576
88929643
88935648
88678420
89212014
89543321
88533774
88920200
89011498
89245613
89101492
88216518
89113658
88887119
88438867
88968559
88882759
88389653
88717789
89070211
89104899
89292288
88871245
89255067
88561463
89023510
88294440
89566380
89090614
88967276
89091135
88434785
88660588
89293847
88333002
88475505
89251704
89131177
89326837
89310298
88744241
88638229
89325495
89152662
88230384
89481638
89127992
88405538
88949494
88710376
88290246
88900318
89247084
88298678
88761085
88513528
89371179
88585360
88951584
88713428
88516754
88538109
88879542
88340613
88951248
89462027
88967442
88964388
89307785
88564312
88383834
88381535
89271667
88579611
88739201
88728892
88483398
88912857
88743328
88550413
88527268
88265117
88481006
89418039
88240002
88762538
89192548
88656364
89246894
88884102
88826970
89444108
88675113
88378023
89478335
88789642
88836606
88286581
88773891
88652066
88330376
89268746
89155254
89084382
88913335
88745679
88850432
89149464
89381473
88898520
88877024
88091276
89023762
88463038
88957078
88294184
88846785
88861725
88860119
88728152
88995969
88842188
88571726
88734062
88424413
88668735
88532386
89357511
88641712
88791615
89171060
88606678
88436004
88598189
88942876
88446680
88175983
89624491
88985238
88471270
88929912
88894830
88521714
89017590
88817965
89208301
88876562
88851280
88722386
89239906
89034071
88765094
88807500
89255431
88740768
89045013
88874716
88497516
88934265
88421315
88734841
89555350
88140231
88661335
89248584
89072023
88790070
89171139
89471457
88616324
88874638
88832551
89025991
89272350
88792074
88870854
88929195
89110987
88861111
89758854
88875851
89025421
89227249
88704449
89386276
89281065
88428101
88969937
88830278
88945640
89182450
89033948
88992115
88908856
88737620
88166356
88786696
89027043
88915831
88538915
88741845
88972791
88829060
88064703
89176828
88877720
89038258
89197807
88839241
89331576
88796911
89212736
88596630
89145522
89262179
89451089
89284691
88878261
88435676
89267378
89037785
89068903
88691871
89106064
88901243
88003305
88973568
88640622
88895392
88465093
88652306
88504261
89034765
88449703
89061109
88426968
88580831
89084332
89212964
88852806
88813360
88994562
88984200
89353733
89149821
88854539
89123024
88508789
88747805
89053300
88622268
89061224
88572339
89670152
89555761
88524423
88527160
89196499
88617653
88348889
88229117
89123436
88591378
88632692
88473273
89075237
89247417
88664309
88496284
89251218
88254225
89028983
89097367
88548947
88728124
89294423
89357031
88742601
89116309
89007826
88940374
89005725
88768391
88555000
88946584
89009214
89012361
89103165
88800183
89047166
88436430
89140031
89253456
88943071
88775151
89249349
89072325
88428777
88676714
89352405
88976634
88641572
88028369
88457811
89207977
89646627
88766385
88789637
89471184
88294318
88206117
89047220
89003918
88872917
88694194
88814779
89203938
88832221
89166359
88914064
88596182
88733547
89241182
89148414
88765798
89324338
89029469
89377761
