0
0
0
0
16
18
18
18
18
18
26
28
40
70
70
70
70
70
70
70
70
77
77
90
93
96
96
105
105
105
105
105
105
105
105
105
105
105
105
105
105
121
122
122
124
124
124
137
151
166
175
200
207
212
212
212
212
212
212
239
243
243
247
261
275
275
279
283
291
291
291
291
291
291
291
291
291
291
294
304
318
328
337
341
341
341
341
341
372
388
388
389
389
389
401
410
421
421
421
421
421
421
421
421
427
435
435
454
458
466
466
466
468
469
469
472
474
478
504
506
512
520
520
520
520
520
540
545
545
545
545
545
545
545
545
553
557
557
557
557
557
557
577
580
605
635
635
635
635
635
635
635
636
673
673
682
684
701
701
701
714
716
716
716
716
725
725
725
725
726
726
734
734
734
734
735
738
738
738
738
738
738
780
785
785
787
787
789
789
789
789
789
798
803
803
817
817
820
833
839
839
842
842
842
842
842
844
844
844
852
861
861
866
868
880
901
901
901
901
907
936
936
936
936
950
951
951
951
951
951
951
951
951
951
951
956
994
1004
1032
1060
1077
1078
1111
1111
1111
1111
1111
1124
1133
1162
1162
1162
1162
1162
1179
1182
1182
1182
1182
1190
1190
1190
1190
1190
1190
1190
1190
1190
1195
1195
1207
1213
1213
1213
1213
1213
1214
1222
1222
1239
1244
1244
1244
1244
1244
1244
1244
1248
1248
1274
1274
1280
1284
1290
1290
1295
1303
1303
1303
1307
1318
1318
1321
1349
1349
1349
1365
1367
1375
1381
1381
1381
1381
1399
1428
1428
1428
1428
1439
1442
1442
1442
1442
1442
1442
1442
1442
1442
1447
1462
1488
1499
1502
1534
1536
1566
1586
1586
1586
1586
1586
1586
1597
1629
1629
1629
1639
1639
1675
1676
1676
1676
1690
1699
1705
1705
1705
1705
1705
1710
1719
1721
1745
1745
1745
1745
1745
1745
1745
1745
1745
1745
1745
1768
1768
1768
1768
1768
1778
1778
1778
1778
1778
1786
1786
1804
1815
1818
1818
1818
1839
1839
1839
1851
1851
1851
1854
1875
1875
1875
1890
1891
1897
1901
1901
1901
1901
1916
1923
1923
1923
1926
1965
1967
1967
1967
1973
1973
1973
1973
1973
1973
1973
1978
1990
1999
2002
2029
2046
2059
2074
2091
2091
2091
2091
2091
2091
2105
2105
2105
2109
2115
2153
2158
2174
2177
2199
2210
2210
2210
2210
2210
2210
2216
2224
2226
2245
2245
2245
2245
2245
2266
2266
2266
2266
2266
2266
2284
2284
2284
2284
2284
2293
2293
2293
2293
2293
2293
2293
2293
2294
2294
2299
2300
2318
2318
2318
2322
2329
2329
2329
2333
2336
2370
2391
2391
2394
2394
2394
2394
2394
