1
68864002
68908071
68653736
68519761
68446190
68405817
68400366
68421112
68718099
68583198
68603288
68552519
68765299
68660258
68362631
68622659
68536972
68220018
68290852
68141032
68330830
68778346
68450326
68665489
68508457
68455617
68601957
68504107
68484931
68709099
68431698
68116752
68378029
68380935
68588144
68587029
68023326
68123993
68564070
68647702
68278192
68596005
68619043
68211935
68543020
68486084
68521100
68612151
68680551
68486993
68446203
68542467
68490049
68290176
68585744
68639771
68218936
68363173
68489861
68824574
68360460
68691950
68430629
68696101
69159095
68575219
68665891
68397712
68608823
68071943
68381406
68153986
68126964
68527275
68478559
68593480
68642871
68574594
68674730
68511186
68459910
68459912
67981419
68538580
68633896
68456426
68246959
68461202
68108976
68343464
68619008
68468056
68307415
68511954
68420960
68076078
68231242
68641520
68411461
68800891
68316850
68681946
68431663
68215655
68341951
68592024
68764060
68296734
68465975
68764427
68721103
68831970
68569053
68512212
68324805
68456242
68461905
68752915
68320656
68263053
68690942
68641233
68360222
68573888
68634286
68439695
68514294
68455592
68411778
68845210
68447728
68507624
68413544
68675436
68720269
68179793
68195420
68526185
68833867
68544358
68839479
68494879
68340232
68458808
68328154
68261602
68464084
68218297
68573805
68805055
68474472
68174411
68252965
68748695
68353842
68674983
68567702
68495403
68412112
68180949
68600261
68630495
68511034
68387052
68334127
68709443
68590718
68583823
68295491
68544243
68600845
68718289
68832203
68498295
68618181
68501584
68252232
68553871
68177603
68460626
68692205
68245358
68370305
68760646
68719575
68441305
68273479
68605409
68511788
68455251
68577641
68534504
68644293
68498395
68532180
68563553
68442136
68596016
68538217
68664239
68287502
68346306
68458891
68400791
68209434
68491785
68161333
68440690
68545230
68871420
68679022
68550362
68314218
68154657
68688016
68673139
68074316
68396832
68596996
68573895
68754417
68094175
68905525
68291983
68467110
68158781
68461148
68635033
68751210
68470805
68483247
68383562
68655685
68380765
68667823
68693126
68539686
68742069
68335297
68379931
68498486
68872379
68653345
68682871
68310470
68689204
68425110
68393889
68715457
68434470
68792858
68565689
68433640
68430053
68444560
69047461
68801885
68327564
68261109
68526964
68296655
68668186
68707171
68535710
68341099
68323430
68551524
68428674
68639231
68609914
68482394
68683110
68711716
68388835
68641168
68584840
68431597
68122393
68511795
68541519
68320458
68468165
68424766
68346006
68736763
68507188
68187653
68398599
68279835
68168019
68618038
68293779
68407634
68133345
68682313
68672807
68546782
68291089
69012421
68376736
68440143
68485811
68203880
68797676
68339373
68178947
68527113
68407442
68597855
68371677
68578477
68498594
68022390
68212880
68412925
68199243
68503473
68452210
68368067
68759295
68410885
68557824
68187979
68320016
68660623
68418068
68325339
68140382
68681808
68198825
68792467
68749167
68452418
68514151
68780914
68559658
68547754
68157045
68929453
68412977
68613854
68396391
68532784
68509170
68747950
68051306
68463700
68487629
68940660
68422471
68735418
68797554
68379561
68661670
68830618
68401001
68024262
68542619
68314159
68421796
68438360
68605480
68393042
68486215
68188656
68072914
68385630
68631157
68768421
68717544
68639172
68548774
68515837
68169139
68271038
68131976
68399575
68693409
68456359
68282345
68648514
68497860
68599134
68527868
68685752
68620444
68349868
68382762
68337723
68815181
68612162
68024412
68499624
68519672
68690120
68201331
68457276
68378111
69018629
68243105
68625006
68769804
68187427
68549800
68637934
68668288
68444422
68235957
68835403
68446642
68535536
68657485
68532593
68712898
68412273
68940705
68328440
68941125
68708208
68445489
68430629
68448819
68457354
68430203
68540749
68609361
68523512
68623308
68145112
68469656
68157859
68277422
68339824
68390611
68594496
68403451
68438647
68726907
68504414
68253715
68848869
68107563
68409725
68537637
68488020
68165985
68674395
68962023
68417510
68629290
68905379
68649380
68756964
68587734
68682419
68740791
68334425
68554696
68278800
68672276
68852055
68518738
68387541
68339799
68168761
68243176
68410948
68296514
68347702
68462444
68415396
68341419
68482272
68754218
68362976
68503284
68336473
68856434
68495005
68765294
68223479
68231102
68904302
68293429
68214430
68630646
68605537
68807475
68419454
68625028
68394302
68198802
68322132
68243406
68149900
68362187
68214249
68524686
68865870
68734381
