0
678
1382
2067
2721
3333
3958
4581
5157
5825
6440
7011
7581
8159
8799
9380
10000
10666
11271
11922
12512
13073
13658
14207
14775
15361
16042
16658
17236
17849
18505
19159
19769
20365
20958
21541
22218
22845
23469
24105
24745
25385
25978
26564
27172
27830
28432
29068
29694
30340
30951
31608
32242
32854
33482
34165
34767
35394
36035
36699
37307
37907
38538
39172
39759
40375
40928
41466
42071
42667
43272
43879
44506
45123
45779
46391
46981
47565
48149
48852
49469
50057
50656
51322
51898
52480
53153
53694
54286
54936
55517
56122
56674
57320
57926
58571
59162
59802
60411
61081
61645
62186
62788
63379
63986
64586
65167
65807
66415
67051
67643
68289
68817
69496
70050
70690
71296
71927
72501
73025
73672
74232
74870
75422
76005
76633
77253
77856
78484
79100
79759
80379
80994
81602
82228
82800
83420
84060
84706
85323
85914
86582
87230
87841
88408
89041
89624
90221
90825
91541
92153
92803
93420
94104
94747
95380
95977
96596
97280
97899
98492
99101
99692
100316
100923
101599
102286
102885
103456
104130
104771
105345
105968
106559
107193
107813
108442
109064
109707
110275
110962
111573
112163
112775
113384
113963
114546
115224
115775
116397
117013
117634
118295
118928
119558
120177
120772
121416
122061
122650
123283
123916
124586
125184
125809
126445
126996
127563
128169
128755
129339
129919
130551
131180
131782
132389
133006
133607
134244
134873
135510
136130
136737
137344
138018
138639
139279
139853
140479
141091
141729
142356
143013
143654
144233
144809
145422
146049
146638
147293
147917
148571
149157
149843
150471
151073
151596
152205
152849
153476
154117
154730
155337
155955
156614
157257
157840
158454
159067
159705
160304
160960
161540
162119
162732
163318
163927
164572
165192
165802
166428
167057
167729
168337
168952
169590
170236
170869
171497
172127
172743
173434
174018
174667
175312
175959
176565
177251
177856
178444
179090
179702
180306
180928
181522
182077
182682
183313
183926
184576
185177
185808
186471
187082
187670
188274
188900
189464
190138
190742
191364
192012
192588
193209
193864
194474
195094
195709
196359
196962
197636
198218
198863
199456
200140
200769
201364
202025
202622
203233
203879
204474
205123
205734
206386
207007
207605
208270
208895
209518
210161
210820
211417
212095
212795
213384
214044
214636
215243
215789
216424
217081
217689
218311
218880
219538
220113
220731
221376
221994
222544
223150
223713
224357
225030
225602
226268
226914
227582
228211
228846
229459
230028
230595
231227
231834
232426
233035
233587
234236
234894
235510
236076
236679
237279
237954
238581
239238
239861
240500
241163
241716
242337
242923
243487
244100
244767
245383
245985
246547
247178
247789
248455
249074
249745
250424
251013
251607
252209
252861
253514
254109
254700
255404
256062
256662
257244
257828
258464
259086
259716
260347
260983
261619
262288
262948
263559
264199
264811
265429
266042
266689
267323
267927
268523
269209
269826
270422
271025
271703
272284
272883
273500
274095
274656
275287
275905
276510
277114
277733
278384
278995
279606
280178
280805
281424
282040
282623
283193
283795
284406
284976
285597
286186
286831
287485
288034
288621
289167
289822
290412
290994
291635
292272
292873
293508
294083
294726
295330
295974
296609
297193
297786
298410
299040
299679
300246
300910
301581
302171
302819
303409
303976
304581
305176
305760
306448
307072
307754
308397
309001
