0
0
0
0
0
1
10
32
32
32
33
33
33
33
33
49
93
93
93
93
93
93
102
149
151
163
189
191
212
212
212
212
212
212
228
228
228
228
240
240
255
255
256
256
256
256
256
286
286
286
305
305
305
305
305
305
305
305
306
306
307
307
307
307
307
307
307
307
307
307
307
308
321
321
321
321
321
321
321
321
321
321
346
362
362
362
377
377
377
404
429
451
481
484
495
495
495
495
497
510
535
570
570
570
570
570
570
570
570
598
625
625
625
625
625
625
625
680
680
696
696
715
715
715
715
715
715
729
763
763
763
784
784
784
789
790
790
790
790
806
806
815
830
830
868
868
868
868
868
868
868
868
868
868
877
877
877
877
877
877
877
877
877
877
877
877
877
877
877
877
877
877
877
877
877
884
918
959
959
962
962
962
962
995
1025
1039
1061
1079
1091
1091
1091
1091
1091
1091
1115
1158
1158
1158
1179
1182
1182
1182
1206
1256
1273
1273
1273
1273
1273
1273
1273
1296
1296
1318
1318
1349
1356
1356
1356
1356
1356
1356
1356
1356
1356
1358
1373
1373
1373
1373
1373
1373
1373
1373
1373
1373
1388
1393
1393
1393
1393
1393
1393
1397
1397
1397
1397
1398
1425
1425
1425
1425
1425
1425
1425
1425
1425
1425
1425
1429
1438
1438
1438
1438
1438
1438
1438
1438
1438
1438
1504
1537
1537
1537
1541
1541
1541
1556
1579
1579
1580
1604
1626
1627
1663
1663
1663
1663
1696
1755
1758
1758
1793
1795
1813
1813
1820
1855
1861
1861
1861
1861
1861
1861
1873
1881
1881
1881
1881
1881
1881
1881
1881
1881
1881
1881
1881
1881
1881
1881
1881
1881
1881
1881
1881
1881
1881
1887
1887
1887
1893
1905
1911
1911
1911
1911
1911
1911
1911
1911
1911
1930
1955
1958
1979
1982
1982
1982
1982
1982
1982
1982
1982
1990
1998
1998
1998
1998
1998
2001
2001
2001
2001
2004
2051
2056
2056
2056
2074
2074
2075
2081
2100
2100
2118
2118
2139
2142
2167
2167
2170
2170
2179
2211
2217
2217
2219
2219
2235
2237
2264
2264
2264
2264
2264
2264
2269
2269
2298
2309
2309
2309
2309
2309
2309
2309
2309
2309
2309
2309
2309
2309
2309
2309
2309
2309
2309
2309
2309
2309
2309
2309
2309
2309
2309
2320
2320
2320
2320
2320
2320
2324
2324
2324
2324
2354
2354
2365
2404
2404
2404
2415
2468
2468
2468
2468
2468
2469
2476
2476
2497
2497
2497
2508
2513
2513
2513
2513
2543
2569
2569
2569
2569
2569
2577
2598
2617
2617
2642
2693
2707
2751
2752
2752
2752
2752
2757
2807
2807
2807
2807
2814
2815
2853
2870
2884
2884
2884
2884
2884
2909
2914
2933
2938
2938
2938
2938
2938
2948
2948
2948
