1
73006797
72469562
72602163
72797117
72579082
73081728
72830563
72888571
73230884
72987417
72901758
72745201
72975329
73274524
72845481
72827783
72960630
73059210
72739762
72834885
72986726
73493167
72675677
73072210
73073754
72853204
72818883
72980722
72965333
72433854
72943558
72585063
72740031
72715224
72830062
73141417
73417445
72516584
72974816
72700864
73381974
72948437
72803487
72660254
73085910
73160727
72588146
72698798
72881191
72791644
72496233
72668017
72768422
72980168
72803481
72615398
73029174
72668252
72788378
72675067
72873152
72886937
72716549
72850034
72749259
72985719
72943963
72673868
73168873
72789880
73004192
72964816
72797359
72918231
72828923
73214757
73057889
72877417
72642266
73111701
73340840
73038033
73044104
73015132
73111093
72921944
72953127
72445433
72925901
73034496
72993558
72775876
72700458
72819233
73151000
72730627
72470866
72865480
72743297
73124580
72964595
73138696
73169635
72684634
73171665
72587763
72788998
72795189
72507804
72698637
73212156
72705232
72423304
72743624
72707063
72701957
72865280
72762149
72994586
72924261
73086477
72966607
73018601
72780978
72766751
73056672
72801817
72979057
72943391
72846226
72711436
73125440
72956310
72499077
72839421
73075122
72631878
72855908
72877316
72917729
73079484
73011994
73017355
72616769
72788368
72461736
72647828
72707116
72464767
73026793
72861106
72882403
72757771
72719492
73113919
72657489
73015064
72358155
72602123
72614882
72772307
72954503
73217801
72220073
72750650
72555845
73052082
73113888
72598131
72402335
72597043
72673043
73277617
73097219
72874166
72894682
72916633
72716738
73055799
72629343
72842154
73004746
72791616
72981388
72749576
73149129
73036374
72717467
72817306
73222633
73142588
72569184
72988548
72770159
72988673
72946388
73242434
72680341
72941396
72769718
73345412
72778499
72895902
72804754
73231204
73082600
73071919
73090004
72990020
72724009
72635683
72919384
72720455
72887232
72839916
73024490
72513146
72677056
73031944
72699931
72873777
72562495
72851149
72750266
72826801
73145464
72841411
72806784
73128342
72943992
72558137
73074697
72658363
72536751
72797822
72425614
73050089
72880990
73074422
72477514
72633888
73068124
73010803
72911494
72787011
73090980
72660866
72790312
72631510
72712977
72731228
72748489
72844665
72525160
72892366
73187397
72612869
72451017
72717167
72978620
72764084
72515753
72698805
72674762
72651529
72689710
72882824
72915989
72706309
72977419
72963285
73312802
72443854
72581640
72928809
72695736
72487548
72604505
72859038
72778897
72552311
72815017
73106083
72881175
72513703
72870580
72827907
72919340
72777963
72973274
72880204
72425205
72532614
73025758
72979851
72918974
72439380
72692051
73430257
73056451
73211561
73052168
72699761
72562518
72869343
72765684
73013418
72505070
72524330
72818045
72809080
72867974
72718579
72978145
72787568
72795460
72836274
73002032
72690604
72883848
72832690
72623955
72638542
72757920
72968491
72970684
72832132
72739687
73022813
72973149
73083661
72715307
73095165
73064292
72641798
72531443
73082204
72934247
72514570
72896601
72891947
73130020
72879125
72921014
72878748
72900055
72971424
73157694
72539174
72538503
72963902
73017710
73110549
72804140
73156997
72998562
73145412
72910866
73099232
72987767
73052435
73005234
72834524
72766638
72956283
72865044
73068285
72649881
72495094
72844822
73057706
72814778
73221141
72974881
72773207
72886449
72638605
73050029
72903921
73331158
72887047
72816092
72730049
72916179
73032101
72790325
72837421
72979229
72848967
72883318
72667458
73215255
72819857
72484393
72912908
73172275
72905655
72959711
72687288
72671225
72946257
72734300
72994578
72754929
73031448
73050926
72613638
72503502
72700589
72872032
72495367
73016496
73008954
72461652
72790234
73063133
72563026
72758840
72759700
72708158
72790312
72854099
72963440
72445208
73394398
72722453
72961536
72586998
72868817
72874918
73102784
73034168
73109779
72798944
72808838
72700411
73032561
72845204
73260871
72972916
72904946
72945146
72599822
73278151
72811814
72915713
72837149
72492185
72770154
73137406
72897611
72704415
72702529
72449087
72667530
72667699
72953258
72664767
72973933
72944419
73070644
72477157
73219111
72419366
72770887
72927974
73239305
72972614
72668830
72809588
72520332
72823862
72794721
72957864
72939693
73152855
72814473
73092902
72677077
72914120
72468123
72535527
72631417
72922850
73000813
72701808
72835145
72500705
73050407
72798441
72844398
72524041
72749734
72531694
72964389
72693719
72548812
72732508
72953720
72744839
