1
87896602
87273336
86476671
87449122
87310260
86876166
86440528
85399359
87471392
86598568
86924772
86922533
86299798
86177229
87214973
87556980
87797177
86563658
85880334
87657996
86111119
87061988
87054583
86549682
86720032
85590629
86800236
86615659
86486522
87901125
87807820
88423073
87278368
86567135
87110003
87153885
86256707
85804511
87182261
86303878
87637429
87610789
86980499
87571465
86473841
87627156
87118631
86007214
87708161
86979180
86860243
86591377
86946308
86505599
86007833
85941171
87311944
87326360
86611363
87212400
85096050
87227191
87704556
87019728
87609748
86544509
85601770
87017324
86678986
85659672
85803239
87025307
86924115
85875125
85408392
88293511
85988166
88586748
87017080
86540239
86733111
86596000
87389308
87141479
86134897
86686286
87057685
86474866
86682004
86455564
87033965
86887854
86463013
87338003
87465713
86388388
86427471
87054057
87079275
87465741
