1
77735337
77816177
77555584
77828479
78016612
77843488
77837799
77514623
77623479
77656758
77974780
77840948
77593805
77841903
77819204
77882517
77774816
77361362
77846518
77715916
77457794
77712260
77830146
77850703
77599378
77644725
78485611
77369750
77873744
77319496
78391498
77848051
77870255
77428308
77464787
77477407
78237314
77793710
77801376
77936662
77558776
77845309
77858193
77231323
78059185
78122165
77836854
77643353
77820179
78068315
78079856
77724607
77608413
77896733
77864318
77537875
77989113
77517624
77629965
77973397
78048013
77696490
77616817
77649958
78117082
77838002
77640059
77476976
77916075
77727242
77575763
77747592
78226699
77540290
77714808
78070995
77616797
77712745
77626209
78193354
77458637
78067999
77949755
77913419
77750274
77434878
78168542
77752697
77439645
78039450
77809122
78157274
77604715
77553547
77619483
77971338
77483935
77088064
77976155
77267362
77428691
77619025
77948999
77264152
77513546
77835077
78044996
78045131
77841430
78111316
77323024
77925554
77638376
77656760
77635828
77649371
77789959
77840414
78020246
77907972
77571077
77497562
77849878
78099877
78006015
77461199
77609524
77946280
77825735
77940266
77951613
77398669
77776683
78088418
77871181
77689933
78025754
77905667
77989213
77488218
77759014
77962618
78051887
77920919
77560475
77752267
78188574
77585456
77530392
77553974
77919018
77889305
78006219
78028265
77524375
77292038
77711959
77793195
77770724
78013172
77442238
77828815
78318059
78089657
77952363
77880002
77331480
77423430
77936426
77864930
77845790
77755182
77379586
77238376
77823233
77666061
77944434
77401558
77790827
77640937
77589387
77622578
77674520
77744554
78033121
77705097
77574495
77503196
77846638
77724095
77970429
77723019
78045172
77941532
77902013
77462536
78163261
77573224
77895249
77526071
78018846
77487605
77492028
78081788
77682075
77860094
78046949
77767380
77992474
77499935
77904991
77890523
77185204
77702229
77877481
77709319
78026593
77642605
77909296
77947960
77994843
77540815
77733632
78259871
77779680
78045470
77605759
77923476
77692486
77442301
77624425
77461452
77331752
77902193
78179902
78075698
77903281
77605642
77834402
78083402
77609244
77942007
77599726
77965656
78172412
77743746
78048640
77389731
77583536
77931699
77760285
77707352
77888258
77533928
77751469
77959878
78006414
77224287
77729011
78120992
78002128
77682675
77823985
77698992
78255441
77631384
77863943
77578514
78106078
77944358
77469113
77331925
77512909
77892070
77743924
77926245
77828603
77424657
77568850
77702422
77628447
77375946
77375883
77755859
77374731
77795898
78022242
77738202
78277019
77853010
77831777
77539479
77680979
78024732
77754270
77905837
77981231
77893166
77745840
77387151
77737692
77502705
77960959
77917609
77810371
77586504
77400210
78236731
78031946
77816236
77875338
77823191
77738290
78094925
77393865
77332006
77591734
77630415
77888480
77374026
77891134
77535951
77690041
77760685
77743470
77410699
78160492
77474448
77565440
77985323
78629969
77652884
77471141
77763786
77326708
77724526
77600146
77868019
78004041
78243900
77736303
77968824
77690975
77838252
77717557
77606658
77560161
77860429
78039089
77354248
77804563
77420950
77817256
77509811
77693298
77722050
77781357
77549856
77661329
77628471
77492851
77831061
77744794
77532366
77555579
77966262
77844118
77821392
77994080
77821314
77907488
78094682
77661261
77579287
77354114
78122081
77671594
77810281
78245784
77991536
77914701
77589198
77711022
77874041
78091083
77623562
77343452
77836362
77780088
77742274
77637253
77350716
77865460
77595682
77994418
77747733
77766302
77807181
77324269
77875525
77644571
78045867
77478682
77634353
77993752
77634696
78104717
77503137
77836118
77936357
77637582
77612147
77533522
77913930
78267908
77924590
77591989
77788143
77736046
77585096
77731897
77725191
77971207
78076094
77641588
77668259
77831795
77402888
77665940
77841256
77695466
77618136
77526362
77576383
77543704
77614410
77950709
77914892
77945567
78104268
77886934
78152664
77669543
77707709
77658443
77743244
78140563
77850002
77749299
77629049
77170628
77569433
77413242
77463002
77586200
77669823
77633636
77868591
77495239
78096968
77395688
77945334
77661204
77701477
77565447
77531375
77803344
77388501
77812900
78139236
77977587
78238967
77988050
77339690
77696145
77993679
77600735
78273721
77735782
77375291
77561856
77850808
77639959
77911052
77762358
78157742
78072148
78304171
77694823
77948030
78025864
77745407
77512018
77651374
77832287
77889758
77516795
77797287
78202936
78063833
