0
0
1
9
9
11
11
21
44
50
50
50
63
63
76
82
88
88
99
100
112
112
124
126
126
126
138
155
160
160
169
169
176
180
194
194
194
194
194
194
204
204
221
224
224
224
224
224
224
224
226
226
226
226
226
227
227
233
235
235
235
235
236
238
238
238
238
238
241
255
255
255
255
255
255
265
265
265
275
287
289
297
318
318
318
329
355
355
355
358
359
368
370
370
387
387
388
403
405
405
405
409
428
443
443
443
447
447
457
469
481
481
502
525
533
554
556
556
561
561
570
594
594
594
600
609
611
632
637
645
645
645
651
651
672
672
685
685
685
685
688
694
702
702
702
702
702
710
710
710
710
718
727
727
727
727
727
727
743
743
743
743
743
744
744
744
744
744
744
746
746
746
746
756
756
756
775
778
778
787
809
809
809
809
809
809
816
819
830
830
839
841
841
841
841
841
859
880
880
880
880
880
887
896
914
916
921
935
937
946
946
946
946
946
952
961
961
961
969
977
977
989
989
991
991
991
997
997
1022
1022
1025
1040
1040
1040
1040
1043
1043
1043
1043
1052
1052
1060
1060
1065
1067
1074
1074
1074
1074
1074
1074
1074
1086
1090
1090
1090
1090
1100
1100
1100
1100
1100
1106
1121
1128
1130
1137
1148
1148
1148
1168
1188
1193
1209
1213
1215
1215
1215
1215
1225
1228
1244
1262
1262
1262
1268
1268
1268
1268
1268
1292
1304
1304
1304
1304
1304
1309
1311
1338
1338
1353
1364
1369
1369
1369
1369
1369
1369
1388
1404
1404
1404
1425
1425
1425
1436
1436
1441
1441
1441
1457
1457
1462
1469
1469
1485
1485
1485
1485
1486
1496
1496
1496
1496
1496
1509
1509
1518
1518
1518
1518
1524
1524
1524
1524
1524
1524
1531
1531
1531
1531
1531
1531
1531
1531
1531
1553
1563
1583
1583
1593
1593
1593
1593
1619
1637
1642
1658
1664
1671
1671
1671
1671
1673
1673
1695
1714
1714
1714
1736
1736
1736
1743
1754
1779
1787
1787
1787
1787
1787
1787
1793
1805
1810
1823
1823
1834
1838
1838
1838
1838
1838
1843
1844
1844
1844
1856
1857
1857
1860
1860
1860
1860
1860
1864
1864
1865
1878
1878
1878
1878
1878
1878
1878
1885
1885
1885
1886
1893
1905
1905
1911
1911
1911
1911
1913
1913
1913
1913
1913
1924
1926
1926
1926
1926
1932
1932
1932
1938
1938
1952
1976
1995
1995
1997
2001
2001
2001
2016
2028
2028
2037
2051
2059
2059
2076
2076
2076
2076
2106
2134
2134
2134
2160
2162
2170
2170
2175
2193
2194
2194
2194
2194
2194
2197
2210
2212
2212
2212
2212
2215
2215
2215
2215
2215
2215
2215
2215
2215
2216
2222
