0
0
0
0
0
0
0
0
0
0
0
0
0
0
0
0
0
0
0
0
0
0
0
0
0
0
0
0
0
0
0
0
0
0
0
0
0
0
0
0
0
0
0
0
1
18
22
37
44
51
51
51
51
51
51
59
77
77
77
77
77
77
77
77
87
93
93
93
93
93
93
93
93
93
93
93
93
93
93
93
93
93
93
93
93
93
93
93
93
93
93
93
93
93
93
93
93
93
93
93
93
93
93
93
93
93
93
93
93
93
93
93
93
93
93
93
93
93
93
93
93
93
93
93
93
93
93
93
93
93
93
93
93
93
93
96
96
96
96
106
106
106
106
111
111
128
128
128
128
137
161
163
163
165
166
176
176
182
198
199
199
199
199
199
199
199
199
199
199
199
199
199
199
199
199
199
199
199
199
199
199
199
199
199
199
199
199
199
199
199
199
199
199
199
199
199
199
199
199
199
199
199
199
199
199
199
199
199
199
199
199
199
199
199
199
199
199
199
199
199
199
199
199
199
199
199
199
199
199
199
199
199
199
199
199
199
199
199
199
206
209
209
209
209
221
227
227
227
227
227
227
227
227
227
227
227
227
227
227
227
227
227
227
227
227
227
227
227
227
227
227
227
227
227
227
227
227
227
227
227
227
227
227
227
227
227
227
227
227
227
227
227
227
227
227
227
227
227
227
227
227
227
227
228
228
228
228
228
228
228
228
228
228
228
228
228
228
228
228
228
228
228
228
228
228
228
228
228
228
228
243
250
272
272
272
272
272
272
272
276
276
276
276
276
278
288
293
293
293
293
293
293
293
293
293
293
293
293
293
293
293
293
293
293
293
293
293
293
293
293
293
293
293
293
293
293
293
293
293
293
293
293
293
293
293
293
293
293
293
293
293
293
293
293
293
293
293
293
293
293
293
293
293
293
293
293
293
293
293
293
293
293
293
293
293
293
293
293
293
293
293
293
293
293
294
294
303
303
303
303
303
303
313
313
313
313
313
313
313
313
313
313
313
313
313
313
313
313
313
313
313
313
313
313
313
313
313
313
313
313
313
313
313
313
313
313
313
313
313
313
313
313
313
313
313
313
313
313
313
313
313
313
313
313
313
313
313
313
313
313
328
332
336
336
336
336
336
336
336
351
351
