0
556
1178
1731
2293
2835
3402
3994
4521
5046
5595
6122
6710
7271
7849
8409
8988
9500
10062
10571
11115
11700
12297
12825
13404
13989
14598
15167
15753
16288
16805
17363
17910
18492
19061
19624
20183
20790
21380
21890
22499
23077
23604
24173
24762
25327
25905
26465
26997
27527
28084
28653
29235
29801
30357
30917
31422
31965
32519
33097
33682
34206
34776
35316
35881
36418
36947
37500
38071
38605
39124
39637
40192
40764
41368
41961
42546
43106
43668
44210
44806
45334
45898
46440
47023
47618
48214
48794
49322
49948
50466
51034
51555
52150
52693
53240
53798
54374
54934
55499
56085
56695
57290
57836
58367
58877
59420
59966
60524
61056
61650
62200
62738
63360
63891
64465
64998
65554
66112
66638
67179
67761
68245
68773
69344
69920
70453
71043
71654
72216
72789
73323
73901
74472
75091
75642
76224
76773
77376
77919
78468
78980
79563
80137
80667
81185
81749
82368
82910
83461
84005
84591
85155
85742
86303
86833
87356
87930
88542
89114
89670
90195
90795
91393
91946
92482
93103
93686
94229
94851
95402
95903
96486
97025
97524
98093
98677
99189
99760
100354
100853
101406
101917
102445
103024
103625
104154
104784
105399
105953
106487
107046
107569
108123
108645
109173
109677
110255
110828
111378
111962
112505
113034
113610
114166
114677
115265
115864
116452
116983
117545
118078
118664
119207
119802
120387
120949
121482
122047
122619
123217
123746
124295
124849
125446
126013
126612
127134
127710
128260
128844
129418
129938
130488
131021
131547
132092
132646
133228
133819
134394
134943
135475
136054
136592
137118
137657
138250
138841
139382
139939
140496
141095
141652
142159
142734
143322
143912
144473
145053
145654
146118
146682
147252
147828
148365
148923
149528
150058
150640
151216
151782
152356
152947
153453
154008
154552
155117
155718
156351
156900
157447
158022
158546
159089
159700
160294
160842
161412
161964
162569
163157
163666
164194
164706
165272
165810
166328
166933
167476
168026
168661
169190
169779
170270
170810
171375
171949
172478
173051
173617
174122
174711
175322
175891
176450
176984
177549
178087
178646
179201
179752
180365
180924
181492
182040
182567
183168
183691
184227
184825
185378
185948
186521
187082
187591
188086
188714
189325
189892
190415
190929
191465
192012
192534
193086
193648
194227
194784
195322
195889
196404
196926
197477
198045
198633
199277
199772
200352
200918
201485
202027
202605
203066
203624
204182
204787
205384
205910
206483
207006
207574
208177
208725
209298
209927
210453
211042
211654
212268
212821
213338
213884
214470
215044
215564
216140
216685
217254
217809
218419
218965
219514
220116
220705
221270
221818
222385
222929
223485
224048
224602
225141
225699
226253
226815
227372
227936
228497
229047
229625
230185
230714
231300
231849
232412
232991
233620
234136
234706
235272
235750
236303
236820
237375
237934
238459
239007
239539
240099
240681
241249
241794
242401
242945
243497
244083
244651
245173
245719
246308
246887
247461
248100
248645
249192
249743
250333
250892
251391
252040
252615
253207
253734
254270
254825
255372
255936
256510
257076
257596
258162
258733
259277
259836
260387
260977
261557
262134
262768
263369
264011
264543
265128
265699
266293
266843
267390
267952
268538
269096
269643
270238
270777
271339
271918
272490
273042
273557
274137
274685
275218
275793
276384
276963
277502
278118
278674
279268
279833
280437
