1
48053952
48071484
47981740
48207022
48083578
47884176
47792342
47819062
48081933
48001240
48009524
47992395
47711598
48107564
48044496
47829052
47765848
47860772
47877809
47737229
47712002
47945085
48058692
47915138
47843906
47821349
47996375
47985755
47675364
47750599
47817079
47728816
47636361
47727741
47669681
47844117
47713191
47838857
47732146
47698829
47831445
48043618
47850717
47831636
47880581
47774532
47705020
47836730
47831563
47920678
48026131
47942824
47987868
47814253
47953179
47802517
47826064
47854279
47705133
47874168
47810445
47848147
47706343
47958033
47720996
47833054
47951503
47813968
47862379
47991444
47888807
48055669
47819856
47962841
47856024
47845069
47983061
47746226
47907666
47631366
47826781
47655893
47854542
47609076
47766370
47798620
47789547
47759923
47855144
47894397
47738032
47808876
47797420
47824084
47850227
47880527
47749391
47975994
47852838
47889075
47829445
47962962
47897871
47727074
47803897
47715372
47612538
47756898
47703474
47567819
47648470
47723163
47835519
47697547
47857582
47847399
47734920
47866649
47751455
47697004
47833243
47930228
47779352
47985284
47776384
47839801
47794001
47661968
47826423
47623248
47709708
47940010
47855263
47786283
47699139
47663618
47858153
47939744
47807243
47734603
47775020
47799209
48010957
47778969
47730591
47759808
47812674
47720657
47735158
47679748
47823840
47941118
47723034
47669556
47819874
47729599
47772533
47727316
47755502
47767300
47804465
47681908
47778973
47817309
47764374
47852554
47949047
47880718
47946305
47709594
47770814
47708912
47876588
47837343
48066671
47741059
47654300
47779111
47725119
47870567
47922232
47986785
47642636
47931350
47805350
47872929
47875113
47772194
47671792
47882058
47786101
47887923
47854247
47923548
47862352
47768558
47993321
47742105
47683852
47836819
47763675
47768733
47861279
47697469
47725606
47833502
47575327
47567021
47581006
47816556
47830638
47794079
47873530
47984045
47752537
47816645
47857654
47901591
47932655
47687211
47952852
47788092
47938934
47909262
47840574
47886547
47999760
47924447
47957775
47705751
47848441
47726524
47954919
47880209
47775873
47841403
47876868
47727122
47889160
47833911
48053981
47775879
47780525
47901515
47911056
47888707
47954016
47925723
47947999
47810932
48197352
47878680
47908999
47921344
47894228
47728971
47925440
47979528
47836978
47958591
47931934
47789141
47795860
47759230
47843587
47772478
47910669
47816135
47916222
47883515
47867488
47840095
47790308
47924879
47645839
47794574
47856026
47730170
48000372
47937295
47985011
47924904
47761201
47785953
47871112
47686514
47735185
47601591
47600626
47705983
47809300
47883579
47766282
47742025
47990438
47915927
47698127
47804567
47877757
47723008
47852219
47687641
47825337
47629966
47809647
47718608
47561734
47632779
47891325
47928329
47824640
47700727
47948290
47886256
47970747
47876246
47846625
47970568
48037111
47983294
47881606
47725141
47828344
47835570
47859482
47714172
47818694
47732622
47932928
47907160
47703015
47832531
47860647
47736533
48063610
47644705
47725664
47758887
47706954
47737082
47736450
47777562
47624236
47781229
47728943
47836375
47830080
47741533
47762515
47715298
47900856
47569902
47652848
47778953
47747549
47754780
47706377
47873396
47726414
47881470
47811197
47687817
47693508
47818238
47713836
47818712
47697070
47885924
47660954
47863389
47784831
47764283
47811600
47747004
47980894
47829808
47749139
47584337
47777279
47724194
47890129
48003845
47793289
47897365
47840168
47693120
47695987
47658802
47832789
47936120
47712575
47694701
47861712
47742282
47712771
47666795
47752256
47680858
47732120
47790540
47818775
47775192
47889692
47767116
47657418
47809099
47888543
47828933
47900014
47808956
48028919
47942854
47884616
47683129
47812442
47871871
47829163
47713767
47884034
47790174
47811993
47745764
47829894
47930736
47839992
47802676
48072137
47866496
47895288
47870556
47840627
47741596
47739227
47694758
47845126
47884814
47944589
47852402
47857612
47622237
47940219
47761568
47902897
47922522
47768373
47731281
47760568
47794176
47892548
47927269
47777381
47796218
47946208
47886621
47858470
47774133
47846281
47847485
47795030
47677855
47811790
47917219
47825247
47690256
47860654
47575218
47797143
47749901
47811310
47710907
47867915
47973498
47897875
47900606
47909784
47858482
47879217
47829460
47931471
48023761
47810997
47833188
48008406
47747029
47886412
48115903
47830457
48087129
47925320
47873433
48081068
47978610
48084433
48016912
47847412
47923506
48093986
48125272
48119872
48349777
