1
58522351
58839905
58120702
58524313
58406737
58775876
58800081
58639100
59114445
58124249
58634151
58564655
58503762
59168727
58352016
58120356
58742697
59263978
59129553
57134446
58503965
57733274
57891047
58791857
58259559
58444129
58918949
58994390
59308031
58949480
58640620
58688169
58656694
58458186
58695688
57995374
58919234
58455212
58859099
58336345
58275828
58225218
58437557
58524759
58144137
58040176
58402642
58297151
58874374
58902613
58860448
59402883
58629577
58895305
58538536
58762151
58703213
58807536
57798048
58857410
58763750
59225802
59136017
58287203
58355057
58765198
58881759
58616867
58746325
58323918
58328515
58507209
59392489
58471541
58973604
58143715
58263821
59090257
58490731
58069409
58952486
57845236
58826542
58365883
58408849
59127471
58667669
58771193
58414637
58784005
58148281
58874147
58245441
59078314
58036275
58884961
58564871
58286173
59259260
58409429
