1
79000920
78687741
78178533
78394668
78416737
78922405
78260761
78499491
78789513
78485241
78370087
77879070
78123643
78255012
77918807
78376586
78624252
78707253
78430696
78409180
78726586
78361865
78097833
78657810
78275282
78214812
78384385
78043853
78383421
77924702
78536895
78503905
78030424
78554460
79031235
78389803
78245573
78371772
78713347
78085805
78428515
78914708
78494145
78709102
78288849
78547093
78655957
78550022
78706989
78329682
78789075
78190485
77988148
78222868
78485796
78200260
78149581
78243912
78859122
78045105
78328877
78235291
77821666
77726460
78022824
78518412
77774220
78108500
78736507
77772191
78592508
78032272
78551898
78670640
78072453
78404517
78717243
78260731
78466036
78223200
78357905
78039029
78396075
78372163
78422308
78310497
78490196
78303208
77817883
78547509
78548144
78559231
78213108
78579203
78042782
78698621
78799143
77850393
78310706
77996590
78308199
78168001
78531034
78075290
78791261
78051012
78455913
77991024
79071815
78446633
78137412
78532087
78656076
78393770
77877187
78206912
77981335
78327600
77807873
78199156
78203561
78534747
78307446
78416954
78154187
78278278
78262651
78218909
78473333
78604657
78719130
78352826
78401375
77981420
78334284
78144600
78574984
78726941
78157925
78186592
78428404
78058886
78024986
78557923
78362672
78551317
78124335
78705135
78652475
78264727
78845316
78741199
78274525
78552830
77850088
78140666
78076698
78414874
78764449
78703935
78674356
78676893
78322803
77903677
78228582
78379515
78865161
78330234
77952120
78331024
78554907
78394137
78168678
78267407
78515754
78005949
78339608
77863784
78566479
78621450
77957778
78414953
78112378
78522965
78483237
78629973
78345633
78176570
78591181
78083772
78113087
78561432
78592502
78488016
77912725
78530001
78574061
78697112
78218273
78021728
78525722
78400169
78391885
78390358
78930428
78655963
78330709
78556351
78146046
78203835
78401626
78411860
78039051
78519534
77992845
78454793
77952547
78083440
78529587
78255989
77959115
78964102
78589722
78628930
78329820
78156284
77760916
78190210
78550065
78150294
78462707
78184142
78392957
78301087
78007562
78553345
78398786
78310449
78192095
78744433
78377278
78143020
78464230
78430496
78444967
78076974
78400674
78301370
79028581
78465801
78657046
78296630
78100144
78683155
78474397
77901173
78548513
78338898
78441388
78730143
78623306
78619979
78331770
78590480
78440901
78375286
78647236
78784788
78834525
78448745
78420761
78460054
78749216
78413180
78532630
78738426
78460362
78262165
78253786
78081081
78158989
78545073
78230176
78398517
77999284
78814224
78438842
78392402
78228218
78153007
78772126
78435931
78262123
78705573
78131834
78255284
78427387
78563065
78384345
77831265
78101276
78755286
78199361
78558601
78548297
78745874
78445449
78204080
78265078
78034646
78287189
78674585
78148194
78186929
78801322
78500590
77874251
78385620
78570628
78233896
78217669
78289153
78260781
78313748
78512739
78399243
78086216
78702662
78014022
77926845
78108639
77987536
78571599
78402527
78494774
77936969
78050137
78413320
78331068
78148331
78324716
78627698
78591093
78240678
78391885
78909247
78279964
78373615
78021458
78757037
78647519
78150449
77819020
77950800
78075730
78459235
78333140
78629085
78588239
78232529
78425499
78309585
78188540
78355053
78449461
78849619
78222471
78158466
78449033
78646532
78060116
78416000
78272176
78077652
77791508
78207573
78153314
78295827
78387989
78838852
78272757
78556934
78512754
78724401
78460599
78721450
78406161
78562834
78491806
78703903
78341720
78350250
78197900
78642157
78557645
77841270
78148323
78406970
78214950
77883924
78428215
78350321
78207752
78237349
78208813
78469064
78426413
78361289
79145937
78545926
78712704
78286018
78544887
78212597
78819258
78302307
77564367
78187037
78032334
78169209
77773997
78721963
77939097
78156060
78470546
78956162
78387195
78187474
78709343
78528713
78707455
77984773
78356906
78218917
78378784
78317224
78493125
78325058
78520589
78050175
78317311
78318746
78534012
78410377
77917044
78087209
78259964
78342521
78666775
78856876
78102546
78576127
78523673
78681904
78200879
78414266
78450069
78249160
78298052
78214219
78474717
78480393
78266839
78737270
77975997
78767932
78094287
77854607
78152296
78556101
78068144
78034379
78529439
78362946
78263780
77916494
78661429
78399600
78620165
77869278
78518018
78785879
78429406
78358678
78726534
77887029
77886252
78289824
78609028
78643159
77952666
77887906
78157207
78202323
78568364
78387395
78234651
78420526
78497072
78884028
