1
97755278
97623440
97004454
97691725
97967048
97343900
97662794
97961324
98001550
98035409
97410921
97724881
97297855
98099511
97777083
97485783
97878756
97816900
97958326
97547385
97917568
97333069
98133808
97390691
98554037
97500830
97638392
97970864
98168374
97471514
97659456
97434740
97566527
97559707
97844147
97171469
97416731
97947457
97745587
97006061
97927796
97729966
97585839
97349710
97549389
98249974
98190264
97846840
97947566
97223086
98180881
97331512
97127921
97526391
97287213
98241503
98262787
98119821
97103404
97411565
97527222
97696333
97522162
97393389
97496480
97882064
97451754
97992758
98085364
96944659
98432463
97321355
98069609
97365905
97900267
97873973
97612802
97078406
97684571
97587512
98348998
97483535
97795620
98046736
97684463
97715022
97245606
97363620
98250040
97390477
98384773
98013559
98342027
97312603
98463276
97605882
98013219
96817842
97394073
96868115
97401159
98019823
98251244
97601925
97631815
97460070
98104258
97483418
98301478
97704483
98128619
97721575
98031197
97972283
97581379
97461230
97733052
98155354
96684164
97646666
97910856
98012975
96857839
98187381
97670326
97584589
97637188
97665079
97358470
97657073
97834369
98634646
97535462
98071191
98231426
98098819
97228751
98218209
97486734
96534555
98035266
97513707
97695684
97562694
98389462
97516519
97603120
97868726
97490575
97370701
97913893
98589064
97722929
98244756
98053942
97235948
97109484
98292377
97981017
98211289
97360437
97932012
97012156
97331976
97852911
97814945
97943863
97582971
97498645
97641895
98023159
97674001
98133280
97516531
97956223
97370758
97996759
98473301
98006590
97702924
97675650
97605108
97599477
97595552
97767116
98209733
97614312
97631364
98603026
97676833
97039376
97592807
97769135
97386021
97023367
97874546
96984965
97688328
97056059
97840746
97831287
97867326
97591776
98318877
97931079
97973323
98027543
97928585
97172834
97252572
98013202
98142363
97602065
97783892
97622879
96993145
97637581
97150467
97878677
97275610
97621411
97665692
97853365
97918450
97581728
97239476
97714020
97408944
98080267
97751459
98153728
97626692
98099736
97678748
98259331
98075838
97999030
97731327
97729162
98440933
97715590
96989637
98908533
97743774
97078691
97533921
97990846
98098938
98231904
97621912
98414734
98037463
98056106
97744380
98373842
97741521
97802152
97623071
97718215
97956165
97966567
97977180
97710806
97942180
97682810
98137726
97317093
98095806
97933567
97993385
97952213
97439090
97538528
97938860
97285371
97505268
98275812
97909043
97897692
98021564
98017400
97329508
97225691
98107788
98089960
97069213
98081495
97252533
97698291
97355848
97768163
97505791
97569814
97829238
98003431
97773634
97198799
98276806
97870958
97250600
97430554
98218433
97369409
97807370
97438918
97659712
97848978
97928347
97523266
97026631
98109017
98169787
97329640
97729671
97703075
97697183
97771223
97810364
98030665
97264756
97679855
97352516
97144139
97908706
96831230
97640084
97265154
97849378
98450427
96889837
97835594
98034929
97864873
97495368
97861936
97871011
97716185
97407142
97942740
97684499
97674735
97702217
97729288
97925521
98345889
98348502
97805684
97829167
97359323
97649938
98025629
98221651
97490789
97698299
97493027
98457013
97863071
96878926
97247625
97167299
97524122
96975415
98302352
97362442
97981342
98062553
97527091
96686624
98306327
97282784
97823577
98023172
98012841
97935888
96815317
97504180
96930223
97719418
97046403
98317483
97755597
97965836
97590097
97707276
97645988
98224955
97439941
97906222
97280570
98181461
97824460
97663885
97505730
97351938
98251652
97833715
97889502
97808490
97165453
97428540
97494226
97585300
97499391
97769831
97765085
97939977
97108406
97969252
98008926
97569605
98164156
98424670
98364508
97702221
97089923
97911438
96656717
97730176
98136292
98377452
97476221
98502697
97933253
96901890
98038528
97697605
98018613
97645898
97458025
98248977
98148048
98373317
97843911
97861214
97783431
97638285
98111897
97477628
98320589
98329488
97512944
97754268
97080962
98272295
97604860
98311708
97860987
97357747
97565509
97227353
97000447
98097644
97887998
97676924
97150222
97877451
98547588
97925073
97456760
97337354
98451749
97744216
98069379
98256590
98334381
97684002
98074950
98149991
97241050
97537652
98136207
97770319
97160561
97624743
97694260
97059852
97376652
97299470
97858000
98015382
97400274
98575013
97944047
97739653
97635981
97371106
97322153
98026497
97921635
97351541
97853955
97674957
98011952
97369220
97458102
97650201
97758790
97692065
97672716
98261252
