0
17
17
25
31
33
46
47
47
64
64
74
100
100
105
119
124
138
138
142
155
155
172
172
207
217
223
224
229
270
270
272
295
301
303
323
345
349
349
383
385
390
401
401
401
401
432
446
446
446
458
505
506
506
513
519
519
521
525
532
547
548
558
578
588
602
631
647
666
685
701
701
701
702
705
705
740
741
743
762
769
809
823
836
847
873
885
886
886
897
897
910
926
933
940
959
959
959
962
978
1002
1002
1002
1016
1016
1024
1054
1062
1072
1074
1080
1094
1094
1097
1105
1105
1113
1113
1123
1129
1131
1141
1145
1184
1184
1185
1193
1202
1202
1213
1230
1243
1270
1299
1299
1304
1312
1314
1319
1319
1339
1373
1373
1377
1386
1405
1410
1414
1424
1426
1428
1432
1442
1454
1459
1463
1463
1469
1474
1487
1505
1515
1545
1560
1579
1581
1581
1591
1591
1604
1647
1649
1649
1670
1670
1704
1736
1747
1747
1761
1778
1784
1784
1789
1789
1802
1818
1820
1833
1865
1865
1865
1865
1880
1897
1897
1897
1923
1927
1943
1963
1968
1977
1993
1994
2004
2004
2004
2010
2013
2014
2014
2031
2035
2035
2040
2040
2072
2075
2075
2087
2087
2093
2110
2127
2146
2151
2180
2185
2190
2199
2199
2199
2207
2220
2253
2257
2273
2279
2297
2311
2311
2323
2327
2340
2342
2345
2353
2356
2361
2364
2371
2379
2386
2392
2409
2421
2433
2447
2449
2450
2461
2461
2466
2513
2529
2531
2552
2552
2569
2582
2594
2606
2606
2612
2612
2620
2637
2637
2655
2662
2672
2672
2706
2710
2721
2721
2733
2749
2749
2749
2771
2778
2783
2822
2828
2838
2846
2846
2847
2847
2863
2882
2887
2887
2893
2902
2903
2906
2908
2908
2935
2940
2940
2945
2951
2951
2956
2997
2999
3027
3053
3058
3058
3069
3069
3069
3069
3094
3129
3129
3157
3162
3178
3186
3186
3212
3212
3212
3216
3233
3243
3245
3247
3256
3264
3265
3284
3293
3300
3312
3312
3320
3320
3326
3326
3326
3346
3384
3391
3396
3406
3406
3419
3419
3419
3419
3419
3450
3455
3459
3480
3480
3502
3515
3523
3523
3541
3541
3541
3542
3559
3571
3571
3574
3600
3611
3611
3629
3636
3647
3666
3666
3669
3672
3695
3723
3723
3725
3734
3763
3763
3767
3767
3770
3774
3783
3786
3786
3793
3802
3809
3852
3866
3890
3921
3939
3956
3990
3990
3990
3990
4006
4025
4037
4069
4069
4075
4094
4095
4130
4134
4134
4134
4151
4159
4162
4162
4164
4165
4169
4182
4182
4188
4203
4203
4220
4226
4227
4232
4232
4232
4249
4255
4259
4280
4284
4284
4294
4294
4305
4306
4316
4328
4335
4368
4368
4397
4405
4413
4415
4422
4435
4435
4435
4460
4474
4476
4496
4522
4524
4529
4560
4562
4575
4583
4583
4583
4584
4622
4648
4648
4650
4651
4684
4688
4688
4693
4697
4697
4697
