0
17
19
52
89
95
95
104
106
131
166
181
206
267
267
267
267
293
324
324
324
379
390
420
462
474
494
534
534
553
554
557
569
574
582
583
625
632
632
639
639
711
718
719
747
747
765
799
834
862
878
941
950
962
982
983
983
986
1019
1088
1092
1134
1146
1179
1209
1209
1229
1235
1265
1265
1274
1290
1304
1319
1323
1340
1356
1375
1386
1413
1455
1476
1508
1516
1517
1534
1534
1547
1639
1672
1674
1723
1723
1764
1787
1809
1841
1841
1856
1856
1869
1891
1891
1933
1947
1971
1971
2037
2045
2070
2073
2105
2134
2134
2140
2191
2212
2220
2299
2308
2325
2348
2364
2365
2365
2407
2451
2462
2466
2480
2510
2510
2519
2520
2520
2576
2580
2580
2589
2606
2613
2622
2704
2717
2768
2825
2838
2838
2871
2871
2871
2871
2927
2995
2995
3055
3065
3099
3123
3124
3174
3175
3175
3182
3219
3245
3255
3258
3283
3300
3311
3347
3365
3378
3403
3412
3431
3437
3453
3458
3458
3496
3578
3599
3612
3638
3642
3675
3675
3675
3678
3678
3745
3753
3761
3799
3799
3841
3873
3888
3888
3928
3928
3928
3933
3968
4001
4001
4006
4059
4079
4079
4120
4137
4157
4197
4201
4201
4202
4257
4312
4312
4312
4328
4384
4384
4394
4395
4401
4414
4432
4437
4437
4457
4478
4493
4571
4598
4656
4713
4750
4788
4856
4856
4856
4856
4890
4928
4957
5028
5028
5045
5076
5082
5156
5156
5156
5157
5201
5220
5233
5233
5241
5252
5262
5294
5295
5316
5355
5355
5393
5407
5413
5430
5430
5437
5477
5488
5506
5551
5564
5568
5593
5600
5618
5623
5642
5664
5671
5737
5737
5788
5801
5822
5833
5847
5885
5885
5885
5934
5961
5971
6014
6070
6075
6096
6151
6158
6193
6213
6213
6218
6218
6298
6351
6351
6357
6357
6417
6430
6433
6448
6453
6453
6457
6476
6484
6517
6537
6570
6622
6647
6664
6728
6732
6802
6835
6837
6837
6839
6854
6878
6901
6968
6968
7001
7028
7052
7137
7151
7153
7153
7211
7233
7251
7251
7294
7296
7319
7344
7362
7382
7423
7423
7453
7453
7464
7491
7491
7491
7530
7535
7568
7615
7615
7630
7661
7683
7707
7711
7727
7743
7755
7778
7778
7847
7878
7891
7895
7900
7982
7982
7999
8043
8060
8066
8111
8153
8172
8200
8243
8247
8258
8288
8288
8288
8292
8366
8379
8379
8396
8425
8500
8510
8513
8528
8541
8545
8550
8570
8570
8602
8613
8647
8678
8707
8734
8783
8825
8853
8889
8921
8922
8928
8937
8941
8945
9013
9013
9027
9071
9101
9178
9206
9235
9259
9323
9345
9346
9347
9377
9385
9402
9437
9448
9459
9503
9503
9505
9514
9553
9592
9592
9592
9621
9622
9641
9700
9719
9742
9748
9767
9787
9791
9795
9812
9820
9836
9836
9862
9871
9883
9901
9910
9982
9983
9994
10009
10026
10029
10049
10076
10104
10179
10214
10214
10227
10244
10250
10260
10260
