0
0
0
24
28
31
44
44
44
44
44
44
44
44
44
59
59
59
59
59
59
69
69
72
72
93
107
111
111
126
130
141
145
152
157
157
169
181
183
187
196
198
199
199
216
230
235
235
245
245
253
259
269
271
271
271
272
272
281
281
296
301
301
301
301
301
301
301
302
302
302
302
304
304
304
308
308
308
308
308
310
312
312
312
312
312
316
325
325
325
325
325
325
334
334
334
352
357
361
367
386
386
386
404
426
426
426
431
431
444
444
454
459
459
459
475
475
476
476
485
500
516
516
516
516
519
527
538
549
550
572
602
603
627
627
627
635
635
652
669
669
669
676
677
678
705
706
714
714
716
719
719
742
745
753
755
755
755
755
761
769
769
769
769
771
775
775
775
775
781
790
790
790
790
790
790
806
806
806
806
806
806
806
806
806
806
806
810
810
810
810
822
822
822
846
846
846
857
873
873
873
873
873
881
881
893
899
899
905
907
907
907
907
907
934
945
945
945
945
949
958
967
986
986
990
1004
1004
1013
1013
1013
1013
1013
1023
1029
1029
1029
1040
1051
1051
1061
1061
1064
1064
1064
1068
1068
1092
1092
1095
1108
1108
1108
1108
1108
1108
1108
1108
1116
1117
1124
1124
1131
1131
1136
1136
1136
1136
1136
1136
1136
1154
1154
1154
1154
1158
1162
1162
1162
1162
1162
1181
1181
1191
1196
1197
1206
1206
1206
1227
1254
1254
1267
1273
1277
1277
1278
1278
1292
1292
1310
1324
1324
1324
1328
1328
1328
1328
1333
1369
1369
1369
1369
1369
1369
1373
1380
1405
1409
1418
1428
1431
1431
1431
1431
1432
1445
1465
1469
1469
1469
1491
1491
1491
1502
1502
1507
1507
1510
1522
1524
1535
1535
1541
1553
1553
1553
1553
1555
1563
1563
1563
1563
1571
1574
1574
1582
1582
1582
1582
1588
1588
1588
1588
1588
1594
1594
1594
1594
1594
1594
1594
1594
1595
1595
1630
1635
1645
1654
1655
1655
1655
1655
1683
1704
1704
1719
1728
1732
1732
1732
1732
1732
1738
1773
1774
1774
1774
1791
1791
1793
1803
1823
1846
1846
1846
1846
1846
1846
1846
1853
1865
1876
1880
1887
1895
1899
1899
1899
1899
1899
1904
1904
1904
1904
1922
1922
1922
1922
1922
1922
1922
1926
1928
1928
1930
1942
1942
1942
1942
1942
1942
1946
1953
1953
1953
1958
1973
1973
1973
1977
1977
1977
1977
1984
1984
1984
1984
1984
1998
1998
1998
1998
1998
2000
2000
2000
2002
2002
2035
2053
2059
2060
2067
2067
2067
2067
2084
2095
2095
2104
2123
2127
2132
2145
2145
2145
2145
2190
2198
2198
2198
2224
2224
2234
2237
2239
2257
2257
2257
2257
2257
