1
72496906
73165106
72764236
72888505
72949170
72532134
72860800
72676671
72928566
73110378
72580363
72746218
72785776
73011345
73007981
72849403
72793720
72917903
72830813
72525952
72772337
72839533
72715036
72791203
72957641
72785164
72834325
72753755
72908028
72434384
72876144
72726844
72891492
72893924
72709243
73104969
73133555
72888166
72705369
72680550
72790591
72980409
72675269
72689664
73089714
72851510
72479425
72634757
72704917
73032739
72759795
72415561
72871315
72781270
72912285
72829241
72671271
72788760
72800610
72872064
72978822
73111814
72693673
72736725
73118788
72607345
72380905
72948353
72811289
72689067
72548637
73164540
73201518
72549284
72770967
72798122
72435800
72753207
72881444
72865784
73053318
72627692
72633776
72583300
73014301
72803807
72480195
72974082
73040166
73238035
73016574
72784505
72587763
72748586
72978011
72955251
72657230
72318255
72664417
72597890
72741970
72756502
73210393
72943746
73062293
72715284
72617397
72563326
72628318
72741332
72930356
72572268
72960362
72751680
72965222
72957553
72809596
72886343
73095468
72868425
73128671
73060301
73193448
72962101
72644813
72548813
73100232
72585275
72374348
72881981
72587058
73020609
73501936
72810333
72793155
72788535
73049214
73141965
72769888
72492048
72900114
72844618
72933972
72985844
73072591
73023171
73192776
72765833
73041243
73207466
72634111
73350915
72471530
73314876
73019932
72913205
72904792
72663705
72599725
72996080
72837307
72793987
73015543
72554284
72865754
72951291
72739567
73156073
72995161
72805892
73089434
72828484
72555239
72472887
72835737
72812440
72701632
72952691
73249564
73075932
72900420
73191667
73008501
72663872
73027321
72980865
72879414
72971998
72923624
72791005
72822877
72876769
72781077
72580533
72695842
72618200
72599691
72575306
72800981
72947360
72780841
73121542
72626251
72553416
72867639
72555847
72610920
72604743
72658843
73109105
72669633
72994979
72556365
72743771
73184338
72466764
73298791
72637672
72612693
73026441
73143140
72907844
73110442
72828400
72894085
72916632
73013832
72995189
72828047
72880785
72803987
72987481
72673415
73241147
72771995
73171335
72524064
72559223
72906006
73123641
72906621
72988683
72556625
72384124
72556063
72906160
73044220
72867149
73005695
72755014
72590819
72731237
72825570
72707625
73073267
73237157
72750398
72749035
72685447
72801321
72493322
72705214
72768184
72842239
72787930
73106309
73035022
73268101
72257800
73010151
72714726
72738205
72578061
72768313
72996614
72823136
72499848
72538297
72981371
72696000
72994428
72938208
72789231
72681530
72921157
72457175
72816125
72705670
72813109
72953679
72680970
72707321
73317898
73207891
73268549
73032101
72539781
72737729
72517636
72529076
72328652
72850203
72813085
73011391
72940663
73083820
73048400
72326702
72701062
72932155
72943781
72443232
72682456
73031715
72811611
72949594
72652152
72864663
72880255
72862533
72926997
72833081
72771500
73019554
72839364
72878889
72914974
72608740
72320200
72510480
72837203
72874550
72942727
72549982
72950895
72872326
72958458
72881356
72470165
73299398
73202122
73065015
72991547
72785043
72818325
72796167
72588582
73069583
72923964
72825245
73008794
72597446
72476975
72870279
73434467
72514433
72773354
73172957
72701203
72655033
72758851
73152469
73222590
72916899
72890260
73210649
72576023
72839962
73208472
72303178
72943657
72886172
72850956
72803073
72754734
72511057
72458082
72606205
72880581
72792541
72705414
73015217
72845763
72872073
72803036
72906053
72657791
73033033
72838829
72904866
72849920
72991654
72842073
72991429
72707722
72977256
73014792
73163624
72932194
72564488
73089384
73123819
73174981
73228247
72743828
72764086
73200935
72922535
72903061
73220793
72838015
73291767
72672161
72927065
72668706
73005908
72606518
72994925
73138862
72770490
72987564
73135799
72762423
72673499
72929978
73318086
72848888
72769496
72939590
72876364
72738416
72979406
72711080
73007400
72777050
72865976
72931831
72969744
72952749
72725654
73073854
72569514
72853317
72750232
73001527
72696921
72864820
72900595
72886316
72603397
72899169
72804506
72709328
72822431
72904676
72827048
72371512
72871997
73169882
72621376
72992018
72773747
72931230
72677789
72743880
72724733
73165345
72870944
73142890
73025146
72412846
72885781
72658038
72887984
72527448
72871648
72689111
72869758
72858959
72679915
72757930
73000866
72735189
72488777
72887370
72770721
72858845
72534716
73134029
72625989
72400351
72720452
72735671
73015145
72626693
72874548
72807592
72308212
72734280
73252319
