0
15
30
59
90
108
126
150
158
192
226
262
290
312
341
356
395
450
484
497
537
560
578
594
616
634
656
682
712
735
745
763
801
816
851
865
899
938
967
982
1000
1005
1022
1041
1068
1097
1117
1145
1170
1192
1218
1234
1253
1281
1298
1329
1339
1366
1375
1408
1428
1440
1460
1481
1494
1504
1522
1555
1581
1612
1643
1662
1673
1684
1699
1714
1738
1767
1773
1789
1814
1835
1864
1877
1901
1905
1933
1946
1973
1981
1987
1995
2003
2038
2056
2069
2090
2112
2152
2167
2176
2210
2226
2265
2298
2332
2352
2372
2399
2412
2445
2482
2510
2514
2542
2566
2584
2604
2641
2653
2676
2691
2748
2787
2813
2839
2887
2915
2938
2952
2972
3006
3016
3026
3041
3052
3072
3106
3135
3155
3176
3191
3205
3228
3250
3275
3300
3318
3339
3363
3376
3395
3417
3448
3473
3497
3527
3547
3569
3584
3616
3641
3665
3687
3712
3736
3757
3773
3789
3809
3830
3853
3862
3875
3896
3926
3955
3980
4021
4030
4047
4066
4088
4095
4105
4118
4131
4172
4194
4214
4248
4253
4287
4308
4313
4341
4359
4387
4410
4443
4458
4481
4502
4525
4566
4587
4605
4613
4645
4675
4699
4717
4749
4771
4787
4812
4849
4873
4902
4920
4957
4969
4996
5011
5046
5060
5075
5096
5118
5132
5170
5188
5225
5245
5263
5276
5302
5326
5350
5376
5394
5414
5429
5453
5466
5505
5510
5545
5560
5581
5608
5621
5647
5669
5699
5725
5739
5751
5776
5799
5819
5834
5856
5879
5886
5919
5936
5956
5974
6003
6025
6045
6080
6092
6113
6141
6185
6195
6202
6230
6236
6271
6290
6319
6341
6358
6379
6415
6435
6455
6460
6499
6522
6570
6577
6590
6616
6635
6671
6708
6725
6736
6772
6823
6849
6882
6897
6908
6945
6956
6998
7029
7055
7061
7090
7118
7131
7156
7179
7199
7208
7239
7257
7280
7324
7342
7368
7391
7412
7419
7441
7473
7491
7505
7518
7536
7553
7587
7604
7633
7641
7673
7698
7716
7728
7733
7756
7786
7816
7834
7847
7864
7886
7910
7931
7933
7943
7959
7972
8005
8023
8055
8072
8102
8118
8140
8177
8203
8222
8260
8287
8298
8308
8336
8337
8359
8389
8421
8435
8452
8473
8503
8518
8540
8548
8572
8599
8634
8641
8672
8681
8717
8754
8785
8815
8835
8854
8890
8910
8931
8941
8961
8989
9005
9046
9070
9091
9103
9132
9154
9164
9209
9228
9247
9254
9276
9302
9316
9370
9391
9414
9435
9451
9463
9474
9502
9513
9535
9546
9572
9587
9616
9640
9670
9678
9705
9719
9747
9771
9774
9787
9819
9848
9863
9869
9883
9911
9929
9945
9956
9977
9992
10020
10051
10086
10114
10129
10158
10170
10188
10221
10254
10271
10300
10330
10357
10371
10406
10415
10449
10469
10510
10534
10546
10566
10593
10598
10625
10636
10661
10695
10719
10737
10751
10752
10775
10797
10821
10852
10884
10907
10946
10966
10983
10998
11014
11046
11069
11113
11130
11160
