0
21
24
36
36
38
45
47
61
78
79
79
97
106
106
124
131
136
136
144
156
156
188
190
198
212
212
212
212
222
222
222
223
238
241
257
266
283
283
299
299
299
300
301
301
305
322
326
326
326
335
348
349
349
349
349
365
379
390
395
409
421
424
424
455
473
485
504
521
522
523
528
532
550
554
577
594
595
602
614
614
614
614
629
650
661
661
663
663
666
680
687
720
724
746
761
765
771
771
776
788
794
811
836
840
844
874
875
875
894
897
910
910
910
935
938
951
961
968
988
988
988
988
1000
1005
1005
1005
1005
1006
1026
1026
1041
1042
1048
1048
1059
1064
1064
1064
1066
1076
1081
1084
1084
1095
1097
1100
1107
1111
1111
1137
1151
1177
1189
1203
1210
1210
1210
1243
1263
1268
1292
1302
1310
1311
1315
1317
1326
1328
1355
1376
1376
1378
1405
1405
1413
1413
1431
1459
1465
1466
1468
1468
1470
1470
1487
1500
1511
1526
1530
1544
1551
1560
1569
1579
1581
1597
1601
1606
1610
1627
1634
1634
1646
1646
1647
1647
1650
1663
1666
1674
1686
1689
1689
1689
1690
1690
1697
1710
1710
1710
1729
1737
1753
1753
1766
1766
1775
1775
1789
1789
1789
1792
1792
1811
1813
1813
1818
1818
1831
1831
1831
1843
1843
1866
1893
1913
1920
1926
1943
1943
1948
1976
1988
1988
2007
2019
2033
2037
2055
2056
2058
2058
2097
2121
2121
2121
2159
2160
2168
2170
2177
2196
2197
2197
2200
2200
2202
2216
2236
2237
2244
2248
2251
2261
2261
2266
2269
2269
2270
2276
2276
2279
2287
2300
2306
2308
2321
2325
2333
2333
2350
2357
2362
2371
2388
2397
2401
2404
2404
2404
2406
2421
2421
2421
2425
2449
2460
2473
2490
2490
2490
2495
2500
2500
2500
2501
2501
2523
2529
2531
2535
2535
2546
2558
2558
2570
2577
2597
2619
2632
2632
2647
2662
2662
2688
2697
2705
2705
2727
2742
2751
2756
2769
2769
2771
2771
2793
2812
2817
2819
2838
2838
2853
2861
2869
2872
2872
2873
2885
2886
2904
2907
2925
2928
2930
2932
2935
2940
2944
2955
2961
2961
2961
2963
2965
2981
2981
2994
2994
2994
2996
2996
3007
3012
3022
3022
3022
3022
3039
3046
3048
3048
3049
3053
3053
3069
3071
3076
3090
3102
3113
3125
3143
3143
3148
3167
3200
3200
3200
3213
3213
3234
3240
3250
3265
3265
3275
3294
3294
3304
3304
3325
3339
3368
3368
3368
3376
3379
3404
3423
3431
3431
3460
3490
3496
3521
3521
3521
3539
3541
3562
3586
3592
3594
3609
3615
3618
3636
3646
3657
3657
3662
3671
3672
3704
3704
3716
3718
3718
3718
3729
3739
3744
3744
3744
3748
3748
3764
3765
3773
3776
3793
3803
3807
3807
3807
3812
3827
3841
3848
3851
3851
3861
3865
3870
3870
3870
3870
3870
3887
