0
665
1381
2079
2726
3373
4017
4589
5235
5841
6430
7020
7579
8204
8833
9479
10081
10728
11304
11939
12584
13170
13796
14399
15033
15727
16361
17004
17606
18240
18836
19545
20164
20835
21457
22069
22665
23287
23945
24547
25184
25785
26408
26995
27679
28304
28914
29483
30072
30711
31370
32029
32653
33307
33924
34579
35184
35744
36325
36929
37562
38157
38763
39346
39949
40508
41107
41751
42386
42998
43658
44302
44941
45564
46190
46779
47357
47997
48609
49223
49859
50469
51113
51735
52324
52940
53572
54167
54807
55421
56015
56623
57243
57865
58489
59092
59675
60238
60909
61518
62116
62761
63348
63983
64595
65180
65747
66384
66987
67652
68233
68904
69496
70124
70740
71383
72008
72620
73260
73872
74537
75140
75705
76364
76893
77571
78202
78838
79491
80091
80701
81296
81885
82531
83123
83735
84308
84876
85527
86153
86725
87307
87944
88553
89174
89842
90491
91112
91736
92339
92936
93567
94193
94824
95457
96080
96728
97348
97997
98636
99265
99879
100456
101024
101704
102340
102923
103567
104165
104835
105509
106148
106743
107293
107834
108511
109184
109758
110321
110904
111545
112226
112873
113459
114074
114674
115342
115949
116620
117196
117828
118407
119005
119581
120172
120786
121378
122053
122646
123253
123841
124482
125060
125719
126299
126964
127608
128178
128782
129355
130005
130616
131177
131819
132496
133116
133685
134298
134897
135511
136146
136794
137417
138044
138662
139284
139985
140649
141276
141900
142535
143168
143830
144452
145021
145627
146310
146945
147537
148152
148802
149419
150064
150677
151330
151942
152568
153179
153746
154357
154937
155551
156196
156820
157441
158079
158711
159279
159869
160490
161101
161736
162304
162891
163515
164162
164807
165423
166017
166572
167211
167780
168419
169016
169702
170293
170903
171501
172113
172723
173388
173999
174582
175179
175775
176370
177007
177639
178332
178992
179607
180270
180832
181449
182107
182744
183337
183952
184544
185212
185804
186374
186984
187600
188223
188871
189502
190125
190784
191394
191996
192611
193192
193760
194361
194996
195661
196294
196904
197532
198173
198779
199389
199972
200563
201226
201868
202506
203098
203699
204316
204932
205591
206181
206787
207413
207990
208617
209254
209892
210513
211143
211770
212355
212991
213564
214141
214796
215372
215956
216548
217144
217751
218319
218962
219596
220223
220845
221417
221984
222561
223099
223680
224281
224945
225519
226121
226666
227283
227931
228551
229112
229738
230316
231010
231696
232323
232946
233616
234255
234840
235391
236034
236721
237331
237976
238622
239244
239865
240493
241129
241741
242398
243070
243709
244354
245015
245627
246237
246847
247535
248170
248794
249406
249977
250586
251211
251816
252395
253016
253596
254236
254913
255519
256091
256644
257322
257946
258546
259160
259765
260422
260990
261582
262298
262859
263447
264061
264692
265281
265865
266485
267112
267694
268340
269004
269640
270230
270844
271401
272002
272612
273207
273835
274459
275111
275725
276342
276934
277554
278151
278771
279338
279969
280628
281170
281736
282286
282898
283465
284088
284683
285323
285903
286489
287115
287724
288317
288987
289653
290234
290843
291523
292086
292734
293393
294033
294632
295217
295885
296479
297085
297684
298294
298905
299494
300131
300804
301409
302022
302672
303322
303964
304615
305249
305895
306511
307155
307775
308370
309042
