0
0
0
32
32
32
34
45
45
45
47
87
138
163
163
173
173
173
173
173
212
243
243
243
250
265
268
268
268
268
270
270
297
301
301
301
301
301
301
308
336
367
435
459
477
477
477
477
477
477
548
548
548
555
555
622
661
662
662
676
698
699
699
699
699
716
716
726
771
806
806
806
806
806
806
806
806
814
828
832
840
840
844
856
856
856
856
856
856
856
856
856
856
856
856
856
856
881
883
883
885
885
897
911
955
986
1016
1045
1056
1062
1062
1062
1062
1062
1062
1126
1126
1126
1155
1174
1189
1189
1205
1205
1217
1217
1217
1217
1217
1217
1217
1217
1217
1217
1224
1249
1268
1289
1310
1313
1313
1313
1313
1313
1395
1406
1406
1408
1408
1408
1427
1442
1463
1463
1463
1463
1463
1463
1463
1470
1477
1485
1502
1528
1548
1548
1548
1548
1548
1548
1548
1548
1558
1560
1613
1624
1633
1646
1646
1646
1646
1650
1689
1689
1689
1689
1689
1689
1689
1689
1689
1702
1702
1702
1702
1702
1702
1702
1744
1775
1816
1855
1865
1865
1865
1865
1865
1865
1889
1942
1942
1962
1998
1998
1998
1998
2025
2025
2025
2025
2040
2040
2040
2040
2040
2040
2040
2051
2051
2051
2051
2057
2057
2057
2057
2057
2057
2057
2143
2146
2147
2151
2151
2158
2158
2158
2158
2166
2186
2186
2189
2211
2211
2229
2240
2241
2241
2247
2247
2247
2247
2247
2247
2247
2247
2264
2278
2283
2289
2316
2334
2358
2358
2358
2358
2374
2427
2427
2427
2430
2453
2453
2453
2453
2453
2453
2453
2453
2453
2453
2453
2468
2550
2565
2612
2686
2702
2745
2769
2769
2769
2769
2769
2790
2820
2863
2863
2863
2864
2864
2895
2895
2895
2895
2910
2910
2910
2910
2910
2910
2910
2910
2910
2910
2911
2911
2945
2945
2945
2945
2945
2945
2948
2948
2967
3000
3000
3000
3000
3000
3000
3000
3000
3000
3044
3059
3059
3075
3089
3089
3096
3097
3112
3112
3112
3129
3138
3138
3148
3184
3185
3187
3210
3233
3233
3240
3240
3240
3240
3283
3325
3325
3325
3325
3347
3347
3347
3347
3347
3347
3347
3347
3347
3347
3356
3393
3446
3460
3497
3530
3537
3619
3631
3631
3631
3631
3631
3631
3651
3716
3716
3721
3733
3743
3807
3807
3807
3807
3846
3867
3867
3867
3867
3867
3867
3876
3884
3912
3944
3944
3944
3944
3944
3944
3944
3944
3944
3944
3986
3997
3997
3997
3997
4018
4018
4018
4018
4018
4020
4022
4022
4078
4086
4091
4091
4096
4131
4131
4158
4158
4158
4158
4188
4199
4199
4202
4232
4237
4243
4255
4255
4255
4255
4286
4298
4298
4298
4353
4379
4379
4379
4391
4391
4391
4391
4391
4391
4391
4391
4400
4420
4442
4480
4505
4541
4578
4622
4630
4630
4630
4630
4630
4630
4657
4657
4657
4662
4704
4756
4768
4789
