1
163524087
165299791
164989474
165616651
164090024
165614139
164660492
161949126
164845103
164551414
165929567
163126152
164078773
164724661
165525629
167042845
163510035
163434623
163880510
165111501
162459456
165044184
167350992
165049188
164816098
165768459
164829681
165836753
164762426
164777448
164595782
165460170
164959326
162797367
166584646
164225125
164836239
162508012
165087268
164584964
165719878
165314548
164228751
165096481
164933446
164372710
165551610
164254531
165833257
164887917
166518088
165757763
164188394
165090395
166628919
163011960
162721478
165675463
162900184
163195381
164336217
163074520
164028226
165721039
166449426
166924981
166252463
163799055
164904105
163231597
164137991
165027958
164944134
165825818
164272994
164734550
166250521
164605862
165159384
163882290
164983679
165669974
163332701
166858687
164871192
165725907
167332650
164230699
162539664
165158882
167721760
166685929
166536575
164755786
164469263
165178998
165589782
165916464
165180270
163729537
166094624
165336386
162964422
165988358
164128707
165786038
165365128
164446296
165079599
163968961
166420389
168144791
166049172
164736635
163114447
163908506
166483691
164713865
165742163
164299078
165639041
164860943
163651534
164360784
167032031
163949699
165217648
166218481
163394506
165152996
163522287
164753635
162230967
165026473
166119320
165364310
164457687
165487703
163738780
164973887
164736825
164317738
165699327
164049669
165098456
165736945
162151266
164499662
164954117
165880149
164786147
164466689
165201893
164805888
166834611
162346100
164579822
165584898
166427379
165383578
163222453
166032261
167187302
163925375
163864385
164282401
165466251
163306209
165496270
165624859
163142663
166210379
161839710
162450238
162584482
163800734
166893123
164185796
165857359
165016340
164991835
165362932
165395938
164457404
163182477
161916079
165531281
164562197
165572906
165071875
165295679
165683094
162488064
166072185
163797704
165314591
164755510
165714777
163890427
166334278
163242076
165406151
163795875
165629395
163609410
164920307
167414427
164760217
163980876
163205727
165617691
164657441
165298495
164612385
166029946
164482959
165057175
163976060
163951756
163822031
162684425
164321147
164573064
165755798
165071235
164183070
165010372
164028570
165683578
165778411
164474454
165543175
166310478
166261013
166710422
164927631
165547778
164764951
165561379
163526220
165444916
164811887
163882911
164028664
165511888
164556042
164277692
163932163
166293262
163404172
164380634
164970144
166234886
165488613
164000424
166391838
166012408
163789948
165416731
164422610
162733804
164732814
164904536
166845714
165148998
166372461
165721765
163156237
163954050
166871871
164693242
165000276
166124041
166724138
165480699
164035405
164770754
165782707
165883296
163277212
165378158
164444098
165826015
162882642
162553727
166258946
164454633
165213791
163954132
165557208
163987307
166588864
167087662
163874683
165156272
165773795
163719268
164303583
163716397
165954542
164553520
164342969
164345147
163412463
164807564
165987300
164503541
164652812
164172282
164942660
165858609
165325796
165199399
163458629
164964021
164748318
162660090
164424136
163457624
163227438
164119923
165323633
165281370
164694745
163905756
165508068
163784157
166075778
166141500
162693996
164236446
165889554
165348906
165108930
166377924
163574890
165266783
164884160
163230742
165209205
164804048
164933155
163880347
165825004
164428228
163487488
164639308
164250544
163053404
165797013
162571570
167455268
163211757
165340030
164401317
163939672
164833184
165177101
165479430
163721600
165663937
163176155
164465928
165988672
164204698
164515294
164707140
167097914
166744627
165493551
164271724
166061782
165959338
166221820
165342111
164451649
164996230
164584486
167207564
164515814
164790623
165456465
166075020
164323422
163365903
164386744
165822576
163537235
165260424
164152122
163591833
165160781
163806005
164540396
163825959
165552201
165026709
165457585
166368086
165072139
163245509
165296553
165453715
163053658
166447871
164677730
164096006
166088338
165256055
163955417
163942152
164676728
163109715
164712791
163512290
163939928
164785107
164194421
164417538
165881766
163732925
164277144
166503901
165228831
164347735
164850801
165418319
164251555
164603179
163498329
164374030
166461577
163367301
164118881
165229163
164430926
165546848
165275357
165168003
165872548
164136157
165997150
163373257
162819087
164447253
163998389
165047325
164395171
165619560
165803616
166443560
164645444
165213495
165420016
166086171
165390365
165959549
164973109
163310993
165301694
165733249
166763938
164678043
164885460
165088666
166296692
164956428
164153081
165917484
164202587
167217085
164690797
164565226
164032826
164090652
165881204
165247313
162804239
165615795
163537157
164378334
164144002
164083422
165534042
163832451
163636051
164313173
162011441
164008592
166443558
163602548
165082727
166237365
165939631
165104373
162497247
163424170
162477839
165701923
163672919
