0
0
0
0
0
33
77
77
106
132
133
133
133
133
133
138
198
201
201
201
220
220
220
239
276
311
311
311
311
311
311
311
326
337
350
358
378
386
396
396
396
396
396
396
396
396
396
414
414
414
414
414
414
414
414
414
414
414
432
432
432
432
432
432
432
436
436
436
437
461
461
461
461
461
461
461
461
461
461
461
461
475
475
475
475
475
475
475
475
475
475
523
561
575
575
579
579
579
579
595
617
617
617
662
665
673
700
700
700
700
781
793
795
795
833
836
849
858
870
896
896
896
896
896
896
896
914
917
917
917
917
917
917
917
917
917
917
917
917
917
917
917
917
917
917
917
917
917
924
924
924
924
936
948
951
951
951
951
951
951
951
951
952
994
994
996
1023
1023
1023
1023
1023
1023
1023
1023
1023
1037
1037
1037
1037
1037
1037
1039
1039
1039
1039
1068
1091
1096
1096
1113
1113
1113
1113
1136
1139
1139
1155
1178
1178
1195
1206
1206
1210
1210
1253
1258
1258
1258
1260
1260
1275
1305
1305
1305
1305
1305
1305
1305
1309
1310
1338
1349
1349
1349
1349
1349
1349
1349
1349
1349
1349
1349
1349
1349
1349
1349
1349
1349
1349
1349
1349
1349
1349
1349
1349
1349
1357
1358
1359
1359
1359
1359
1359
1363
1363
1363
1389
1393
1399
1419
1442
1442
1442
1462
1507
1507
1507
1507
1507
1518
1518
1540
1540
1540
1540
1558
1558
1558
1558
1562
1603
1615
1615
1615
1615
1619
1625
1647
1663
1665
1690
1755
1756
1800
1800
1800
1800
1800
1836
1853
1853
1853
1853
1860
1860
1918
1924
1927
1927
1927
1927
1927
1957
1957
1980
1981
1981
1981
1981
1990
1990
1990
1990
1990
1990
1990
1990
1990
1990
1990
2002
2002
2002
2002
2002
2002
2017
2017
2017
2017
2017
2017
2017
2017
2017
2017
2017
2017
2017
2017
2027
2027
2027
2030
2055
2055
2055
2093
2107
2107
2107
2107
2107
2109
2109
2139
2139
2139
2139
2142
2142
2142
2142
2142
2204
2204
2204
2204
2204
2204
2209
2245
2263
2263
2274
2302
2314
2320
2320
2320
2320
2320
2325
2336
2336
2336
2336
2349
2349
2361
2361
2363
2363
2363
2363
2363
2394
2394
2402
2415
2415
2415
2415
2415
2415
2415
2415
2417
2417
2418
2418
2418
2418
2418
2418
2418
2418
2418
2418
2418
2433
2433
2433
2433
2434
2434
2434
2434
2434
2434
2461
2475
2475
2475
2490
2490
2490
2490
2517
2566
2566
2594
2609
2612
2612
2612
2612
2626
2626
2683
2685
2685
2685
2685
2685
2685
2685
2711
2736
2736
2736
2736
2736
2736
2736
2762
2788
2788
2806
2825
2825
2825
2825
2825
2825
2833
2873
2873
2873
2873
2892
2892
2892
2898
2898
2899
2899
2913
2916
2916
2939
