1
170359577
170957869
170245019
170610998
171462750
168187235
170265806
170591582
170757464
170900323
170538684
170694206
170267427
171925176
167997268
170016203
171270377
171697489
170797549
168841968
170699885
172757669
170278216
169693193
170460057
172196978
168464497
170522729
171019570
169007258
171815742
168181447
168529482
168608379
170343414
172172411
169792831
171423323
169746351
169825155
171116844
170957921
170200540
168337187
167653054
170987727
170978150
171178559
170564363
171400229
171008589
167923246
172095541
169361587
171264295
170107021
171041230
169476777
172347155
169051165
171738647
169019295
171155315
169341195
170466954
172701052
170210546
169992101
169050817
171693404
169278300
171103027
170606014
171401092
170133753
170139969
169759804
169287537
169850198
169138587
169085924
169671419
171084495
171082358
169620960
170952551
169393747
171124551
171322792
169904697
170535886
172146704
171092552
172570301
170984854
170519299
170903161
170822348
169125072
171154326
170228793
169778880
169335335
170404759
170819658
169394446
169487920
171315864
169134241
170024999
170677626
171603561
170894366
170426002
171609592
171423373
169537371
170404845
170120953
167597590
170181395
170840402
171700815
170374817
172301506
170710747
169159820
169993862
172417045
170607571
170509645
172011343
172522338
171022219
170348967
170726075
171098406
171786214
169015463
170968224
168929366
171903282
168744706
168236527
171392554
170411508
170417558
169939105
170796483
169006536
172133491
172791857
170329643
170770546
171305379
169564655
169098854
169227976
170571862
170163608
170071629
170168974
168959384
170744048
171462346
170043779
170376719
170061131
170609469
171630533
170908896
170482427
169474210
170469859
170499012
167504469
169536984
168668638
168862039
170037313
170506499
170885344
170670041
169003878
170627141
169815708
171224331
171605617
167931047
169627365
170800013
170721292
170990273
171050440
169887949
170945052
170884078
168948407
170706012
170720576
170469539
169880827
171570740
170952115
169111007
170236520
170174623
167982760
171344174
168657515
172464508
168835320
170280302
169519237
168915538
170560947
170124113
170578391
169296982
171534058
168837308
169793662
171599968
169660036
169852802
170535481
172087609
172358607
171302678
169441694
171910592
171542351
171731473
170879679
169786957
170168099
170482022
171856225
170251330
171193128
171231484
171807450
169511897
169817510
169385866
171549750
169981637
170627571
169279387
169161471
170587928
169563143
170054214
169136253
170882163
170687287
170853509
171949754
170662847
169568351
170411917
170977216
168485424
171738615
170210808
169471813
170979999
170320533
169114508
170133156
170816416
168727678
170180305
168814578
168930313
170269170
169933222
170188891
171574918
169069436
169989154
171670598
170188045
170350196
170233347
170885712
169250717
169707606
168930641
170289018
172236437
169244100
169300851
170801322
170303986
171058712
170616643
170468146
171337510
169742697
171159221
168397925
168171409
170021886
169495892
170058036
169639398
171458459
171078853
171759152
170651198
170783746
171216392
170928468
171352815
171205555
169884079
169127586
170916774
171310357
172309957
170475619
170827306
169621038
171886198
170825170
169330861
170823735
170079702
172744418
169836240
170136946
169650461
169149628
171474816
170918227
168314641
170804872
168860241
170228416
170077034
169476515
170917453
169082277
169033716
169863987
168153683
169513403
172009090
169551025
170898294
171344335
171568928
170609094
168230745
169265444
168225705
170959847
169743674
172022306
170563747
169964936
171147209
170694862
168751797
169581200
170720497
170861436
170097113
170285598
169817913
171960467
172171974
170319016
171805576
170264268
170616220
171393776
169420375
169149571
171257084
168803177
170786450
169993479
170240082
168528595
169720928
170320385
172283530
169888832
168984431
171702595
169724253
170628977
168774766
171484521
169696188
169562995
171094289
169697189
170300196
171496183
169696880
167605070
170566332
170591740
170800664
169252678
169471888
170370340
171160389
171331203
169963047
169338675
170496906
168955255
168817389
170775936
172506030
170876759
170329294
170651496
170000271
171434731
171170430
170141369
170183464
171378267
170539591
168222493
171939544
170381411
170603604
168664315
169828196
170695668
171100758
170279467
169640789
170583335
169682550
169969454
171538359
169744577
171169307
171572999
171552912
170114640
170148599
170820952
173084314
168077387
168593713
170336522
168927465
169042138
169287976
169703039
170096770
170747814
171863531
173008799
171097049
169924953
170881173
168799531
169223254
169620854
171069541
170910603
170290064
170874647
170567089
170048960
171655398
168541991
170826254
170559538
169394094
172010757
170719862
170102689
172490899
169157147
167994356
171504088
171019591
173461965
170383885
169750023
169348304
172104332
170790099
171183475
170693292
169518932
170797980
169752084
169804970
171540698
