1
63927334
64139400
64061690
63987534
63625255
64029814
64078404
63862562
64025038
63683011
63852502
63969859
63801898
64211793
63924536
63637085
63960683
63347710
63737964
63791309
63535750
63679816
64159017
63882839
64079420
64140338
63571115
63711597
63822203
63739440
63769800
63557662
63845067
63586513
63831635
63723496
63618792
64045788
63724881
63875818
63736806
63808187
63933673
63720469
63467671
63945244
63628943
63987359
63796695
63746929
64026880
63785050
63418982
63732375
63863552
63600062
63663477
63711209
63824513
63711057
63711399
63914149
63742525
63513823
63967720
63377732
63735358
64144237
63824529
63658351
63602191
63728451
63743407
63734757
63957134
63932614
63854208
63797123
63624891
63950378
63468485
63797640
63500502
63788914
63691818
64019752
63644536
63629216
63374879
63782026
63671685
63785091
63475185
63551027
63914706
63846018
63855828
63785726
63514437
63499145
63493928
63806266
63427954
64026277
63292863
63635370
64209054
63632728
63698314
63867466
63875144
64030665
63745162
63635784
63695106
63674234
63644384
63702323
64014054
63964373
63625252
63813826
63854080
63771641
63620615
63738032
63535983
63966966
63490851
64004976
63620238
63933359
63976452
63760751
63756859
63901772
63885604
64037487
63878370
63754924
63837115
63653175
63432644
63767701
63864853
63824314
64031125
63625839
63580840
63487543
64088473
63745502
63471340
63905943
63745689
63980870
63940135
63693026
63682465
64066107
64258143
63711037
64130534
63795319
63642632
63933412
63907126
63781616
63834882
63879715
63902770
63718201
63681711
63775354
63700323
63501784
64000431
63770330
63739513
63564373
63839904
63660674
64039703
64060769
63941708
63801922
63677323
63792197
63594078
63883145
63629796
63644215
63532884
63463989
63823426
63636836
63989250
63615513
63187027
63775648
63744149
63438845
63612872
63748210
63815796
63727912
63936330
63528157
63997464
63986110
63789314
63590808
63852269
63557125
63757679
63699583
63781004
63486685
64000612
63686936
63854599
63556516
63879773
63628540
63728915
63903563
63873115
63955518
63625977
63614221
63502772
63812404
63664186
63772382
63859678
63864028
63755365
63755013
63748828
64014262
63642574
63670302
64057979
63575406
64239902
63960428
63841569
63617862
63881204
63657916
63741404
63850830
63876230
63701391
63889181
63978418
63706978
63523647
63845421
63821707
64190450
63580544
63910775
63919278
63560336
63622692
63596937
64179975
63656896
63853150
63820309
64085945
63918959
63832086
63943256
63542718
63739055
63800189
63979024
63531311
63801256
63861060
63803779
63697382
63880832
63811263
63508636
63946379
63599729
63688680
63892912
63740580
63467586
63407504
63699683
63980140
63469164
63679061
63687124
63923235
63662755
64117607
63677698
63605350
63842837
63498703
63608051
63761836
63541227
63749747
63826742
63836486
63593608
63791444
63961108
64042877
63851597
63671830
63942244
63833078
63524837
63889803
63873059
63785129
63600228
63561953
63663222
63963202
63852590
63801133
63762993
63892310
63988809
63918097
63820638
63862334
63845099
63689665
63970145
63727807
63871779
63907469
63791728
63636782
63660849
63963755
63628397
63560641
63790314
63736009
63697370
63582951
63834591
64013387
63738217
63644490
63810843
63751227
63884479
63816512
63749022
63583396
63408371
63798900
63583021
63606039
63913778
63530175
63826481
63944476
63808971
63827127
63692670
63617943
63489634
63669348
63892920
63347185
63632509
63881584
63866664
63761865
63818738
63890227
63873535
63919267
63587621
63762757
64044946
63911232
63651563
63695875
63555559
63737503
63711400
64116975
63740129
63473876
63729452
63835802
63773113
63929300
63648638
63663761
63765548
63636200
63830068
63492244
63599684
63813395
63777817
63851836
63909880
63892559
63818332
63973434
63969396
63883196
63583975
63485879
63677319
63663724
63854413
63971902
63808925
63760473
63767802
63611438
63674119
63625709
63631961
63589275
63815023
63711205
63711549
63935695
63743070
63600758
63308466
63913794
63802174
63600391
63773752
63755964
63472445
63920934
63663806
63791531
63717349
63623986
63801614
63615693
63491133
63844324
63548893
63881209
63979820
63582591
63670963
64157321
63755952
63657199
63867491
63599228
63796857
63699746
63532748
63813199
63462281
63676195
63578901
63677685
63682810
63753230
63816715
63914573
63672384
63997625
63506064
63634100
63901308
63461486
63895613
63725280
63735087
63821233
63764533
63924503
63758070
63993730
63723758
63900295
64040081
63438007
63970453
64046570
63834995
64176124
63933948
64417239
