1
160364042
160166948
161900457
162522708
161604575
160299777
161949345
162288289
161378246
160660214
159782501
161322195
161316397
159752316
162304309
160511399
160182618
161881011
157084956
158918598
161006054
159445600
163261473
161484409
160112696
161849442
161264392
161289128
161618115
159777311
158947887
159371630
162109383
160915496
161205619
161581370
161510595
160322859
160199866
161972289
159455525
161930646
160898538
160530579
162453978
161269261
159369379
161455927
161393831
160437686
160348445
162680497
160760816
161280255
160033812
159852012
160990667
162179188
161723690
160717335
161145334
160886658
160976298
159145976
159451442
159816605
159684183
158866904
162851941
161381617
160461203
160104783
161356245
160775126
161660575
161922126
159777963
161371365
163067628
161113381
162712988
162231471
160690990
162619971
160931032
159351623
161478567
160434240
159842239
162047234
158845101
161503097
161080538
159781904
161691574
160295605
160415555
160413949
161983152
162516126
160508211
161460998
161726519
160329532
161240925
159487113
159669069
161637487
161265308
162118985
163474665
161070926
160124551
160461958
161645085
162127644
160367101
160840213
163887931
162781914
160814121
160341037
161929457
162304084
160238677
160980656
160413077
162332458
160168618
159041224
161085647
160610107
161164787
160849881
160475038
161963520
160357005
161532374
162365143
161077458
161384274
161042687
160748363
160149630
160457884
160635700
160968585
160943563
159448597
160519154
160855598
161582498
160448950
161800048
160333284
161488182
162577587
160498710
161342132
160627640
159474435
160702745
158847163
159346144
159978797
161271401
159441324
161170143
162375980
159215223
161548786
160928989
161450403
161168122
161354864
159949419
160515758
162002079
160819892
162283104
161553299
160080713
161793981
159339653
161750961
161732314
160048949
160376447
161965941
160270863
160208401
161590014
160148721
159866653
160759769
160970150
160772342
160461269
161369022
160632284
160188968
159994966
160470091
161487273
160483807
161184675
161109159
159383469
161015762
160806822
161050925
160515914
163091738
161948190
162586750
160066791
161473163
161005265
162894985
162458995
160747458
161163991
160409227
161362880
162331123
161369420
161871672
160863031
161639721
160231925
160940764
160491746
161774544
159180503
161803696
159894475
160227874
160343024
160617131
159620737
160004312
161799664
162016421
162178909
162677195
159600732
160938398
161307853
159186427
161155352
161095285
160039025
161912596
161584216
160537602
160653144
159806002
159888604
160308995
161180848
159978104
158800670
160419799
160910271
161215628
161403245
161147240
161660991
160983238
160411212
160903678
160101841
160983410
160672502
159565544
158913324
162379629
161343162
160009550
162119121
159966265
161304257
161700269
162063661
159961229
162752706
160461629
159759590
158749385
161289256
159906239
160945359
160111380
161803604
162673155
161834340
160892871
160845965
162729236
160687583
161624986
161396468
161771182
161016757
159626229
162018754
162353994
160736208
160808241
161275305
162095544
161788169
160912861
160878041
160140705
162885400
161207122
160730440
160498740
159892178
161189910
161590115
161008997
158540786
160984294
160280041
161240123
159818923
161936730
159394440
161178631
160082971
159474901
158754147
162548413
161691520
160548388
161476012
161973774
161796657
160470932
159199869
158998508
162056282
159071015
162999119
160716357
161460197
160162151
162388501
160005278
158968052
162383192
159440271
161601141
161456914
160958202
161381334
163107348
161081851
162057125
160942303
160645658
162841254
160241001
158043904
162937620
160131728
160707445
162231245
159281347
160104430
159346624
161373936
161359212
161932563
160097691
161409145
161329900
162195406
160225864
160993120
160123567
159937998
160878552
161987571
160915614
161092479
161239531
159575647
160361482
161359142
162183562
160947533
159522144
160215906
161399505
161679074
162222135
159318121
160670635
159205697
158990297
160347703
162805197
162720624
159769314
161787656
160806096
162245441
161222468
160395606
161200534
162166501
161240877
160144814
159468528
161540779
161088557
159902942
160172276
160269265
160496334
161652403
159724639
161957385
160981937
160004766
162047417
160159635
162379968
161091275
163005077
161182187
160960540
160371316
162265276
161121180
158922761
161057792
159502596
159304238
160316952
159817119
160169842
161559087
161795290
164054868
162421681
160774549
160598118
160784344
159556487
160221184
160646391
162439447
160489290
161572307
161402542
160010106
162466706
161593876
160743637
161074513
159640174
163546235
161530473
161615826
162383514
160842036
158565390
160961879
162565860
163360507
162216850
161216091
160660257
161242840
162332902
161141068
162287669
159125533
161475524
160536495
159766469
161164014
161671010
161379561
161299574
161542647
159480089
161018571
162073176
162846733
163035088
161455480
159899202
159918591
163003321
161333859
