1
78936608
78359244
78847639
78450659
78604236
77970954
78016868
77846829
78521994
78954481
78045322
78605147
78321381
78180594
78286548
78574351
78358037
78461725
78522102
77808593
78199376
78328563
78826348
78187001
78161413
77926082
78775784
78247925
77783866
78380049
78394671
78062548
78819124
78190074
78267681
78770673
78761715
78305556
78404970
78334631
78331235
78247916
78293053
78250450
78260855
78695379
77996352
79208335
78656664
78511858
78203558
78720020
78851894
78553021
78445824
78268930
78774535
78058755
78098113
78061802
77990159
78166167
78599879
78385197
78236889
78213415
78640271
78553175
78407487
78358619
77898926
78601319
78015892
78513014
78420431
77817547
77997853
78148175
78598968
78194270
77833905
78557008
77956695
77909287
78565773
78310107
78138259
78703652
78066858
78472247
78291162
78296304
78193684
78470788
78651297
78231723
78467376
78934518
78522231
78545576
78444178
77828966
78558586
78117224
78308420
78537586
78099497
78228461
78395163
78860179
78421133
78762406
78472690
78425594
78243483
78299860
78236268
79077414
78116745
78517433
78107866
78563142
78174345
78452350
78214747
78517172
78604843
78493688
78673168
78712357
78117422
78133463
78182588
78359200
78440980
78462835
78171100
78545085
78322454
77848772
78653430
78253953
78421250
78556030
77930351
78358557
78818869
78010301
78497897
78955926
78782174
78439616
78531893
78558613
77989434
78749593
78186405
78953930
78257484
78648348
78473336
78616406
78238852
78496996
78190590
78326358
78041069
78516830
78329153
77979876
78178078
78343370
78322910
78143899
78109199
78495908
78267584
78103237
78275759
78094032
78457636
78597700
79012902
78364688
78240796
78770862
78211576
78740496
78049230
78496208
78208603
78222853
78283776
78351031
77888918
78495313
78427566
78592179
78709104
78682261
78355907
78173072
78754085
78033708
78164732
78514601
78455094
78255467
78512887
78483297
78753084
78349568
77820248
78584682
77778562
78434827
78546069
78154328
78141641
78511367
78242211
78352049
78289067
78572543
78229043
78611169
78511109
78080846
78311244
78271449
78375742
78253718
78447528
78206565
78467770
78423851
78829897
78714639
78594638
78523164
78540074
78596461
78289946
78573778
78565169
78214348
77918771
77878657
78206739
78864555
78614777
78232776
78422636
78280239
78437938
78303633
78325988
78534030
78473090
78324279
78837314
78224546
78254670
78299858
78090596
78374078
78657007
78229654
78562320
78363990
78116496
78330169
78073208
78120395
77911134
78494512
77824060
78693559
78208808
78515442
78056685
78265593
78381177
78617433
78273130
78512970
78960474
78084637
78299650
78178713
78813670
78760654
78337787
78431932
78115412
78362505
78424199
78147046
78576859
78388992
78067514
78161873
77846115
78526375
78661167
78074283
78581625
78465789
78209753
78584792
77913631
78246844
78718387
78675789
78389537
78071871
78271822
78269437
78534488
78248129
78203913
78375148
78330126
78772292
78246146
78075865
78501525
78355320
78445010
78376438
78221078
78613951
78132628
78351812
78133147
78721097
78459528
78240226
78603538
78741303
78601168
78502958
78496491
78532451
78264084
78453330
78410106
78616697
78216267
78502424
77960940
78109390
77603421
78108011
78307212
78796231
78805128
78349347
78774927
78474486
78525960
78327614
78254539
77950745
78623645
78480266
78431164
78217172
78750049
78249084
78352987
78682180
78195419
78204288
78388637
78663195
78351889
78296241
78441019
78080090
78683913
78170496
78366199
78046249
78525252
78685793
78777693
78515284
78813097
78630546
78523608
78528148
78473788
78927691
78151166
78368098
78491051
78741849
78258390
78470008
78717480
78288900
78529188
78855650
78373260
78569517
78549271
78572214
78029483
78642459
78533396
78028117
78536262
78206284
78495071
78478735
77666074
78862080
78143652
78550827
78325054
78310142
78607848
78579074
78430638
78717989
78101418
78296632
78458021
78182273
78555792
78102686
78230339
78480390
78360391
78546274
78066728
78689578
78731702
78785958
78645947
78341230
78814226
78489567
78241160
78295142
78668327
78116146
78621227
78688868
78340841
78292657
78506504
78378784
78113724
78262495
77891311
78457299
78451355
78546677
78258582
78448852
78533291
77918672
78166049
78557112
78572285
78089596
78148508
78572623
78060487
78172194
77992364
78491642
78858030
78666171
78283447
77892270
78684813
78187231
78229814
78384898
78530684
77921055
78121707
78486208
78647521
77990120
78243714
78030444
78368175
78419847
78578915
78560563
77997199
78470511
78570101
78947152
78990279
79144676
