1
97936915
97464703
97515460
97928749
97671093
97800697
98106407
98095530
97977554
97723993
97844042
97465993
97409575
98034444
97483075
97822503
98046195
97369368
97873977
98032256
97414285
97900931
98738942
97393365
98162008
97713902
97991533
97854262
97646458
98356479
97759304
97915515
97579727
98563480
98180611
97854764
98175076
97802168
98298157
97851185
97842528
98218070
97042418
97895561
98350235
98092176
97782131
97905970
98335953
97492030
97357314
98171632
97867057
98044548
97492733
97611089
97737017
97798130
97672768
97661113
97506140
98550570
97334673
98068886
98081096
97638564
97454622
97678308
98553387
98451410
97885662
98076327
97817134
97672055
97991115
97921578
97899475
97798288
97697577
97268255
96643374
98217175
97764031
97557847
97685568
97198552
98078076
97807740
97664075
97751037
97356235
97557684
98526577
97617060
97911104
97656393
98254905
97911268
98220363
97529086
98506890
97699942
97334448
98104676
97998869
97607399
97721191
97351485
98608791
97519110
97842213
97712259
97421870
97855972
96779539
97794672
97893295
96948883
98041579
97244117
98077195
97618187
97625851
97861170
97658287
97275985
98035853
97220738
97972644
97707230
98764196
97838387
98000294
98114775
98739514
98212037
97446458
97988594
97215635
97624501
98179114
97395635
97632428
97912252
97495315
97955611
97994513
98263161
97943631
97954161
98041597
97450920
97745012
98089001
98490080
97674733
97149344
97115134
97656544
98616950
98195416
97611565
97924735
97625129
97087001
97687040
98004432
98285948
97976151
97700582
97419193
98450302
97625799
97732534
97462359
98031092
97904975
98207216
97371845
97483630
98102372
97657939
98369348
97775178
97365437
97343578
97758866
97336637
97567809
97125820
97824195
97445265
97751218
98903410
98028774
97446214
98353221
98023867
97914591
97540825
97332055
98328656
97672191
97552730
97825158
98013684
97603793
97552690
97312162
97700850
97437086
97056841
97759726
96663809
98058095
97632822
97995274
98253971
97534825
98085948
97840811
97599528
97947190
97998634
98407848
97579502
97155077
97553253
97911122
97530257
97254162
97814657
97752574
98210094
97553035
97616567
98227248
98307516
97568541
97691534
97136420
97935816
98048595
97442935
98062723
97896022
98395333
97649289
97805169
97365066
98188310
97948843
98644284
97225581
97343630
98080660
97925419
98348641
98411572
97214089
97675946
97306609
97783556
97338516
97335860
97862954
98145215
97942591
98096600
97900793
98000156
97993114
97718446
97716049
97112806
97644573
97392196
98087143
97847856
97931942
98355180
97840902
98007887
97054642
97993168
97676031
97461034
97990618
97514370
97537894
97683249
97423687
97609709
97612763
97076870
97704991
98878781
97982805
98577233
98061542
97188265
98014563
97459718
97590914
98262968
97685939
97874723
97960426
97944891
97886615
97643101
97937399
97693228
98160085
98032894
97934713
98262185
97800120
97742911
97552741
97528492
98126996
98030659
97451742
97555038
98017026
97257892
97530362
97714030
97985397
97653494
98316711
97458506
97842180
97578668
97922829
97897787
97490699
97807576
96800062
97518711
97927399
98150698
97698270
97805994
98030527
97561483
97854303
97755004
98033092
98256894
97498817
97932560
98162786
97304645
97488991
97906651
97568299
97356597
98012150
98162843
97419703
97282342
97884950
97583267
97762117
97750320
97430175
98061670
97492846
97643746
97461777
97409586
98329843
97215828
97947011
97346642
98083153
97201129
97201304
97952765
97489302
97115836
97489378
97767021
98099186
97706265
97666063
97202579
97161633
97575201
97432114
97138546
98238040
97038499
98167810
98614754
97584928
97597402
97873549
97689449
97908167
97351184
98054396
97524548
97433992
98038644
97553359
97653745
98096787
97206281
98575573
97727266
97869333
97811676
97762290
97657285
97462965
97953655
97801816
97856999
98040333
97093308
97972253
97591202
97610082
97102289
98216094
98104150
98420287
98110955
98382313
97628561
97817931
98002127
97549401
98065118
98060612
97706628
97875498
97969733
97512343
97389251
97715576
97513592
97524228
97469320
98125552
97533044
97623177
97717409
97148154
97789074
98207931
97518596
97255951
98650719
98123366
97916088
98465538
97348071
97291414
98021153
97655589
97734312
97462601
97556178
97658026
97086788
97669432
97798860
97573636
96585742
97354277
97906488
97382137
97849857
98061025
97557729
97937424
98051148
98052850
97658306
97812313
97746718
97767689
98150604
98053390
97144835
97740348
97656241
97101756
98430377
98300399
97794841
97443950
98044026
97453123
97791585
98591791
