1
56860004
57326160
56881530
57114399
57190082
57056191
57199064
56926984
57328053
57232279
57161521
56926860
56928581
57103030
56936425
57017749
56962744
56997191
57054497
56893869
56944474
57201641
57184957
56990733
57171148
57001418
57124492
56976539
56995001
57131659
57077150
57129081
57041621
57041918
57197428
57176692
57198703
56863275
57221286
57063777
57102930
56941495
56877315
56993269
57070801
57038669
57137864
57128880
57259200
57310774
56974347
56937182
57033170
57060371
57086387
56937608
57197548
57046980
56931776
56811304
57058805
57005241
57361731
57050747
56961747
57209978
57074548
56952970
57175717
57083304
57003761
56937181
56944378
57413262
57255693
57112955
56966595
56963068
57066046
57017127
57330047
57282964
57029481
56982650
57052589
57156011
57145764
56925906
57156794
57195149
56919292
56833642
57320149
56821524
57062770
57035489
57129732
57043567
56982374
56902360
57045642
56932026
57065496
57168036
56828109
56930601
57018791
57142269
57028795
57133313
56894808
57059351
56804796
57154748
57002607
57132219
57113928
57275879
57045289
57019553
56889986
57034822
57041470
57233032
57161933
56961277
56997455
57021332
57024674
57044255
57247610
57063058
56955945
56999141
57126567
57211681
57066973
56946496
56827056
57169712
57104300
56840105
57145855
57143256
56884397
56907479
57117883
57004437
57183703
57279567
56882825
57289787
56951179
57241265
57230395
57115971
57218566
56935201
57030687
57013669
57092772
57079919
57172380
57024202
57005765
56849353
57218862
57262206
57109857
57264431
57051568
57365177
57044736
57332657
57260958
57086088
56995253
57500740
57274132
57162752
57021664
56921388
57210932
57173238
56968377
57035381
56958532
56987754
56939068
56973320
57055843
57310301
56991977
57003956
56887631
57312498
57077072
57082209
56858036
57052075
57135614
57057021
57241978
57171728
57103987
57063956
56975027
57065881
57164445
57202568
56842937
56898187
57059355
56877994
56809228
57314118
56886351
57100793
57174046
56933536
56999437
56803951
57053292
56988767
57033643
56971390
57051787
57183446
57125498
57067641
57045096
57076632
57155867
57155309
56940305
57067086
56880063
57158396
57137046
57023545
57072206
57018977
57320335
57252189
56890486
57144877
57112310
57116124
57057317
56860349
56959312
57098814
57274120
57091986
57135169
57040226
57066635
57209623
57171247
56953129
57084837
57164669
57059342
56954348
57258582
57081294
57253482
57098674
57145788
57123475
57134977
57128909
56993421
57212011
56957397
56913581
57045965
57049559
57180732
57119178
57032079
56926681
57086676
57152566
56934324
56867345
57051035
57044204
57012610
57130722
56738610
57202748
57115048
57041130
57156277
56849174
57013598
57077646
57053191
56934979
57033069
57196285
56934659
57134806
56828752
57043992
57294238
57062307
57134114
57219544
57002990
57114419
56870683
56943754
57057749
56911049
57010834
57439035
57115416
56988889
57181773
57187411
57113366
57160798
56841772
57269182
57098928
57064661
56957798
57228058
56853811
56876340
56985135
57236110
57429812
57294723
56766181
56968702
57068771
56994447
57036731
57283842
57068731
56988599
57063303
57111629
57119242
57138210
57177331
56909172
57016446
57167338
57191583
56707324
57267546
57018578
56951493
57237983
57132711
57221007
57174533
57046758
57063596
57103579
56904380
57105172
57222097
56874862
56865591
57246573
57092655
56933882
57026167
57071017
56908517
57055176
57185805
57150148
56963173
56996244
57076196
57011515
57220787
57047512
57122845
57140757
56740377
57168121
57049013
56962067
57238000
56990305
57137707
57048809
57157879
57204935
57137048
56988663
56873428
57259965
57290302
57241000
56949847
57180963
56821749
56877002
56861345
57018185
57095811
57113738
57091200
56969602
56797467
57134081
57273448
57085943
57033316
57179455
57185978
57193206
57155264
57111769
57106357
56996617
56983140
57034088
56903437
56901763
57271355
56856027
57102003
57091428
57063226
56948544
56952193
57022810
56957906
57049901
56955890
57241243
57213695
57147676
56940417
57277834
57024767
57226828
57053150
56968139
56865199
56966843
56860042
56980555
56961122
56953346
57123844
57026553
57039457
57085092
57059888
57033261
56986885
57419934
57058287
57016343
57213873
56984493
57217696
57091923
57011121
56847659
57146666
57078724
57113343
57048424
56881955
56827456
57140211
56922954
57140991
57258850
56976009
56805143
57024569
56888147
57208248
56951151
56837378
57015178
56910359
57112262
57015860
57034478
56932350
57176022
56761998
56874062
57157391
56791955
57128240
56865883
