0
0
0
0
0
0
0
0
0
0
0
0
0
26
26
26
26
26
26
26
26
26
26
26
26
26
26
27
27
27
27
27
27
27
27
27
27
27
27
27
27
27
27
27
27
27
27
29
48
58
68
93
96
103
103
103
103
103
103
107
109
109
109
118
135
135
135
147
147
147
147
147
147
147
147
147
147
147
147
147
153
165
174
179
179
179
179
179
189
204
204
204
204
204
210
218
228
228
228
228
228
228
228
228
228
228
228
238
239
245
245
245
245
245
245
245
245
245
249
250
255
266
266
266
266
266
276
276
276
276
276
276
276
276
276
276
276
276
276
276
276
276
276
281
305
334
335
335
335
335
335
335
335
345
345
354
356
373
374
374
385
388
388
388
388
388
388
388
388
388
388
388
388
388
388
388
388
388
388
388
388
388
400
407
407
408
408
414
414
414
414
414
414
414
414
418
418
418
418
423
423
425
425
425
425
425
425
425
425
425
425
425
425
425
433
453
453
453
453
453
471
471
471
471
471
471
471
471
471
471
471
471
471
471
471
471
488
496
523
552
570
570
602
602
602
602
602
602
602
622
622
622
625
625
634
637
637
637
637
638
638
638
638
638
638
638
638
638
640
640
646
653
653
653
653
653
653
653
653
653
653
653
653
653
653
653
653
653
653
664
664
664
671
677
677
680
687
687
687
687
687
687
687
706
706
706
718
723
732
735
735
735
735
735
757
757
757
757
759
762
762
762
762
762
762
762
762
762
762
762
781
790
794
825
826
856
874
874
874
874
874
874
874
898
902
902
904
904
940
942
942
942
954
963
972
972
972
972
972
972
972
972
994
994
994
994
994
994
994
994
994
994
994
994
994
994
994
994
999
999
999
999
999
999
999
1015
1028
1032
1032
1032
1058
1058
1058
1064
1064
1064
1064
1084
1084
1084
1098
1102
1106
1113
1113
1113
1113
1113
1114
1114
1114
1114
1145
1146
1146
1146
1150
1150
1150
1150
1150
1150
1150
1150
1150
1150
1153
1177
1199
1210
1226
1244
1244
1244
1244
1244
1244
1256
1256
1256
1256
1262
1300
1309
1323
1325
1348
1360
1360
1360
1360
1360
1360
1360
1360
1360
1367
1367
1367
1367
1367
1372
1372
1372
1372
1372
1372
1372
1372
1372
1372
1372
1372
1372
1372
1372
1372
1372
1372
1372
1372
1372
1372
1372
1372
1372
1372
1372
1372
1372
1372
1372
1372
1405
1421
1421
1428
1428
1428
1428
1428
