1
58970906
59414751
58899884
59047655
59106706
58837791
59179128
58745945
59127431
58755177
59051663
59307352
58949170
59030389
58451272
59039410
59130269
58680521
58936119
59368457
58866699
59026400
58973966
59179101
58709371
59046444
59246069
58873122
59418621
58791673
58883995
59279672
58994257
58609340
58911186
59085154
59089566
58778056
58730157
59221606
58845612
58955400
59036908
58941156
59058328
58851257
58963245
58632166
58776194
58767204
58905879
58962743
58858539
59387793
58629217
59131718
58914334
58772845
59063609
58552830
58989380
59364071
59126589
58971187
59069954
58748747
58678372
58987156
58929014
58939742
58999246
59011598
58869662
58861883
59134779
59175119
58907158
59091032
59075476
58623243
59166649
58933522
58330970
58795378
58685725
58738901
58772608
59087268
58781477
59162227
58896614
59052116
58968057
58913114
58865556
58791712
58930501
59205573
59045864
58652307
59134973
58613586
58721492
58512249
58912766
59235936
59112224
59015890
59205729
58929761
58679989
59221514
58863408
58658358
58941774
59135769
58850037
59165576
58442992
58865561
58667289
59095181
59162482
58819862
58740285
59119124
58775060
58583996
58943957
58850509
58646374
59115730
59109135
59012786
59242081
59074276
59166535
59129740
58983327
59024128
58588085
58856469
58681518
59287765
58991473
59127489
58931474
58931663
58745758
58810938
58972928
59278261
58736495
58841361
58962971
58982451
59002316
58920718
58631013
59019073
58767704
59184786
58858016
59125669
59123589
58534324
59092733
58794097
58970738
58790590
58832554
59160782
58919403
59231750
58817315
58696053
59203843
59132160
58749139
58961617
59076776
59283477
59214800
58724642
59032690
59004852
58677161
58978097
59006582
59323145
59128203
58938579
59152183
58938807
58942808
58882002
59113313
58799784
59191028
58689779
58929335
58631628
58958307
58969532
59003884
59055306
59169296
59256487
59018992
59052636
58794944
58593271
59009377
59058707
58915315
58826587
58843850
58659795
58834895
58564895
58923438
58741709
58775684
58731450
59077830
58854197
58950921
58977468
58928364
59089081
58773754
58644828
59049239
59407739
58927572
59072000
58875958
58945660
59031934
59288425
58569499
58845923
59011191
58780155
59269427
59066154
58836550
59051610
59333957
58912711
59014750
59196401
59102962
59331270
59212035
58760446
59018303
59425528
58961953
58773780
59067528
58971962
58910842
59060208
59001308
58921354
59080911
59055290
59104122
59101684
59287833
58874306
58910455
58723122
59003786
59108062
58749084
58892665
59106895
58889561
58881462
58856395
59183634
58921213
58954138
58558000
59052208
58927251
58957618
58751014
59048813
59087720
58743042
58927971
58663292
59040834
59090423
58849294
58733098
59100612
59109884
58895695
58634809
58995577
58903925
59152430
58817384
59001767
59162536
58960588
59266212
58697569
59090479
58798489
58668831
58580889
58800934
58912867
59026435
58916476
58628378
58991190
58998050
58788453
58717493
58703744
59095863
58947664
58778450
58893043
59323889
58568698
58687757
58980181
59053557
59223091
58757273
58758067
58805968
58608459
58919605
59037621
59040013
59178183
58927621
59023333
59087088
58816306
58687397
59397559
58700135
59235141
58833104
59024247
58962480
59065394
58892733
59099799
58993480
58659430
58980561
58934772
58789097
58904625
59463041
59019326
59092547
58904411
58953694
58927741
58881359
58776484
58888321
59142443
58927134
59046930
59098909
58883447
58877199
59136085
58794532
58716554
58999443
58953849
58756216
58933436
59201840
58820010
58986162
58567610
59271354
58590530
58893879
59330215
59116188
59151767
58985088
58866109
58704389
59154651
58975201
58323949
59078675
58774905
58582856
58731483
58894668
58819595
58771461
58946659
59183025
59018658
58791256
59032858
58854224
59176203
58972179
58850404
58737194
59027599
58862717
59058751
58847836
59430247
58743854
58770713
59126540
58926592
59004136
58835081
58737204
58828612
59071053
59026323
58894235
58843919
59097834
58708499
59028334
58972849
58993679
58885691
58875567
58835644
58745781
59104017
59008413
59095956
58748292
59093951
59315677
59018114
58558131
58651410
59138308
58633943
58876480
59130437
58953876
58909808
58858120
59042386
58765077
59046694
58819745
59017497
59400535
58964959
59308707
59121542
58734373
58735550
59098191
59205104
59241712
58829775
58440220
58693378
58798827
59053446
59083004
58983724
59015296
58843805
58869388
58799827
59034075
58789775
59049522
58692584
58907314
58808485
59135120
59013712
59054077
59006628
58956959
58969636
59069739
58718341
