1
69273550
69430481
69321477
69387786
69596059
69487921
69413369
69542482
69326865
69361915
69586171
69472835
69429861
69872973
69664717
69676559
69634370
69547277
69380022
69739608
69273602
69490166
69307088
69606384
69291919
69255735
69369845
69159074
69441138
69617511
69322335
69278301
69569421
69124373
69556199
69475932
69109469
69681540
69383911
69549320
69593542
69459047
69668194
69763909
69488162
69382670
69596423
69338302
69322863
69494617
69459829
69499009
69928511
69401383
69700824
69593355
69898592
69620155
69653316
69467761
69458061
69603875
69665049
69168882
69601582
69255883
69870355
69334961
69566293
69259863
69434802
69604651
69459768
69678142
69238181
69354389
69431707
69442921
69453623
69586906
69448892
69585001
69213781
69301521
69410666
69944261
69786437
69619093
69717249
69443481
69487092
69540464
69621740
69285357
69596695
69723004
69583695
69267836
69354837
69709068
69507545
69874898
69298875
69652175
69517029
69475725
69266603
69882416
69435491
69282432
69486458
69394654
69388828
69570224
69669744
69496063
69892996
69890596
69641597
69661425
69311901
69476096
69454877
69553926
69604815
69392207
69748128
69373758
69392132
69408281
69412316
69722984
69445285
69696697
69506939
69750484
69598531
69639095
69230651
69727002
69272268
69658500
69335395
69378718
69689001
69678053
69148938
69508503
69372990
69558163
69511439
69480112
69664839
69413527
69510119
69709754
69499319
69401767
69573949
69358301
69438760
69413876
69336722
69504007
69472240
69676029
69320699
69323013
69657372
69645091
69779435
69148004
69207759
69571633
69227780
69569661
69392645
69713722
69169842
69798969
69323579
69526219
69345272
69470909
69737148
69525502
69412564
69373850
69639778
69547844
69716983
69825916
69308491
69558697
69335551
69634073
69237793
69846250
69254674
69576628
69628481
69183119
69481155
69383367
69592048
69539284
69327147
69147264
69322373
69333496
69439997
69337150
69352499
69653354
69225969
69460240
69662370
69419984
69707971
69225426
69240217
69717433
69527907
69787729
69370301
69600624
69686587
69586304
69251417
69682765
69600778
69541458
69672224
69750453
69728687
69398010
69395434
69693907
69749560
69423783
69851045
69741264
69435047
69426365
69634676
69250115
69283380
69744187
69620407
69727253
69477924
69429353
69149274
69474579
69694065
69550861
69665099
69581658
69542813
69518952
69742317
69479727
69483526
69580891
69475878
69608381
69281363
69596562
69392964
69282723
69530757
69408190
69387724
69370265
69271498
69397847
69571985
69738541
69767688
69352948
69352931
69570244
69436991
69522092
69356120
69242232
69285925
69558575
69715113
69423856
69800605
69354065
68969176
69448227
69612035
69230332
69399152
69377782
69634100
69567598
69564337
69611603
69389956
69736221
69514504
69463791
69623091
69358222
69473058
69541623
69238845
69473400
69589097
69388314
69278092
69278631
69673448
69396339
69212803
69768475
69474644
69488308
69202525
69401374
69279415
69663217
69513674
69350305
69822090
69571627
69710555
69404204
69661480
69663327
69318824
69352222
69545951
69261381
69794448
69830901
69238299
69504709
69365579
69484462
69320561
69207104
69555396
69339093
69785579
69629260
69337943
69255382
69728648
69460166
70013777
69492841
69611251
69485378
69395024
69296340
69480250
69551675
69625873
69266393
69461656
69630460
69364976
69536907
69293129
69752010
69056344
69580470
69611493
69399272
69272483
69500536
69714568
69298737
69400583
69579240
69508270
69477274
69304857
69397804
69459893
69653268
69329523
69337485
69383144
69555895
69481380
69537333
69363005
69820736
69428840
69849064
69470180
69403751
69444128
69326896
69639831
69657821
69296986
69690521
69672385
69815332
69291264
69587339
69625528
69473654
69539272
69611899
69600187
69479396
69021476
69707314
69679989
69490862
69667150
69494082
69689726
69868923
69492154
69568357
69516311
69351071
69710257
69550428
69667107
69603739
69509236
69248304
69545278
69404269
69540662
69467423
69265392
69130189
69397526
69714078
69486412
69478366
69442925
69518394
69523396
69266787
69874032
69656268
69336377
69314984
69474487
69488031
69390902
69487503
69338310
69456296
69466140
69458407
69397198
69149743
69407464
69284091
69302590
69620755
69664862
69757186
69288211
69637323
69217710
69319056
69397434
69272057
69537106
69604920
69695467
69764728
69315339
69656398
69299312
69483302
69161117
69555294
69709103
69784537
69629262
69328397
69649090
69607018
69439778
69712687
69622883
69618162
69807367
69136652
69630746
69879582
69503761
69610072
69587939
69466235
