0
40
79
161
226
281
315
379
413
494
541
632
712
762
825
879
943
1045
1128
1166
1246
1306
1364
1410
1480
1528
1583
1650
1725
1789
1822
1871
1965
2012
2091
2123
2204
2281
2348
2375
2428
2455
2516
2570
2636
2708
2768
2840
2904
2984
3049
3106
3155
3233
3280
3370
3403
3463
3489
3581
3632
3675
3734
3789
3831
3874
3930
4013
4089
4161
4238
4304
4360
4393
4429
4485
4547
4632
4663
4701
4765
4825
4896
4942
5015
5045
5121
5152
5214
5243
5278
5305
5325
5406
5445
5477
5532
5592
5675
5719
5755
5828
5884
5958
6031
6119
6183
6225
6305
6357
6424
6504
6572
6595
6669
6743
6799
6852
6939
6972
7020
7072
7183
7272
7323
7376
7487
7545
7608
7659
7714
7792
7836
7875
7916
7946
8006
8092
8181
8230
8279
8328
8381
8450
8493
8558
8604
8660
8710
8778
8811
8867
8913
8984
9022
9079
9155
9202
9260
9306
9389
9456
9515
9562
9637
9711
9777
9819
9859
9914
9973
10049
10079
10115
10162
10243
10307
10357
10447
10474
10528
10575
10632
10654
10693
10734
10774
10858
10900
10944
11001
11028
11116
11173
11211
11288
11332
11402
11466
11540
11590
11648
11703
11757
11844
11899
11956
11993
12069
12139
12194
12238
12319
12362
12408
12459
12548
12610
12672
12702
12787
12840
12905
12962
13020
13067
13108
13171
13213
13267
13349
13404
13483
13538
13599
13644
13714
13792
13852
13929
13967
14034
14082
14159
14215
14289
14322
14393
14437
14493
14559
14609
14670
14730
14801
14865
14906
14949
15031
15098
15148
15185
15228
15294
15331
15398
15446
15504
15569
15634
15687
15745
15833
15872
15932
15994
16090
16125
16162
16229
16268
16355
16400
16475
16524
16567
16634
16721
16762
16824
16846
16938
16997
17094
17136
17181
17242
17299
17392
17469
17528
17562
17651
17746
17795
17878
17916
17955
18049
18072
18164
18233
18291
18314
18399
18473
18519
18585
18656
18708
18759
18841
18884
18947
19053
19106
19186
19240
19293
19336
19415
19485
19543
19600
19644
19699
19748
19828
19881
19958
19984
20077
20139
20202
20245
20255
20313
20397
20479
20523
20565
20599
20674
20741
20793
20812
20845
20900
20955
21030
21094
21170
21209
21280
21330
21386
21467
21534
21587
21682
21762
21796
21827
21894
21920
21984
22048
22121
22173
22227
22297
22382
22444
22513
22549
22627
22721
22802
22826
22880
22905
22976
23048
23113
23188
23248
23309
23392
23445
23508
23548
23617
23683
23724
23811
23867
23930
23960
24027
24071
24106
24206
24268
24319
24346
24432
24498
24550
24662
24719
24795
24861
24897
24947
24994
25064
25107
25156
25201
25271
25312
25399
25472
25551
25579
25657
25692
25747
25788
25810
25848
25917
25993
26028
26047
26087
26166
26228
26280
26299
26341
26394
26466
26528
26595
26668
26709
26787
26829
26884
26967
27049
27099
27168
27247
27306
27355
27438
27483
27563
27623
27719
27792
27821
27878
27947
27986
28055
28092
28172
28257
28315
28349
28395
28416
28479
28544
28617
28701
28784
28841
28936
28989
29050
29110
29162
29230
29296
29395
29451
29518
