0
3
4
4
12
16
16
16
29
44
46
59
87
103
111
148
150
170
200
202
203
203
203
217
219
238
264
264
293
293
318
346
355
355
359
396
404
404
412
423
425
436
443
450
470
478
479
494
496
504
508
508
521
525
533
560
560
568
572
587
601
601
601
616
616
633
633
653
677
683
687
687
708
727
727
752
754
757
767
800
804
817
839
855
857
867
872
872
877
897
918
921
921
930
974
982
982
982
994
994
996
996
1006
1022
1022
1025
1054
1062
1073
1106
1111
1136
1157
1173
1176
1176
1178
1181
1181
1197
1217
1217
1233
1241
1279
1294
1310
1315
1328
1360
1364
1364
1370
1375
1380
1399
1406
1412
1429
1434
1437
1437
1451
1467
1477
1477
1487
1489
1496
1522
1527
1545
1545
1550
1566
1566
1566
1573
1573
1584
1584
1584
1598
1607
1616
1618
1639
1654
1654
1666
1668
1673
1682
1692
1703
1729
1754
1767
1769
1779
1779
1785
1785
1792
1833
1841
1846
1850
1868
1878
1880
1885
1891
1891
1896
1899
1918
1930
1935
1935
1939
1941
1941
1971
1981
2007
2029
2047
2053
2053
2058
2067
2072
2098
2123
2123
2143
2143
2174
2195
2222
2223
2232
2254
2261
2261
2261
2265
2271
2296
2300
2317
2344
2347
2347
2347
2356
2365
2370
2371
2391
2399
2418
2430
2443
2452
2461
2468
2478
2479
2480
2484
2485
2492
2492
2507
2510
2512
2517
2517
2551
2555
2559
2571
2571
2571
2593
2600
2620
2631
2654
2665
2672
2680
2680
2682
2685
2696
2720
2735
2735
2752
2770
2787
2788
2790
2801
2807
2817
2817
2827
2831
2835
2835
2845
2845
2854
2861
2871
2886
2901
2909
2918
2918
2924
2924
2927
2958
2990
2990
3011
3011
3026
3031
3054
3058
3068
3074
3074
3074
3090
3090
3090
3114
3126
3128
3159
3159
3172
3175
3190
3196
3203
3203
3221
3225
3237
3264
3281
3288
3294
3300
3304
3304
3320
3325
3350
3350
3355
3366
3367
3371
3371
3371
3401
3405
3405
3406
3413
3413
3418
3438
3462
3477
3516
3520
3520
3530
3530
3530
3530
3549
3569
3592
3602
3623
3640
3650
3650
3662
3674
3674
3674
3677
3704
3707
3707
3711
3726
3727
3743
3748
3755
3765
3774
3782
3786
3792
3792
3792
3810
3831
3858
3863
3878
3878
3894
3894
3898
3898
3898
3927
3934
3934
3956
3956
3967
3988
3995
3996
4012
4013
4013
4013
4030
4040
4042
4042
4070
4079
4081
4095
4099
4114
4131
4136
4136
4136
4161
4173
4189
4189
4197
4224
4224
4229
4229
4230
4233
4243
4243
4247
4256
4256
4278
4306
4326
4339
4387
4411
4419
4460
4461
4461
4461
4472
4478
4493
4529
4539
4547
4564
4564
4586
4605
4605
4605
4611
4631
4636
4636
4640
4645
4646
4662
4662
4662
4679
4689
4700
4713
4714
4718
4720
4721
4738
4747
4751
4773
4779
4779
