0
0
0
0
0
0
0
0
0
0
0
0
17
29
29
37
37
37
37
37
37
40
40
40
40
41
41
41
41
41
45
45
53
58
58
58
58
58
58
60
74
90
121
135
143
143
143
143
143
143
160
160
160
165
165
201
216
220
220
227
234
237
237
237
237
237
237
237
237
249
249
249
249
249
249
249
249
249
249
249
249
249
249
249
249
249
249
249
249
249
249
249
249
249
249
249
249
249
249
249
249
249
249
249
256
270
284
298
306
309
309
309
309
309
309
314
314
314
322
329
339
339
346
346
352
352
352
352
352
352
352
352
352
352
352
352
360
371
382
382
382
382
382
382
403
410
410
410
410
410
418
424
434
434
434
434
434
434
434
434
434
434
434
434
439
439
439
439
439
439
439
439
439
439
439
447
447
452
452
452
452
452
461
461
461
461
461
461
461
461
461
461
461
461
461
461
461
461
461
462
484
503
508
508
508
508
508
508
508
508
508
513
528
528
528
528
542
542
542
542
542
542
542
542
542
542
542
542
542
542
542
542
542
542
542
542
542
542
542
542
542
542
542
546
546
546
546
546
546
546
546
546
546
546
546
546
546
546
546
546
546
546
546
546
546
546
546
546
546
546
546
554
554
554
554
554
576
576
576
576
576
576
576
576
576
576
576
576
576
576
576
576
586
593
622
653
660
681
694
694
694
694
694
694
694
699
699
699
699
699
712
712
712
712
713
713
713
713
713
713
713
713
713
713
713
713
727
727
727
727
727
727
727
727
727
727
727
727
727
727
727
727
727
727
729
737
737
741
748
748
754
754
757
757
757
757
757
757
759
777
777
779
792
802
802
805
805
805
805
814
832
832
832
832
835
838
838
838
838
838
838
838
838
838
838
838
839
847
865
881
884
924
936
936
936
936
936
936
936
955
955
957
961
964
999
999
999
999
1016
1027
1027
1027
1027
1027
1027
1027
1027
1035
1048
1048
1048
1048
1048
1048
1048
1048
1048
1048
1048
1048
1048
1048
1048
1048
1048
1048
1048
1048
1048
1048
1048
1070
1075
1076
1079
1079
1098
1098
1109
1109
1109
1109
1123
1131
1131
1131
1147
1148
1149
1158
1158
1158
1158
1158
1161
1161
1161
1178
1190
1191
1191
1196
1196
1196
1196
1196
1196
1196
1196
1196
1196
1196
1216
1227
1243
1266
1284
1287
1287
1287
1287
1287
1287
1300
1300
1300
1302
1324
1349
1359
1365
