0
9
15
18
18
18
18
18
27
35
35
35
43
52
52
63
63
66
66
66
74
74
100
100
100
114
114
114
114
114
114
114
114
122
122
128
128
136
137
144
144
144
144
144
144
144
150
158
158
158
158
170
170
170
170
170
180
194
202
202
209
218
218
218
237
257
264
279
285
285
286
286
286
294
299
314
332
332
332
339
339
339
339
339
362
374
374
374
374
374
379
379
410
410
420
425
431
431
431
431
431
431
446
465
465
466
484
485
485
493
494
497
497
497
513
513
519
527
527
543
543
543
543
543
551
551
551
551
551
562
562
571
571
571
571
574
579
579
579
579
579
584
584
584
584
584
584
584
584
584
601
612
633
633
643
643
643
643
668
684
691
707
714
721
721
721
721
723
723
742
764
764
764
783
783
783
783
800
826
836
836
836
836
836
836
842
856
856
872
872
885
889
889
894
894
894
901
904
904
904
914
921
921
924
924
924
924
924
934
934
936
949
949
949
949
949
949
949
959
959
959
961
967
982
982
988
988
988
988
991
991
991
991
991
1005
1008
1008
1008
1008
1012
1012
1012
1017
1017
1030
1058
1077
1077
1079
1088
1088
1088
1106
1116
1116
1125
1142
1152
1152
1167
1167
1167
1167
1198
1227
1227
1227
1251
1254
1264
1264
1266
1284
1286
1286
1286
1286
1286
1291
1301
1303
1303
1303
1303
1305
1305
1305
1306
1306
1306
1306
1306
1306
1307
1307
1311
1311
1315
1317
1317
1317
1321
1330
1330
1330
1339
1347
1349
1349
1349
1349
1349
1352
1352
1352
1352
1371
1385
1388
1399
1399
1399
1399
1399
1399
1399
1399
1399
1415
1416
1416
1416
1416
1416
1425
1425
1429
1429
1438
1462
1467
1467
1467
1484
1484
1497
1503
1508
1508
1518
1522
1530
1530
1544
1544
1545
1545
1557
1574
1580
1580
1589
1589
1597
1600
1612
1614
1614
1614
1614
1614
1626
1626
1639
1643
1643
1643
1643
1643
1643
1643
1644
1644
1644
1644
1644
1647
1647
1650
1652
1652
1652
1652
1655
1656
1657
1657
1657
1657
1660
1670
1670
1670
1670
1670
1670
1676
1676
1676
1685
1701
1701
1713
1732
1732
1732
1744
1769
1769
1769
1775
1775
1783
1787
1787
1802
1802
1802
1819
1819
1819
1819
1832
1846
1864
1864
1864
1864
1864
1878
1889
1899
1899
1922
1948
1954
1977
1977
1977
1980
1980
1989
2013
2013
2013
2014
2020
2025
2044
2051
2057
2057
2057
2060
2060
2082
2083
2094
2096
2096
2096
2099
2106
2111
2111
2111
2111
2111
2119
2119
2119
2119
2125
2134
2134
2134
2134
2134
2134
2150
2151
2151
2151
2151
2151
2151
2151
2151
2151
2151
2157
