0
0
0
0
0
0
0
0
0
0
0
9
54
54
54
54
58
81
81
81
81
81
96
96
129
150
155
160
160
210
210
210
231
231
231
236
279
279
279
312
314
323
338
338
338
338
359
386
386
386
386
471
476
476
476
486
486
486
486
486
486
486
486
524
534
542
599
628
655
693
727
727
727
727
727
727
757
762
762
771
774
852
870
900
908
949
970
975
975
975
975
975
990
1005
1009
1047
1047
1047
1047
1047
1093
1093
1093
1093
1093
1093
1132
1132
1135
1135
1135
1157
1157
1157
1157
1157
1157
1157
1157
1157
1159
1168
1169
1202
1202
1202
1207
1217
1217
1217
1226
1237
1280
1339
1339
1348
1349
1349
1349
1349
1359
1425
1425
1425
1425
1442
1454
1454
1454
1454
1454
1459
1463
1487
1487
1487
1487
1487
1487
1487
1509
1530
1592
1619
1661
1661
1661
1661
1661
1661
1734
1734
1734
1745
1745
1785
1843
1851
1851
1851
1881
1887
1887
1887
1887
1887
1907
1911
1939
1999
1999
1999
1999
1999
1999
1999
1999
2013
2013
2035
2039
2047
2047
2064
2064
2064
2064
2064
2064
2064
2064
2064
2064
2069
2069
2069
2069
2106
2107
2107
2107
2107
2108
2132
2166
2192
2209
2263
2270
2281
2281
2281
2281
2281
2281
2341
2344
2348
2359
2385
2413
2413
2422
2433
2442
2442
2442
2442
2442
2442
2442
2442
2442
2442
2443
2472
2497
2516
2535
2544
2544
2544
2544
2544
2611
2643
2643
2651
2651
2653
2675
2694
2714
2714
2714
2714
2714
2714
2714
2716
2729
2746
2746
2784
2790
2806
2806
2806
2806
2806
2806
2814
2820
2827
2875
2879
2890
2909
2909
2909
2909
2909
2950
2955
2955
2955
2955
2955
2955
2955
2955
2970
2974
2974
2974
2974
2974
2974
3016
3024
3073
3126
3134
3134
3134
3134
3134
3134
3146
3216
3216
3232
3237
3270
3270
3270
3296
3296
3296
3296
3296
3319
3319
3319
3319
3323
3323
3344
3344
3344
3344
3344
3345
3345
3345
3345
3345
3345
3422
3442
3442
3444
3444
3450
3450
3450
3450
3450
3478
3484
3484
3513
3513
3517
3539
3551
3551
3554
3554
3554
3554
3554
3563
3563
3563
3584
3603
3603
3610
3619
3638
3676
3676
3676
3676
3698
3750
3750
3750
3750
3790
3790
3790
3790
3790
3790
3790
3790
3790
3790
3790
3801
3882
3895
3949
4007
4044
4044
4110
4110
4110
4110
4110
4135
4154
4208
4208
4208
4214
4214
4247
4250
4250
4250
4256
4271
4271
4271
4271
4271
4271
4271
4271
4271
4280
4280
4304
4312
4312
4312
4312
4312
4315
4329
4329
4364
4371
4371
4371
4371
4371
4371
4371
4378
4378
4435
4435
4445
4460
4472
4472
4478
4493
4493
4493
4502
4525
4525
4529
4579
4579
4579
4616
4622
4637
4643
4643
4643
4643
4680
4732
4732
4732
4732
4756
4761
4761
4761
4761
4761
4761
