0
0
0
32
68
94
132
164
165
165
165
165
165
190
193
193
198
205
285
302
326
339
382
405
405
405
405
405
405
411
421
433
469
469
469
469
469
508
508
508
508
508
508
536
536
537
537
537
556
556
556
556
556
556
556
556
556
556
558
560
591
591
591
594
606
606
606
607
619
688
720
720
732
732
732
732
732
767
807
807
807
807
822
831
831
831
831
833
833
852
866
866
866
866
866
866
866
888
930
976
1003
1044
1044
1044
1044
1044
1044
1118
1118
1118
1126
1126
1177
1233
1233
1233
1233
1262
1268
1268
1268
1268
1268
1284
1286
1313
1373
1373
1373
1373
1373
1373
1373
1373
1380
1380
1398
1405
1405
1405
1422
1422
1422
1422
1422
1422
1422
1422
1422
1422
1422
1422
1422
1422
1444
1450
1450
1451
1451
1463
1477
1508
1538
1565
1613
1615
1627
1627
1627
1627
1627
1627
1689
1693
1693
1700
1731
1756
1756
1769
1769
1782
1782
1782
1782
1782
1782
1782
1782
1782
1782
1782
1812
1830
1852
1874
1876
1876
1876
1876
1876
1937
1969
1969
1973
1973
1973
1993
2008
2028
2028
2028
2028
2028
2028
2028
2028
2034
2050
2050
2091
2101
2115
2115
2115
2115
2115
2115
2116
2120
2130
2183
2183
2195
2214
2214
2214
2214
2216
2245
2255
2255
2255
2255
2255
2255
2255
2255
2266
2271
2271
2271
2271
2271
2271
2311
2323
2378
2422
2430
2430
2430
2430
2430
2430
2436
2505
2505
2527
2540
2561
2561
2561
2590
2590
2590
2590
2600
2607
2607
2607
2607
2607
2607
2620
2620
2620
2620
2620
2623
2623
2623
2623
2623
2623
2702
2712
2712
2715
2715
2723
2723
2723
2723
2723
2745
2750
2750
2777
2777
2777
2806
2807
2807
2814
2814
2814
2814
2814
2814
2814
2814
2830
2847
2847
2857
2869
2891
2924
2924
2924
2924
2939
2991
2991
2991
2991
3017
3019
3019
3019
3019
3019
3019
3019
3019
3019
3019
3025
3103
3118
3175
3237
3268
3277
3335
3335
3335
3335
3335
3355
3386
3431
3431
3431
3431
3431
3463
3463
3463
3463
3476
3476
3476
3476
3476
3476
3476
3476
3476
3476
3479
3479
3508
3512
3512
3512
3512
3512
3516
3520
3520
3568
3568
3568
3568
3568
3568
3568
3568
3568
3572
3627
3627
3637
3647
3658
3658
3666
3681
3681
3681
3681
3708
3708
3708
3753
3756
3756
3781
3797
3806
3813
3813
3813
3813
3856
3897
3897
3897
3897
3918
3919
3919
3919
3919
3919
3919
3919
3919
3919
3925
3954
4007
4032
4041
4101
4104
4166
4204
4204
4204
4204
4204
4204
4220
4286
4286
4286
4303
4303
4381
4381
4381
4381
4414
4426
4439
4439
4439
4439
4439
4446
4457
4484
4517
4517
4517
4517
4517
4517
4517
4517
4517
4517
4540
4569
4569
4569
4569
4585
4590
4590
4590
4590
4590
4595
4595
4646
4651
4664
