0
0
0
3
3
3
3
6
51
58
58
58
77
77
80
88
102
102
119
119
141
142
170
170
175
175
183
218
222
222
223
223
240
246
268
269
269
269
269
269
275
275
302
314
314
314
314
314
314
314
314
314
314
314
314
314
314
314
314
314
314
314
314
314
314
314
314
314
314
325
325
325
325
325
325
328
328
328
329
359
359
371
409
409
409
422
474
474
474
474
474
474
483
483
504
504
504
520
522
522
522
522
553
579
579
579
579
579
592
611
631
631
655
706
724
765
767
767
767
767
770
820
820
820
820
826
827
865
884
895
895
895
895
895
922
927
949
952
952
952
952
952
962
962
962
962
962
962
962
962
962
962
975
975
975
975
975
975
991
991
991
991
991
991
991
991
991
991
991
991
991
991
991
1000
1000
1000
1029
1029
1029
1038
1079
1079
1079
1079
1079
1079
1080
1088
1110
1110
1110
1116
1116
1116
1116
1116
1131
1173
1173
1173
1173
1173
1177
1196
1230
1233
1244
1273
1273
1290
1290
1290
1290
1290
1290
1307
1307
1307
1307
1321
1321
1335
1335
1335
1336
1336
1336
1336
1366
1366
1366
1386
1386
1386
1386
1386
1386
1386
1386
1390
1390
1390
1390
1390
1390
1390
1390
1390
1390
1390
1390
1390
1394
1403
1403
1403
1403
1404
1404
1404
1404
1404
1404
1429
1444
1444
1444
1459
1459
1459
1486
1521
1534
1563
1574
1579
1579
1579
1579
1585
1593
1621
1654
1654
1654
1654
1654
1654
1654
1654
1685
1710
1710
1710
1710
1710
1710
1710
1761
1761
1779
1796
1797
1797
1797
1797
1797
1797
1811
1843
1843
1843
1863
1863
1863
1867
1868
1868
1868
1868
1879
1879
1893
1904
1904
1942
1942
1942
1942
1942
1942
1942
1942
1942
1942
1953
1953
1953
1953
1953
1953
1953
1953
1953
1953
1953
1953
1953
1953
1953
1953
1953
1953
1953
1953
1953
1975
1996
2035
2035
2037
2037
2037
2037
2067
2104
2112
2141
2159
2168
2168
2168
2168
2168
2168
2197
2234
2234
2234
2253
2253
2253
2255
2281
2328
2344
2344
2344
2344
2344
2344
2344
2367
2371
2389
2393
2418
2428
2428
2428
2428
2428
2428
2428
2428
2428
2439
2447
2447
2447
2447
2447
2447
2447
2447
2447
2447
2462
2465
2465
2465
2465
2465
2465
2468
2468
2468
2468
2468
2494
2494
2494
2494
2494
2494
2494
2494
2494
2494
2494
2500
2507
2507
2507
2507
2507
2507
2507
2507
2507
2526
2574
2605
2605
2608
2612
2612
2612
2630
2650
2650
2652
2687
2701
2701
2737
2737
2737
2737
2778
2828
2830
2830
2867
2867
2885
2885
2893
2930
2931
2931
2931
2931
2931
2931
2943
2949
2949
2949
2949
2949
2949
2949
2949
2949
2949
2949
2949
2949
2949
2949
