0
0
0
0
0
0
0
0
0
0
0
0
0
13
13
13
13
13
13
13
13
13
13
13
13
13
13
13
13
13
13
13
13
13
13
13
13
13
13
13
13
13
13
13
13
13
13
13
18
35
42
73
73
79
79
79
79
79
79
80
87
87
87
94
108
108
112
117
125
125
125
125
125
125
125
125
125
125
125
125
129
142
150
152
152
152
152
152
165
181
181
181
181
181
184
196
204
204
204
204
204
204
204
204
204
204
204
204
204
210
210
210
210
210
210
210
210
210
210
210
212
224
224
224
224
224
229
234
234
234
234
234
234
234
234
234
234
234
234
234
234
234
234
234
257
285
287
287
287
287
287
287
287
290
290
297
302
317
317
317
327
330
330
330
330
330
330
330
330
330
330
330
330
330
330
330
330
330
330
330
330
330
333
338
342
342
342
345
345
345
345
345
345
345
345
345
345
345
345
347
347
348
348
348
348
348
348
348
348
348
348
348
348
348
348
365
365
365
365
365
386
386
386
386
386
386
386
386
386
386
386
386
386
386
386
386
389
400
425
455
473
473
505
505
505
505
505
505
505
521
521
521
521
521
532
533
533
533
533
534
534
534
534
534
534
534
534
534
534
534
541
548
548
548
548
548
548
548
548
548
548
548
548
548
548
548
548
548
548
558
558
558
562
567
567
572
579
579
579
579
579
579
579
597
601
601
611
613
624
626
626
626
626
626
651
651
651
651
655
658
658
658
658
658
658
658
658
658
658
658
667
677
680
710
711
743
763
763
763
763
763
763
763
783
783
783
792
792
830
830
830
830
838
854
858
858
858
858
858
858
858
860
884
884
884
884
884
884
884
884
884
884
884
884
884
884
884
884
884
884
884
884
884
884
884
898
908
913
913
913
934
934
934
950
950
950
950
966
966
966
984
984
987
996
996
996
996
996
996
999
999
999
1027
1031
1031
1031
1036
1036
1036
1036
1036
1036
1036
1036
1036
1036
1036
1060
1079
1092
1109
1125
1126
1126
1126
1126
1126
1138
1138
1138
1139
1143
1182
1190
1202
1214
1230
1241
1241
1241
1241
1241
1241
1241
1241
1241
1241
1241
1241
1241
1241
1242
1242
1242
1242
1242
1242
1242
1242
1242
1242
1242
1244
1244
1244
1244
1244
1244
1244
1244
1244
1244
1244
1244
1244
1244
1244
1244
1244
1244
1244
1244
1244
1276
1292
1292
1299
1300
1300
1300
1300
