1
161559874
162395428
162546474
162343889
160409481
161241949
160560157
161727073
161438490
161083632
160687150
160813239
160605974
162822576
159371613
161550107
160799224
162810914
161381617
161551168
159782529
161168595
161073832
159847208
161841418
161436493
160263512
160249338
161510945
160662344
161874073
160107054
160970063
159601609
162838787
160437278
159367633
159573743
161994703
161502082
162317515
160869942
161667368
160952954
163603498
160926818
160084660
159737425
160135844
161494662
159935229
161095839
160234861
159118841
160631015
160004034
161424069
161877210
161011746
161466742
160739555
160668395
161820376
160546258
161934883
161947995
161643483
159930573
161650089
160513213
158554528
159945655
160017327
160270993
161010676
160847879
160696391
161881086
160878873
160670464
159793248
161040272
159168174
160055406
162598790
159835794
160862177
160877707
159771844
159932437
161577433
160193681
160548831
160440812
162504538
159981807
160271005
159643100
160984677
159528841
161717594
162331393
160826302
159351009
161405439
159634938
161200706
160414422
162692460
162194822
160902899
161718753
161087848
161080373
161700201
160609283
158772300
161723082
160794013
160041076
161819726
162792398
161185896
160378824
161538209
160275783
159595876
161618692
161350103
162143597
161340622
159042996
161349104
162899306
161656553
162733404
162036732
161602819
163827827
162131708
162758242
160421606
160409107
161207274
160189583
159982272
162470347
162790492
162392700
159632369
160583664
161346705
161820840
162257687
160537183
160119242
161620992
161882788
160186117
162016023
162091324
160747054
159295324
161727786
159616708
162436277
161640962
162352749
161912181
160123575
162012964
160333153
161304755
162374476
160796813
160538307
160757846
161458377
160899338
160051965
162076661
160359851
160300823
162189071
161907859
159789153
159418768
160372415
161257875
161293239
161185194
163333207
160232299
160858283
161102298
161225532
162572617
160697513
162484139
160208782
161034254
160412348
161690756
160036594
162132968
160930750
160335896
159687614
161850837
158732225
162524485
160216972
160905003
159863758
159842630
163051149
159880534
160743017
161509245
159552560
160626040
159405171
161240085
161742044
161258579
161388273
162068471
160013474
161351764
160000008
159036102
161549160
161576819
160978679
159866404
161702457
161299896
161369774
160346812
163166250
159769693
159812653
162129059
162339711
158422936
162085801
160593039
159881330
163074757
162313255
161297792
161624868
160697687
160454900
161987974
162590323
161529079
159824768
160617703
159006556
159288619
160541627
162985925
161634040
163054139
161880793
160601186
160342554
161541980
160589036
162699969
162038290
159928033
162233424
159059396
159514766
161239528
162510798
162454728
160897447
159978072
160798920
160617822
160851787
160996241
161018609
160079306
159269585
160319565
160157733
162620334
160652153
161822268
161183137
160082442
161898377
162641849
159111305
163576612
161622784
161926270
161725487
160978999
160509487
160817545
161111512
162407022
161938710
161465385
160809053
160798123
162835239
160373012
159737772
161448759
159585704
162292050
162939039
160948170
163213502
160865528
161928063
161097193
160372293
161216786
159921926
161503940
160281546
160057236
160576279
159064844
159547861
158314271
161028624
159728967
164032994
161255245
159240367
161836755
161337911
160151617
162337130
162630094
161178772
160256123
161817134
162527829
161188048
161007005
162176625
159258613
161894987
161592239
161922971
162051861
159334692
161235845
161091243
160307488
161820312
161120219
161899287
159723149
160611620
160352601
159144040
159365088
162301066
162354556
159194083
160852245
162150087
160849097
161044209
160269162
160184558
158464404
161524933
163698403
159419994
161347179
160475512
161408109
161554390
160523895
159986197
162371234
161003584
159842353
163380211
160521256
158261442
161582994
160705126
161988219
161135748
160559443
162219141
162107267
161321967
161813798
161591601
160592204
162384184
160547997
160211573
160652914
163017597
161409046
161860988
160871902
160984368
162323818
161519196
160623483
162190019
162489454
161789558
161877644
160947177
162816600
160546676
160453258
161824167
162216190
161583378
162045535
160123048
162233227
159256581
161387229
161182374
160593210
160389872
160670900
161464032
161178222
161298726
161403850
159868260
162575833
160860567
160503630
162867105
159658721
162057518
160375044
162475756
162474576
162125229
161547061
162456014
159270988
161334731
160886833
161750026
160373892
160170958
161614392
159044768
161139864
160823530
161040594
160129628
162545587
160665243
160155796
159556090
161321651
159968710
162815204
161062108
163641639
160741348
161047843
162073633
160185089
162700004
159754634
162426800
160405487
160255562
160594034
159721005
160268617
161878543
160864723
163126034
160257426
161289707
160651071
160484974
160706543
158784183
162168261
162602674
161524864
160085123
162064303
161886617
