1
62426385
62998062
62791174
62821738
62767080
62989802
63024063
63035120
62747839
62814197
62678033
62755907
62879504
62904162
63001407
62487811
62830595
62798303
62858964
62741052
62697541
62978404
62911634
62700533
62981959
62694259
62726396
62906652
62885063
62544539
62951392
62621427
62980969
62931149
62661015
62840922
62859273
62433827
63002526
62891733
62738298
62910066
62791970
63046349
62620091
62892693
62822589
62842950
62833898
62717011
62986913
62926129
62587369
63035292
62609877
63195583
62656569
62976031
62730678
62516604
62965577
62750834
62551491
62825810
62558047
62759906
62904588
62606323
62726925
62741145
63046721
62724283
62702795
63017468
62616659
62682971
62463156
63076364
62637039
62747122
62714832
62967894
62800610
62901917
62847117
63223488
62732319
62811788
62843069
62801485
62873912
62652612
62765290
62895238
62808105
62882646
62912264
62780141
62536037
62700190
63035625
63141203
62635476
62935194
62700901
62822399
62478849
62792096
62672076
62607543
63011555
62957759
62617137
62837909
62867907
62673418
62925780
62915438
62819904
62707271
63064506
62986441
62856955
62690778
62441610
62675339
62978226
62797751
63124816
62856805
62897925
62824345
62839999
62639376
63006876
62979588
62703327
62884817
62816942
62630346
62820085
62954086
62860045
62994167
62737760
62977101
62761029
62527135
62771146
62749872
62880654
62513422
62634820
63035223
62988745
62843660
62835628
62754959
63010284
62805474
62860274
62829784
62804550
63006658
62883962
62845301
62767711
62791810
62795286
62677773
62934364
62893436
62663083
62766022
62849086
62745835
62574986
62783020
62765431
62719928
62708287
63000886
62552491
62850991
62621479
62539177
62666663
62615012
62704354
62760438
63016528
62711374
62792815
62801346
62911713
62874568
62925661
62911104
62653778
62653908
62913454
62963633
62800805
62761474
62979077
62693394
62577601
62802814
62884126
62828539
62907773
62784377
62979173
63060477
62817820
62859998
62867198
62731437
62938902
62778417
62897305
63025772
62764976
62789325
62681599
62732068
63107811
62779162
63318235
62760728
62656129
62744973
62853096
62918900
62728680
62536832
62371324
62661703
62905591
62770802
62599747
62555950
62829700
62981733
62812871
62951766
62745959
62737408
62889170
62848820
62924643
62597857
62751719
62815509
62703278
62735096
62864047
62753301
62866191
62829559
62881195
62905139
63044490
62890987
63080657
62712660
62549307
62778791
63053444
62928446
63145211
62763628
62970130
62936420
62859243
62923714
62883682
62986021
62802238
62676471
62880625
62860735
62956727
62718292
62622932
62823759
62803522
63074627
62630072
62826421
62859128
62702606
63043323
62610632
62640429
62898708
62486594
62869011
62929681
62785401
62837783
62431457
62672137
62851172
62643330
62756514
62599234
63100726
62760785
62831036
62935541
62981301
62701351
63233845
62338271
62936852
62846571
62667976
63001859
62734889
62774035
62891828
62821333
63003105
62489211
62625870
62735050
62933404
62697871
62989473
62837714
62967071
62692653
62828646
62753296
62631096
62761349
62793591
62923325
62717476
62996753
62771575
62983642
62719368
62798937
62590253
63039499
62787669
62698455
62795521
63130465
62504150
63035289
62654701
62784710
62747579
62840330
62645122
62867650
62869906
62956618
62701279
62904992
63103996
62752133
62729344
62661990
62760180
62904310
62914557
62722523
63048514
62766814
63010500
62964383
62941452
62834619
62961760
63062727
62581076
62755714
62828263
62878330
62572565
63099332
62876382
62823827
62772103
62929449
62778814
62835681
62796315
63106911
62976862
63018246
62673364
62732503
62751918
62755885
63099989
62582979
62832311
62753569
62946046
62637328
62884900
62865678
62656302
62598077
63057231
62703684
62693628
62805342
62780774
62845297
62784282
62992021
62956817
62942355
62730753
62725342
62802786
62829157
62971656
62740780
62670288
62988337
62797017
62865800
63092063
63054772
63152045
62723931
62893632
62700901
62876429
62833202
62720952
62800777
62868712
62856457
62865761
62717034
62888756
62934142
62611998
62859371
62930965
62936822
62776012
62838251
62960740
62861426
62857429
62688935
62973754
62879394
62732271
63217681
62789105
62753369
62885483
62882607
62487220
62783204
62740215
62871597
62919161
62801074
62788045
62905740
62728341
62671433
62748537
62898744
62838318
62635340
63015029
63010207
62937636
62555549
62612583
62928842
62777526
62567800
62883406
63229353
62746610
62811770
63051609
62886934
62914101
62975601
62627181
63012320
63037392
62655610
62909721
62871811
62831968
