1
160850388
161530016
161755070
160578894
161134055
160174333
161082395
160507040
160846948
162793876
160991051
160275789
161227093
162907304
159661312
159176313
160547613
162527439
162352613
159657785
161066262
161668800
161831846
158556229
160851182
161407677
159138622
162332717
163010589
160694261
158624636
161643928
161823126
162798297
160622887
161928948
160111429
161625870
161679286
160315472
160481204
162082945
159577430
161197495
160984206
161476685
160400967
161612267
162772225
160584984
160688221
161364914
163427325
160540756
160312603
162441495
162830781
161617970
160395402
161049472
161813642
161325221
162402091
160964226
161575117
160203073
160819992
161377766
161063845
160621211
160758441
161959809
161465202
160209131
160364018
161973170
160638702
161431886
162111246
159604689
161574824
161107656
160018832
160893722
161766311
159812497
160561231
160997082
161063107
161291988
161070838
160175259
160722208
161569313
161565655
159749101
158422533
161466667
162401237
162130096
161192423
161443194
160087914
163260100
162302234
159293497
159266166
161325978
161101563
159901629
160719969
161151310
159320754
159909362
160835114
161078755
162161417
161187094
160620986
162148818
159378001
161201869
161468830
162287804
161692328
161352918
159777003
161710015
161113928
158523126
160127919
159609542
160337679
160769840
161267116
160762137
161981267
160147995
161656544
159392078
160728436
160256854
159365846
161285108
160771280
160594496
160598266
160286656
160001901
160252010
160988396
160709924
159062822
162352652
160829746
160857321
159433208
160387411
159146983
162253172
163379326
159785867
159355256
161501595
159317667
161178393
161161211
161627020
163001293
160178299
162268814
162013107
160525127
161415226
161353474
158557464
161758542
160336983
160048474
161849986
162476033
162127853
160517019
161110998
160442345
159290004
162355943
160755077
162427543
161808439
159281782
160397107
162027264
161446261
163094559
162248522
161405259
163190219
162891284
162139450
161877494
161189941
159522792
160802189
160217612
162299453
162083176
163146695
160125055
160723730
161333784
162412723
161254118
160734929
160392500
162550863
160887285
160383897
161184045
161969701
160318781
160097927
160825958
160596721
161988734
162174047
160931836
161192180
160784378
160769119
161354296
161557031
161762243
161124788
160476369
161596151
160335818
161104218
159972216
160768351
160272243
160528520
162207008
161874291
159638102
158781398
160690781
161293063
161507903
161510976
162946133
159152771
162469081
160995816
161557290
160894356
161953673
161137051
161255763
160908807
159570255
161996022
160302862
161221478
160556442
161335119
159739467
161366512
159431452
160805484
161057226
161503026
158941846
159872372
162829360
160741717
160112765
162537348
159509351
160056146
160147291
160767192
162050546
159593600
161921369
163354542
160015111
160994927
160644308
158944886
160470347
161506755
160754716
160790309
161163916
162378356
160414087
160857691
163997605
161018479
159151337
162418596
162447237
158354942
161846801
160455648
159307197
162617981
162454068
160846185
161148511
161879610
160498149
161684949
162798175
160817086
161040400
160400490
159238891
159002093
160706260
162032340
162266914
162715174
162393944
160514014
160780503
160672378
160830521
163318267
161946473
160158438
162436232
159878511
159332463
161275131
162393930
162712826
160884728
160751472
160708019
161940584
160003052
160771007
161094740
161345743
158554213
160274987
159564440
162706687
160123616
162383185
160665242
161274716
159746016
163443132
160277778
161667617
161956500
162242258
161204939
161000894
160506536
161866058
161062402
162050772
161512041
161658617
160357238
162268751
161028530
161607828
159441838
161316039
159625144
162079735
162873466
160472679
162169887
161507843
162122627
162363319
159364670
161491565
159980276
161449715
159881110
160366260
161085217
159164265
159029831
159019370
160611950
160626987
163106280
160773335
160918076
161064765
161727225
159473980
161077968
163015143
161223126
161175123
161556221
161905200
162345729
159755996
161743622
159916724
161743026
162674421
162045762
161714077
159376164
161134630
161753455
160356387
161189867
160788923
162063269
160561479
159881851
160512165
159736190
158907431
160731468
163164477
160009543
160013431
162293330
161695281
160724721
159971321
160263126
158922888
161076842
163465441
159217859
160466733
161920714
160792342
161412485
161087628
159855876
161477054
161280666
160687505
162282709
160734396
158273877
162348265
159546921
162219142
160839360
160191601
162379918
161964988
161678038
161916990
161655976
160756726
162819809
160746955
160685032
160052310
163071610
161525723
161905355
160330625
161965060
162186903
162334132
159651156
161985499
162888489
161552483
161713361
160776072
162878057
161084164
160890533
161881891
159954048
163660390
161647777
160439401
162050300
160233390
160922364
161769781
160085769
161329368
160221225
162068519
160913458
161609615
162094329
159911577
162386181
