1
60754142
60809494
60304311
60430113
60360512
60664770
60361384
60602885
60477899
60410000
60511941
60296584
60219865
60273142
60121022
60381957
60446044
60360772
60098592
60326394
60530070
60461541
60316499
60404132
60285746
60270656
59889529
60243148
60434566
60419223
60247534
60353675
60597552
60486407
60396525
60257540
60391666
60370066
60460447
60414654
60478905
60436394
60339206
60349881
60470648
60228018
60341882
60355153
60207257
60126296
60393961
60388813
60244636
60351176
60372078
60404659
60398501
60508133
60501920
60437080
60384670
60438875
60458292
60506160
60392620
60345397
60439722
60103084
60147091
60288446
60228979
59952263
60247282
59942108
60352648
60351082
60380697
60457082
60278975
60275240
60127103
60283367
60435133
59994110
60368576
60370291
60481572
60354976
60334208
60490499
60423528
60463997
60316998
60345185
60328221
60578510
60477471
60210340
60344161
60328118
60062262
60709404
60597038
60255248
60459796
60317711
60317305
60641265
60207432
60369815
60348229
60324602
60492134
60124272
60198760
60591374
60298637
60507357
60476665
60606050
60504814
60456015
60546102
60692457
60363880
59979917
60278956
60305552
60535255
60386828
60573287
60389729
60174385
60189434
60329075
60413394
60350405
60227142
60387795
60453774
60262734
60569685
60376466
60192539
60052684
60497141
60479449
60276771
60576775
60322781
60301898
60572705
60402377
60255888
60260210
60367447
60317152
60257231
60267031
60553691
60298238
60555098
60569924
60594137
60474306
60618096
60467516
60438694
60373402
60369153
60491356
60567464
60322581
60239811
60295244
60368913
60180747
60428158
60515201
60234439
60362888
60308096
60313238
60524991
60091467
60102977
60541555
60195284
60429684
60309848
60264914
60444564
60566513
60439602
60325277
60376884
60257256
60202855
60369513
60411270
60332119
60567432
60289602
60476429
60271408
60693012
60400359
60379772
60259162
60323473
60714652
60369187
60096496
60455661
60311087
60524289
60075255
60461984
60255601
60335258
60438261
60268944
60454945
60173029
60283844
60403029
60476605
60410972
60533402
60465628
60491884
60014152
60241214
60345448
60436564
60359589
60468950
60566257
60286632
60454919
60087122
60362113
60054784
60379357
60495670
60339271
60371213
60259821
60440063
60504751
60371131
60304208
60396362
60340582
60410051
60355409
60521153
60496559
60355484
60119402
60546934
60316551
60200444
60482860
60483164
60741428
60505364
60352385
60617567
60084625
60539148
60421838
60590488
60376166
60472444
60615842
60364273
60545721
60271466
60405100
60460405
60383635
60493123
59931811
60474776
60491415
60261658
60256563
60527426
60422024
60399263
60499088
60357767
60527738
60432669
60031427
60310842
60091950
60149708
60480624
60334603
60435517
60323834
60150144
60723088
60256781
60305788
60483199
60258011
60631814
60420542
60264894
60185211
60330852
60271405
60256751
60453027
60645968
60441977
60556877
60414841
60438611
60555925
60344150
60500534
60215437
60339205
60505924
60566144
60191568
60586214
60272331
60331623
60479853
60268969
60271868
60497591
60406747
60530040
60675260
60715264
60296010
60430011
60130310
60406437
60408256
60371809
60240476
60309588
60689237
60461509
60346759
60463135
60387948
60597174
60284683
60228581
60250635
60280122
60444437
60317005
60280891
60409044
60208158
60092812
60418911
60191145
60485189
60248063
60303904
60344889
60319738
60476366
60274162
60339377
60426854
60438736
60176231
60558491
60375103
60641616
60456593
60412328
60489976
60089354
60457415
60386927
60703621
60434107
60749642
60636571
60267681
60410067
60401725
60281146
60185074
60230544
60399246
60532748
60510494
60140201
60346621
60500468
60453635
60276396
60512911
60082984
60449562
60570703
60512746
60381786
60275991
60305531
60545971
60248356
60051210
60482516
60341785
60159615
60304838
60468840
60173965
59908740
60228438
60326304
60586566
60159705
60227828
60156713
60360676
60266209
60250804
60338679
60175018
60145273
60194593
60443081
60393841
60587414
60322281
60317817
60050231
60669788
60293569
60086391
60394222
60112137
60371176
60503224
60336407
60540347
60552519
60526481
60280420
60447106
60338853
60282715
60495999
60272035
60715237
60399862
60560676
60303418
60461257
60181012
60095279
60320894
60228431
60680045
60499100
60301620
60217972
60392929
59959020
60324779
60097676
60267746
60296292
60397035
60484236
60188681
60305843
60418429
60333028
60389408
60414726
60300583
60574962
60579332
60339834
60301105
60400347
60332241
60283955
60498758
60352967
60510793
60878723
60729169
60453808
