1
47697948
47477864
47549002
47482963
47526565
47233702
47439961
47251611
47431198
47341351
47510841
47184943
47418589
47379383
47298037
47277624
47065073
47208665
47226838
47310900
47376951
47259178
47312664
47170190
47135596
47391636
47239800
47436973
47179813
47366919
47370012
47473185
47294815
47134272
47241206
47291722
47260900
47251778
47440445
47486325
47070141
47213303
47236979
47182042
47266337
47256549
47141904
47371116
47202303
47161381
47169963
47258897
47159225
47202174
47132671
47320261
47294650
47333890
47117663
47326825
47298006
47311265
47374733
47344819
47158577
47198758
47196588
47179744
47255502
47286148
47374240
47262856
47349764
47321432
47298228
47442949
47356588
47184966
47238870
47211415
47318592
47108082
47310718
47301559
47300613
47227208
47224665
47335056
47304903
47226028
47422522
47491626
47334982
47269459
47234142
46928779
47222750
47441220
47149806
47297721
47239183
47266662
47407733
47423742
47447371
47385865
47454629
47534738
47222309
47371988
47330135
47476268
47455431
47191191
47323433
47322843
47447429
47408153
47233464
47311214
47240030
47386137
47354579
47328903
47521939
47098919
47241062
47279296
47262068
47309462
47259180
47132534
47514286
47345445
47200610
47412037
47338464
47338388
47348440
47444886
47204388
47368920
47256826
47379070
47245748
47482030
47320797
47470676
47499146
47193192
47213584
47320565
47208851
47261876
47135302
47128321
47251097
47213187
47251733
47106913
47122149
47172902
47102693
46930718
47249342
47198844
47310869
47313091
47319780
47203739
47225556
47221885
47426966
47263685
47182219
47328948
47292051
47383156
47413609
47509886
47483337
47290062
47359048
47364135
47419608
47217795
47313692
47369579
47153824
47391114
47211307
47251597
47285014
47162014
47080829
47105537
47088390
47176582
47477894
47250451
47236991
47352813
47256369
47319472
47289771
47212422
47367181
47368831
47431318
47205970
47270205
47304574
47301973
47372941
47148803
47252845
47394855
47401073
47096429
47252921
47279742
47205317
47221774
47185609
47217911
47259637
47206868
47215723
47302862
47318204
47215128
47170426
47263905
47116242
47278052
47316596
47314277
47097777
47371651
47375241
47271271
47234759
47445085
47408074
47189211
47363623
47255389
47410146
47207161
47392508
47415993
47458190
47410629
47350569
47353117
47480107
47310278
47381577
47359845
47437202
47326887
47275664
47402868
47289909
47322054
47252554
47138336
47219448
47296449
47405161
47417902
47287995
47252316
47301059
47222785
47263830
47320650
47332569
47208696
47098579
47326524
47274740
47244341
47356901
47346593
47316032
47228350
47390793
47314011
47279615
47356069
47317773
47145125
47294959
47364528
47297792
47291224
47293579
47172358
47413593
47320954
47203642
47171722
47280048
47153674
47321279
47243922
47277820
47385073
47170628
47204190
47190755
47212903
47256759
47382849
47451973
47393022
47369084
47403875
47256310
47339202
47194615
47327880
47401821
47400767
47287654
47328451
47297151
47303816
47415705
47357064
47475082
47238360
47307094
47185031
47163638
47058715
47297379
47195664
47088803
47174981
47138913
47163087
47186118
47249794
47225180
47180029
47220530
47168333
47364471
47376709
47242034
47182494
47499757
47345331
47305847
47271872
47353338
47186591
47405395
47458503
47382539
47297411
47390618
47375230
47273669
47098372
47546362
47157040
47308078
47328678
47223754
47185863
47373221
47269601
47405234
47343151
47488046
47480272
47353033
47371446
47256529
47426302
47328313
47275360
47298808
47393476
47573489
47456437
47311209
47339948
47395359
47479901
47385086
47389189
47258585
47366668
47305692
47363040
47394268
47145976
47179406
47193112
47227344
47316565
47293616
47147650
47479637
47296453
47423799
47158625
47155774
47289207
47403449
47411242
47290641
47242863
47180081
47233617
47294366
47110292
47354630
47187260
47403478
47290681
47299294
47473036
47274669
47387086
47452669
47213962
47289465
47229315
47372966
47195936
47406771
47314711
47122278
47370528
47327536
47214064
47500454
47195784
47403862
47058980
47228014
47305317
47298749
47117993
47192701
47135879
47246553
47306674
47164650
47014053
47213871
47219734
47127801
47069414
47201754
47204097
47332001
47298380
47098681
47321753
47166966
47394293
47339374
47245381
47418279
47312336
47208448
47204843
47154575
47247719
47333355
47053182
47257937
47247248
47315973
47328255
47147111
47273092
47415748
47299617
47217001
47357712
47144851
47254208
47127067
47262266
47331359
47468846
47384464
47332569
47524959
47547843
47595511
47580349
47581973
