1
77544811
77520126
77572628
77492665
77997128
77116552
77803503
77300669
77742775
77536485
77847862
77824561
78129905
77465871
77729232
77726011
77666473
77833503
78079505
77778680
77503754
77596785
77696128
77708119
77816970
77860424
77232430
78227997
78278247
77314610
77717229
77811730
77670705
77589493
77671744
77610156
78007525
77692279
77704545
77884394
78233387
78086747
77696646
77918549
77919853
78029304
77646948
78041214
77805234
78005394
77743005
77915661
77636995
77351458
77655165
78074683
77717090
77935319
78131556
77669161
77872841
77627693
78035486
77624041
77573751
78086293
77929478
77835131
77713236
77401849
78012327
77372040
77524920
78079748
77460663
77886841
77831790
77949563
77704128
77494601
77608242
78272183
77805261
77830172
78136556
77971533
77970602
77886853
77382046
77690560
78181774
77522970
77640228
77782126
77625849
77980019
77892862
77713568
77807958
77276806
77509011
77583646
77727213
77553226
77696132
77917382
77600795
78099087
77423649
77733474
78260228
77654979
77714482
77782154
77666059
78210417
77631999
77847016
78202808
77615105
77597101
77993376
77511978
77584600
77792515
77716481
77751987
77568107
77743165
78097715
77848545
77962186
77763843
77696248
77733851
78231677
76984571
77550027
77402839
77458517
77444429
77989779
77423384
77696805
77353689
77604506
77729063
77726557
77767709
77818011
77944893
78227031
78092206
77834157
77858717
77211334
77505161
77605970
77491065
77808635
77875324
77875495
78086061
77787071
77457651
77937285
77759494
77747303
77631697
78058096
77695244
77742132
77539314
77431843
77897848
77424644
77972709
77599315
77715435
77676044
77647772
77290749
77413210
77731316
77814272
77606851
77826223
77714100
78199176
77854387
78035748
78116184
77563097
77828144
77671661
77761743
77007580
77568058
77795563
78007614
78015921
77689337
77940322
77531817
77939334
78096089
77645339
77298996
77726696
77886267
77888034
77819736
77498034
77524162
77509802
77744401
77669323
77719396
78164268
77929981
77504137
77613906
77744319
77206163
77525069
77841794
78272665
77655116
77809233
77889299
77735819
78173427
77554485
77635346
77806610
77809400
78266510
77679406
77728947
77414748
77909135
77713388
77607437
77970913
77884928
77988848
77605826
77934879
77784822
77572603
77836417
77557652
77804366
77374205
77999765
77604999
77894145
77706937
78019965
77887800
77919511
78218042
77844146
78299725
77917149
77422532
77363293
78162880
77913752
77480313
77872164
77297772
77176455
77616334
77870495
77204438
77452835
77869388
77886593
77903529
77475680
77614915
77755700
77769246
77657920
77410517
77794622
78009463
77607729
77835221
77772484
78084721
77851321
78130994
77883198
77718790
77753618
78047352
78036470
78138685
77369263
77641311
77760404
77800449
77975206
77610754
78168418
77991992
78266191
77597788
77778449
78618456
77413499
77772991
77660713
77718140
77414045
77885676
77398805
77598161
77937270
77916221
77898973
77898854
78177385
77872463
77931774
77771525
77312454
77929311
77458771
77538319
78093504
77809063
77668683
77790809
77777344
77864507
77672629
77387120
77419410
77586955
77661387
78026181
78257985
77722028
77764817
77828014
77281029
77837280
77691014
77861637
77785515
77654549
77917312
77860614
77339552
77410955
77962177
77795410
77938770
77879821
77847542
77908115
78055959
77622033
77570626
78035605
77489083
77463555
77635927
77741347
78065301
77311121
77621290
77905725
77712509
77801941
77596189
77312888
77765208
77562164
77669564
77783259
78251627
77440223
77382341
77468938
77866294
78079717
77679505
77826567
77624066
77625601
77703151
78150565
77476372
78439137
77947250
77596758
77968112
77605624
77605318
77940222
77537629
77824417
78009660
78005878
77970728
77907032
77708633
77776580
78024133
77818408
77699215
77772051
77945108
77734961
78111238
77835149
77977645
77482507
77728060
77931780
78004535
77567350
77730366
77962296
77975917
77810732
77807937
77684233
77646952
77551328
77683922
77532290
77613191
77731918
77653095
77799195
77745389
77515209
77826511
77362615
77907393
77597522
77732833
78134970
77955111
78262726
77612725
77583128
77582619
77814128
77825919
77506928
77632762
77911762
77708024
77271654
77629586
77742224
77498070
78028220
77989586
78154032
77725149
77765312
78206071
77834736
77431100
77777876
77885513
77791393
77718168
78003122
77845910
77672580
77849506
77702081
77705319
77791834
78016819
77688691
77468464
77870191
77963533
77996595
77664759
77840671
77830011
77686455
77816248
78063361
77691982
77561198
77804911
77808904
77546286
77781320
