0
0
0
14
16
54
71
87
87
87
92
92
121
134
134
158
158
158
158
158
180
180
180
180
180
189
189
189
189
189
212
212
212
212
212
212
221
237
237
237
237
237
237
237
237
237
237
240
240
240
240
257
257
257
290
293
293
293
332
345
345
345
345
345
353
359
381
381
392
393
393
393
393
393
417
461
461
461
461
461
466
473
523
528
539
558
569
588
588
588
588
588
595
615
615
615
615
637
637
651
651
652
652
652
657
657
699
699
699
720
720
720
720
720
720
720
720
734
734
743
743
746
751
751
756
756
756
756
756
756
762
780
780
780
780
788
788
788
788
788
788
824
841
841
846
866
866
866
902
927
955
982
982
997
997
997
997
1005
1018
1043
1079
1079
1079
1079
1079
1079
1079
1079
1116
1140
1140
1140
1140
1140
1140
1146
1202
1202
1219
1221
1240
1240
1240
1240
1240
1240
1265
1298
1298
1298
1322
1331
1331
1348
1348
1348
1348
1348
1372
1372
1380
1397
1397
1431
1431
1431
1431
1431
1436
1436
1436
1436
1436
1450
1450
1454
1454
1454
1454
1454
1459
1459
1459
1459
1459
1463
1463
1463
1463
1463
1463
1463
1463
1463
1469
1517
1554
1554
1565
1565
1565
1565
1605
1632
1652
1667
1689
1707
1707
1707
1707
1707
1707
1741
1782
1782
1782
1802
1809
1809
1809
1836
1887
1905
1905
1905
1905
1905
1905
1905
1938
1938
1965
1965
1991
2002
2002
2002
2002
2002
2003
2008
2008
2008
2018
2034
2034
2034
2034
2034
2034
2034
2039
2039
2039
2059
2062
2062
2062
2062
2062
2062
2071
2071
2071
2071
2083
2104
2104
2107
2107
2107
2107
2107
2107
2107
2107
2107
2117
2127
2127
2127
2127
2127
2127
2127
2128
2128
2128
2201
2234
2234
2235
2238
2238
2238
2261
2286
2286
2286
2312
2342
2342
2379
2379
2379
2379
2417
2479
2482
2482
2512
2530
2548
2548
2557
2590
2595
2595
2595
2595
2595
2595
2612
2622
2622
2622
2622
2622
2622
2622
2622
2622
2622
2622
2622
2622
2622
2622
2630
2630
2632
2640
2640
2640
2643
2661
2661
2661
2676
2686
2692
2694
2694
2694
2694
2697
2697
2697
2697
2721
2752
2752
2777
2777
2777
2777
2777
2777
2777
2777
2777
2785
2799
2799
2799
2799
2799
2807
2807
2807
2807
2807
2863
2876
2876
2876
2900
2900
2915
2915
2934
2934
2952
2952
2977
2977
3000
3000
3008
3008
3031
3064
3071
3071
3078
3080
3096
3103
3132
3132
3132
3132
3132
3132
3144
3146
3171
3187
3187
3187
3187
3187
3187
3187
3187
3187
3187
3187
3187
3187
3188
3188
3188
3188
3188
3188
3188
3189
3189
3189
3189
3189
3195
3210
3210
3210
3210
3210
3210
3224
3224
3224
3233
3264
3264
3276
3320
3320
3320
3340
