1
69286097
69235737
69526069
69575544
69434772
69583969
69255434
69595386
69272162
69594369
69149395
69314765
69371586
69240219
69625673
69551496
69545878
69278555
69479715
69308583
69332278
69434555
69441142
69851333
69306002
69525709
69648540
69291004
69463082
69330334
69598469
69397593
69657098
69723743
69453013
69599076
69596044
69660743
69690233
69437874
69380653
69529292
69389475
69194491
69345453
69527193
69713448
69137664
69568390
69402881
69557136
69352023
69543128
69515088
69217297
69433188
70132278
69349005
69465051
69694286
69169019
69623377
69512657
69440320
69674126
69379641
69405875
69564997
69502492
69745215
69774148
69556915
69830150
69845161
69474334
69432991
69218289
69186754
69520416
69721881
69738155
69398762
69546807
69412422
69590279
69373458
69474801
69636905
69449936
69628226
69448104
69440111
69533179
69437170
69241823
69605554
69110720
69506434
69537641
69335205
69468089
69490190
69722208
69506101
69615195
69374257
69527661
69480811
69500887
69451451
69284025
69572164
69722158
69364706
69698093
69609657
69402006
69414856
69266690
69468269
69367607
69341244
69806032
69334814
69420625
69215952
69587575
69431333
69394628
69944582
69736310
69432834
69473115
69379395
69568942
69501094
69299184
69500224
69710726
69518586
69104766
69404250
69617408
69544040
69332819
69359758
69492280
69352006
69497977
69347179
69551699
69341408
69781995
69522144
69716114
69675727
69382040
69520472
69748552
69375076
69297054
69755197
69231499
69602641
69630174
69480144
69723425
69406839
68899401
69272425
69285322
69412170
69207145
69663418
69434958
69356836
69359397
69259117
69493605
69632720
69507751
69523063
69310682
69626537
69587166
69685199
69602501
69410269
69318294
69460634
69295218
69674815
69486895
69435804
69506997
69318249
69707994
69623350
69366313
69646330
69310835
69414225
69574119
69238098
69615271
69169979
69446060
69288449
69486117
69438983
69270803
69527045
69790637
69258619
69479345
69611711
69709384
69402557
69277072
69629379
69852925
69175601
69503557
69690585
69248113
69517391
69764942
69116641
69492037
69605940
69384803
69260581
69580557
69275013
69683850
69526167
69521968
69326840
69520777
69770893
69878379
69357587
69470385
69738927
69180892
69684105
69315914
69696405
69480411
69416095
69402080
69556237
69469703
69510203
69641416
69545233
69585785
69419902
69380083
69677160
69174291
69591131
69519805
69551410
69699358
69398053
69289691
69454349
69582107
69222898
69507041
69649523
69458476
69433820
69623571
69751864
69568946
69418132
69672334
69590132
69674539
69626526
69611518
69640012
69581252
69381650
69212267
69491716
69709055
69122044
69379806
69492117
69406305
69609723
69709124
69790692
69474795
69256260
69731979
69095351
69322813
69514901
69305335
69463691
69398038
69691972
69768592
69339949
69429855
69517943
69859850
69384693
69445418
69727321
69389131
69667379
69542773
69585731
69547150
69421298
69394415
69355405
69718422
69853678
69344408
69713080
69329149
70080236
69712309
69600626
69126716
69319203
69312018
69752314
69396324
69659421
69367904
69187239
69210576
69483924
69468763
69513689
69196180
69537021
69491017
69430120
69428602
69405815
69277184
69514476
69722071
69483882
69203326
69321913
69165387
69306701
69328514
69490865
69772140
69525664
69689025
69695497
69409769
69807204
69229370
69330130
69607767
69559063
69377886
69331433
69292457
69358181
69629789
69245764
69830781
69337311
69496252
69631003
69667582
69350603
69369483
69274141
69630322
69254503
69605341
69574566
69588992
69956522
69649946
69657495
69361646
69423149
69213415
69412140
69314206
69438213
69663601
69725664
69577657
69593551
69752385
69244926
69596831
69673647
69498739
69383516
69356309
69912628
69606147
69451910
69556814
69380780
69462608
69763344
69336241
69462957
69547113
69685205
69212867
69163015
69548385
69220645
69097325
69483742
69606436
69552193
69537207
69213121
69688745
69710288
69348617
69446008
69444676
69548469
69692606
69563201
69300215
69594969
69509037
69369265
69643443
69532829
69668529
69598727
69659745
69569116
69377843
69529097
69833448
69460238
69460564
69692877
69512140
69157773
69529644
69492058
69546636
69591422
69743798
69569321
69616692
69473485
69796913
69204046
69611255
69665196
69216269
69171895
69559505
69508296
68986493
69235279
69384422
69227429
69145339
69438196
69690468
69570349
69381122
69609280
69268258
69882917
69383368
69602743
69405509
69662294
69288704
69330090
69463944
69638920
69324079
69433990
69444348
69498574
69713269
69715769
69710416
69771442
69428084
69320558
