0
347
615
777
1149
1451
1707
1935
2171
2367
2590
2855
3082
3279
3618
3895
4140
4337
4504
4723
4959
5181
5379
5631
5865
6091
6306
6490
6726
6968
7262
7534
7783
8083
8333
8556
8734
9032
9235
9505
9737
9935
10167
10352
10609
10796
11092
11302
11515
11778
12088
12300
12616
12854
13055
13308
13568
13825
14104
14334
14561
14784
14959
15214
15420
15731
15972
16227
16498
16790
17049
17246
17466
17675
17911
18133
18411
18620
18858
19122
19404
19681
19933
20204
20548
20848
21042
21278
21533
21762
21993
22239
22493
22718
22862
23191
23383
23710
24016
24286
24555
24834
25008
25211
25372
25669
25895
26217
26471
26769
26982
27269
27592
27797
27945
28147
28439
28771
29002
29239
29470
29744
29993
30219
30403
30655
30829
31092
31339
31629
31798
32088
32332
32578
32909
33157
33469
33747
34012
34320
34649
34881
35123
35417
35623
35822
36010
36298
36565
36897
37161
37385
37638
37851
38036
38334
38585
38892
39187
39516
39803
40058
40429
40724
40996
41292
41567
41812
42028
42286
42572
42782
43036
43338
43544
43817
44031
44340
44538
44762
45010
45349
45663
45899
46166
46429
46697
46954
47225
47436
47650
47921
48260
48503
48807
48988
49207
49524
49801
50117
50363
50590
50810
51014
51308
51514
51664
51886
51999
52190
52408
52725
52983
53316
53611
53853
54079
54255
54461
54747
55046
55230
55414
55638
55845
56097
56368
56573
56783
57101
57358
57573
57860
58059
58253
58547
58786
58997
59241
59496
59785
60030
60229
60476
60687
60970
61181
61443
61713
61955
62178
62404
62625
62983
63220
63472
63708
64029
64278
64577
64825
65129
65386
65615
65782
66013
66296
66564
66838
67099
67372
67609
67815
68091
68296
68499
68743
69028
69342
69594
69843
70070
70330
70540
70741
70931
71218
71485
71738
71992
72286
72477
72693
72879
73156
73480
73754
73919
74186
74420
74790
75029
75277
75505
75774
75972
76132
76443
76704
76913
77278
77562
77763
78000
78193
78484
78730
78952
79198
79472
79674
79956
80182
80466
80801
81032
81306
81591
81840
82071
82417
82609
82833
83118
83446
83706
83974
84156
84475
84653
84859
85069
85332
85595
85838
86096
86348
86529
86847
87185
87452
87715
87938
88252
88526
88746
88982
89187
89502
89786
90066
90295
90505
90695
90917
91127
91326
91592
91832
92007
92187
92432
92752
93020
93240
93450
93778
94070
94346
94544
94833
95081
95340
95592
95807
95994
96329
96605
96806
97032
97329
97620
97871
98089
98216
98445
98775
99017
99217
99409
99688
100007
100266
100541
100851
101070
101355
101574
101849
102102
102323
102577
102807
103049
103386
103576
103815
104066
104280
104493
104771
104918
105237
105513
105803
106027
106258
106517
106750
106967
107235
107521
107759
108036
108338
108568
108750
109002
109255
109515
109740
110033
110266
110546
110773
110986
111196
111466
111694
111952
112221
112543
112822
113065
113269
113494
113794
113983
114242
114475
114693
114953
115150
115439
115684
115912
116154
116351
116653
116978
117253
117558
117815
118061
118334
118521
118793
119101
119300
119518
119645
119912
120207
120492
120753
121009
121253
121546
121925
122107
122381
122729
122962
123274
123449
123675
123867
124144
124352
124598
124815
