0
339
730
1136
1492
1940
2422
2741
3203
3530
3997
4327
4673
5029
5537
6141
6501
6801
7317
7690
8065
8471
8850
9194
9615
10174
10513
10977
11249
11649
12172
12462
13039
13511
13879
14174
14495
14883
15289
15496
15833
16028
16260
16644
17087
17519
18018
18431
18935
19277
19506
19782
20228
20698
21036
21316
21671
22020
22357
22767
23061
23416
23864
24298
24634
25037
25406
25643
26153
26480
26803
27110
27565
28061
28534
28815
29157
29512
29908
30244
30640
31019
31502
31856
32219
32547
33023
33491
33887
34265
34703
35171
35651
36022
36437
36938
37232
37512
37850
38309
38681
39170
39568
40067
40469
40739
41119
41510
41868
42252
42629
43150
43536
43931
44298
44750
45024
45323
45616
46081
46556
46966
47366
47835
48133
48449
48724
49174
49644
50092
50328
50776
51124
51712
52152
52498
52903
53245
53601
53834
54222
54704
54982
55589
56015
56334
56743
57014
57411
57860
58224
58469
59026
59324
59771
60194
60576
61176
61587
61995
62485
62834
63230
63812
64069
64443
64889
65428
65919
66334
66615
67098
67452
67731
68049
68378
68912
69286
69661
70012
70448
70812
71281
71848
72244
72616
73074
73538
73945
74215
74661
75167
75591
76036
76481
76814
77019
77391
77677
77999
78341
78697
78959
79269
79660
80143
80531
80913
81277
81763
82313
82729
83124
83592
84034
84390
84769
85147
85415
85869
86344
86737
87038
87559
88023
88444
88752
88964
89221
89777
90171
90434
90738
91149
91659
92222
92529
93115
93519
93932
94317
94750
95189
95500
95851
96261
96586
97079
97459
97838
98176
98600
98843
99233
99540
100039
100482
100960
101250
101764
102095
102440
102722
103188
103613
103954
104440
104877
105313
105573
105889
106265
106721
107070
107550
107859
108374
108816
109109
109374
109818
110225
110560
110971
111577
112012
112391
112669
113117
113543
113853
114248
114653
114965
115386
115710
116135
116539
116932
117298
117532
118007
118595
119021
119487
119905
120224
120804
121062
121510
121940
122373
122678
122823
123242
123597
124170
124582
124998
125360
125830
126426
126785
127159
127743
128068
128674
128982
129235
129576
130013
130261
130739
131048
131392
131704
132188
132589
133041
133417
133983
134448
134877
135383
135775
136336
136682
137025
137334
137815
138175
138550
139079
139387
139943
140228
140604
141044
141414
141895
142335
142603
142933
143260
143653
144299
144657
145119
145594
145886
146380
146950
147434
147682
148284
148842
149275
149642
149910
150283
150566
150991
151350
151694
152294
152642
153018
153382
153588
153905
154304
154651
154918
155231
155683
156063
156379
156652
157010
157387
157811
158297
158676
159132
159576
159957
160197
160600
161011
161437
161756
162111
162466
162649
163147
163423
163883
164259
164520
164992
165490
165827
166330
166661
166984
167346
167793
168168
168558
168971
169328
169645
169898
170269
170625
171072
171491
171977
172383
172895
173224
173599
173960
174161
174589
174924
175359
175661
176037
176437
176871
177249
177756
178132
178728
179224
179539
179931
180266
180625
180954
181284
181713
182080
182297
182796
183155
183673
184159
184574
185056
185460
185727
186032
186260
186730
187094
187595
187969
188507
188822
189236
189733
190099
190264
190567
191002
191610
191977
192290
192686
193100
193454
193853
194058
194471
194689
195102
195440
195857
196203
