0
822
1356
1650
2492
2968
3583
4042
4322
4775
5287
5593
6117
6468
6983
7270
7764
8393
8923
9387
10069
10676
11166
11719
12327
12912
13386
13773
14164
14613
15234
15690
16334
16694
17330
17692
18103
18661
19052
19652
20147
20583
20923
21434
21826
22503
22992
23635
24141
24633
25161
25841
26457
26709
27472
28124
28708
29114
29534
29899
30261
30803
31261
31669
32373
32799
33297
33730
34010
34370
34814
35325
35664
35934
36492
36969
37336
37664
38100
38439
39053
39622
40030
40590
41140
41599
41963
42311
42905
43451
43822
44338
44746
44980
45505
45921
46417
46950
47252
47800
48352
48752
49308
49835
50227
50581
51168
51610
52109
52553
53038
53389
53696
54155
54487
55065
55641
56227
56719
57296
57685
58065
58636
58834
59388
59747
60277
60603
61018
61529
62114
62636
63130
63662
64424
64951
65385
65706
66258
66681
67088
67497
67962
68405
68739
69331
69751
70266
70889
71431
71991
72431
72874
73213
73486
74017
74426
75132
75571
76114
76584
77007
77688
78098
78343
78705
79138
79805
80410
80709
81295
81748
82175
82589
82964
83382
83709
84174
84648
85106
85611
86045
86596
87106
87723
88154
88689
89195
89649
90310
90847
91455
92062
92513
92965
93410
93639
94112
94610
95184
95808
96189
96645
97121
97498
97822
98429
98973
99662
100091
100921
101518
102117
102782
103339
103860
104569
105098
105470
105975
106487
106869
107439
107973
108366
108993
109383
109968
110324
110770
111139
111852
112602
113052
113396
114054
114442
114941
115413
115947
116358
116830
117360
117917
118495
118827
119318
119928
120259
121012
121581
122020
122382
122741
123190
123767
123961
124410
124653
124927
125364
125910
126361
126971
127580
128208
128633
128896
129236
129789
130355
130719
131086
131471
131883
132246
132720
133129
133504
133992
134590
135027
135455
135913
136155
136826
137261
137640
137943
138534
139163
139769
140062
140516
140930
141318
141821
142218
142724
143298
143726
144170
144554
145068
145715
146191
146679
147171
147734
148320
148791
149263
149898
150289
150618
150975
151623
152021
152615
153116
153711
154207
154525
154966
155489
155917
156311
156786
157403
157918
158352
158782
159397
159711
160054
160326
160909
161566
161985
162452
163054
163406
163813
164167
164668
165266
165815
166149
166708
167110
167798
168395
168829
169327
169734
170144
170410
170876
171465
171763
172500
173049
173424
173898
174247
174709
175310
175707
176057
176705
177075
177663
178112
178631
179316
179886
180389
180956
181384
181825
182498
182900
183355
183867
184536
185154
185605
185951
186484
186997
187354
187761
188175
188777
189230
189721
190164
190677
191098
191659
192394
192833
193266
193865
194438
194953
195300
195843
196337
196852
197526
198032
198442
198701
199130
199486
199857
200266
200719
201044
201371
201827
202369
202829
203380
203768
204332
205092
205615
206066
206598
207164
207595
208091
208445
208857
209413
209998
210417
210794
211369
211956
212488
212855
213105
213403
214071
214519
214887
215222
215728
216364
216953
217412
218053
218600
219063
219568
220115
220612
221018
221427
221924
222298
222883
223366
223848
224241
224779
225023
225535
225931
226488
227079
227596
228027
228558
229038
229486
229818
230389
230905
231316
231847
232406
232914
233255
233547
234090
234556
235075
235583
236004
236608
237179
237520
237857
238432
238874
239317
239770
