0
544
916
1371
1742
2209
2816
3206
3553
4209
4578
5136
5602
6137
6825
7399
7898
8463
8889
9291
9985
10394
10834
11363
11990
12626
13092
13437
13964
14492
14851
15252
15656
16260
16707
17207
17647
18161
18587
19137
19875
20293
20734
21316
21920
22435
22778
23328
23815
24293
25012
25512
25903
26179
26613
26966
27338
27697
28197
28532
28862
29307
29862
30298
30876
31262
31804
32563
33101
33560
34092
34622
35091
35588
35925
36358
36920
37503
37922
38297
38856
39459
39997
40345
40620
40918
41566
42028
42396
42723
43232
43839
44412
44909
45560
46102
46568
47071
47589
48116
48522
48932
49437
49807
50397
50850
51352
51754
52288
52540
53048
53448
53971
54602
55109
55541
56069
56547
56970
57326
57916
58390
58839
59370
59926
60380
60771
61048
61592
62077
62597
63099
63524
64119
64702
65023
65384
65959
66399
66838
67289
67984
68552
69052
69373
69932
70334
70815
71243
71723
72110
72572
73053
73595
74013
74525
74992
75261
75822
76512
77074
77575
78152
78583
79299
79543
80108
80589
81169
81496
81714
82140
82622
83289
83762
84248
84775
85184
85985
86489
86906
87623
88070
88722
89169
89450
89917
90418
90729
91301
91574
92104
92472
92993
93497
94038
94553
95189
95796
96316
96916
97442
98026
98492
98870
99286
99808
100344
100790
101443
101785
102433
102790
103242
103798
104187
104752
105339
105719
106050
106521
106984
107700
108191
108812
109377
109723
110303
110996
111584
111843
112632
113332
113819
114251
114660
115058
115431
115957
116414
116812
117519
117918
118444
118904
119144
119495
119973
120444
120790
121097
121702
122120
122494
122850
123260
123596
124222
124785
125269
125846
126300
126779
127102
127532
128069
128623
128995
129462
129891
130131
130645
131055
131598
132081
132370
132928
133556
133954
134526
134964
135349
135774
136334
136781
137252
137715
138171
138498
138829
139284
139723
140200
140770
141345
141853
142402
142871
143284
143757
143979
144514
144881
145423
145789
146199
146740
147289
147766
148333
148787
149565
150145
150533
150932
151425
151850
152286
152660
153151
153609
153863
154502
154891
155422
156106
156601
157182
157620
158024
158394
158660
159149
159649
160298
160749
161279
161774
162230
162906
163297
163501
163851
164340
165022
165559
165929
166424
166894
167345
167740
168106
168537
168849
169320
169782
170230
170717
171234
171702
172208
172855
173262
173878
174349
174769
175504
176060
176631
177205
177721
178102
178548
178798
179312
179790
180391
180964
181375
181922
182296
182633
183057
183619
184165
184829
185311
186127
186656
187388
188002
188521
189099
189756
190217
190629
191133
191602
192059
192585
193171
193565
194155
194512
195084
195491
195882
196354
196977
197733
198157
198607
199199
199619
200162
200626
201082
201468
201991
202643
203060
203612
203954
204462
205083
205447
206152
206711
207160
207516
207895
208399
208877
209142
209551
209769
210048
210516
211064
211610
212232
212714
213343
213758
214037
214360
214912
215470
215871
216195
216598
217008
217452
217901
218263
218660
219194
219725
220128
220645
221046
221317
221961
222349
222786
223121
223698
224317
224875
225208
225634
226037
226542
226957
227387
227897
228422
228901
229314
229668
230295
230876
231337
231798
232339
232881
233507
233927
234434
235053
235402
235743
236199
236735
237211
237831
238303
238852
239361
239675
240165
