0
313
586
880
1372
1609
1877
2219
2501
2779
3129
3312
3755
4092
4474
4749
5058
5379
5668
5919
6287
6639
6920
7286
7691
7985
8200
8497
8820
9151
9470
9840
10144
10503
10798
11072
11332
11707
11995
12326
12679
13083
13432
13752
14001
14313
14692
14940
15269
15563
15826
16168
16412
16766
17093
17390
17682
17919
18318
18744
19117
19503
19833
20163
20528
20768
21096
21508
21748
22013
22143
22476
22858
23233
23596
23934
24228
24598
25130
25355
25716
26175
26449
26902
27094
27347
27594
27972
28223
28538
28819
29107
29374
29735
30088
30383
30773
31210
31551
31948
32342
32640
33051
33373
33624
33885
34288
34594
34926
35354
35565
35992
36250
36558
36894
37219
37615
37953
38123
38470
38710
39051
39550
39939
40180
40584
40837
41233
41635
42026
42271
42821
43181
43508
43785
44068
44313
44589
44904
45229
45506
45934
46300
46608
46848
47051
47358
47678
47914
48150
48514
48744
49035
49303
49540
49844
50145
50542
50904
51259
51628
51938
52205
52410
52793
53125
53489
53759
53999
54296
54506
54836
55107
55465
55726
55960
56328
56722
57023
57409
57686
57982
58268
58608
58937
59240
59546
59832
60087
60284
60613
60887
61315
61617
61969
62343
62700
63006
63318
63549
63812
64098
64370
64735
64995
65270
65630
65988
66333
66659
67023
67473
67852
68067
68428
68731
69007
69285
69547
69899
70156
70362
70812
71075
71493
71912
72269
72602
72930
73152
73359
73559
73923
74236
74692
74965
75354
75647
76013
76409
76657
76842
77086
77507
77964
78192
78551
78795
79141
79469
79722
79938
80239
80475
80792
81080
81426
81646
82075
82399
82677
83140
83455
83800
84126
84510
84880
85285
85616
85911
86330
86546
86790
87034
87400
87768
88160
88495
88753
89071
89330
89569
89968
90313
90722
91075
91513
91866
92241
92727
93168
93475
93921
94211
94536
94852
95196
95550
95829
96154
96532
96827
97174
97456
97823
98080
98320
98735
99109
99543
99797
100186
100537
100861
101218
101560
101807
102087
102444
102880
103226
103570
103868
104122
104493
104910
105306
105599
105918
106159
106475
106794
107068
107237
107533
107654
107885
108165
108589
108923
109380
109801
110090
110320
110530
110842
111167
111566
111817
112049
112340
112572
112872
113216
113448
113764
114136
114441
114726
115093
115342
115551
115944
116234
116519
116815
117144
117559
117845
118163
118490
118686
119056
119301
119620
120028
120325
120614
120926
121193
121649
121970
122268
122577
122986
123316
123712
124063
124462
124731
125014
125204
125487
125876
126231
126597
126930
127267
127601
127838
128195
128442
128730
129006
129353
129823
130114
130388
130699
131028
131352
131522
131770
132177
132555
132844
133221
133531
133762
134016
134283
134654
135042
135391
135594
135941
136293
136785
137045
137401
137651
137991
138220
138404
138823
139198
139505
139913
140286
140509
140793
141021
141382
141774
142021
142346
142675
142959
143296
143633
143996
144430
144719
145153
145464
145767
146089
146527
146793
147081
147441
147886
148252
148560
148834
149226
149479
149735
149970
150319
150647
150955
151304
151639
151873
152324
152729
153049
153431
153677
154115
154430
154766
155049
155327
155673
156077
156446
156728
157008
157225
157492
157740
157983
158319
158614
158817
159091
159351
159822
160148
