0
309
762
1124
1582
2028
2537
2880
3548
3991
4474
5120
5586
6101
6588
7210
7761
8398
8887
9360
9941
10279
10654
11030
11592
12109
12708
13214
13597
14071
14476
14790
15432
15982
16570
17090
17768
18291
18861
19642
20320
20779
21481
21924
22368
22874
23337
23896
24329
24786
25357
25807
26348
26791
27292
27672
28007
28673
29218
29902
30285
30937
31384
31857
32388
32909
33285
33682
34197
34828
35373
35859
36316
36699
37228
37891
38447
38884
39379
39694
40137
40634
41067
41276
41712
41885
42211
42620
43287
43818
44498
45104
45551
45907
46151
46645
47109
47699
48085
48417
48803
49155
49575
50102
50436
50867
51454
51886
52318
52850
53228
53569
54117
54564
54971
55491
55916
56634
57009
57460
57940
58202
58752
59117
59596
60195
60633
61050
61497
61887
62571
63071
63531
63962
64596
65143
65692
66221
66846
67205
67604
67867
68343
68914
69465
70020
70539
71069
71547
71882
72424
72798
73219
73604
74136
74864
75281
75677
76159
76686
77117
77343
77707
78392
78947
79338
79909
80423
80745
81127
81524
82179
82692
83203
83488
84015
84579
85308
85675
86241
86597
87147
87396
87644
88309
88837
89311
89910
90506
90799
91227
91603
92117
92761
93084
93545
94059
94519
95012
95497
96058
96757
97201
97870
98304
98754
99241
99923
100319
100807
101298
102010
102556
102976
103346
103977
104332
104726
105073
105604
106098
106573
107109
107591
107920
108617
109295
109707
110298
110689
111366
111837
112367
112821
113224
113745
114375
114912
115318
115750
116026
116423
116769
117136
117611
118043
118317
118720
119112
119864
120335
120775
121253
121879
122387
122971
123401
123976
124427
124964
125456
125829
126227
126856
127454
127759
128234
128725
129307
129780
130155
130496
130826
131437
131980
132290
132685
133106
133792
134327
134909
135552
135973
136549
136939
137483
137963
138340
138806
139189
139667
140389
140753
141180
141663
142024
142522
142980
143353
144027
144543
145073
145523
145883
146389
146811
147201
147776
148282
148671
149212
149826
150273
150638
150953
151463
152036
152487
153050
153475
154130
154507
154886
155275
155801
156321
156727
157314
157955
158390
158866
159284
159719
160344
160741
161204
161600
161966
162495
163005
163345
163900
164326
164745
165167
165911
166447
167075
167614
168013
168566
169025
169404
170017
170595
170915
171303
171495
172061
172571
173161
173652
174206
174548
175212
175958
176370
176926
177594
178146
178665
178943
179319
179787
180254
180662
181051
181534
181939
182373
182895
183460
183909
184617
185270
185665
186265
186971
187304
188012
188418
188755
189208
189811
190269
190720
191341
191788
192288
192752
193162
193679
194174
194780
195224
195494
196056
196389
196886
197666
198246
198609
199274
199719
200195
200827
201415
201850
202684
203242
203690
204162
204508
204842
205338
205723
206239
206691
207314
207882
208282
208644
208969
209478
209862
210169
210582
211119
211492
211917
212288
212639
213090
213586
214125
214655
215148
215740
216179
216577
216847
217590
218025
218495
218912
219263
219672
220058
220534
220914
221494
221867
222209
222764
223334
223869
224398
224808
225166
225716
226115
226701
227058
227583
228031
228324
228699
229143
229631
230236
230715
231280
231771
232277
232706
233204
233514
233877
234339
234809
235265
235651
236167
236690
237209
237723
238248
238789
239514
239957
240277
