0
443
803
1019
1545
1954
2286
2574
2873
3108
3364
3712
4008
4266
4726
5086
5389
5640
5834
6122
6416
6691
6920
7249
7554
7846
8103
8338
8634
8934
9312
9695
10009
10408
10739
11016
11219
11613
11863
12227
12544
12777
13079
13293
13624
13860
14257
14527
14765
15109
15527
15799
16206
16490
16731
17049
17381
17709
18045
18337
18616
18884
19081
19402
19663
20079
20410
20751
21111
21492
21795
22056
22348
22586
22892
23158
23513
23788
24083
24410
24753
25114
25444
25810
26271
26659
26897
27200
27524
27808
28075
28371
28697
28984
29158
29615
29838
30273
30686
31053
31392
31753
31936
32188
32364
32761
33053
33488
33803
34180
34450
34801
35220
35478
35650
35896
36273
36724
37014
37321
37599
37935
38237
38527
38720
39037
39218
39550
39865
40235
40435
40821
41136
41469
41893
42190
42596
42926
43281
43661
44082
44392
44707
45088
45344
45588
45815
46178
46503
46930
47273
47534
47870
48143
48370
48748
49071
49460
49845
50267
50655
50995
51520
51893
52249
52632
53011
53326
53600
53957
54336
54590
54913
55306
55553
55933
56189
56596
56834
57114
57428
57880
58307
58589
58956
59312
59646
59986
60335
60577
60863
61191
61636
61948
62351
62562
62859
63267
63643
64055
64365
64652
64916
65176
65576
65838
66008
66282
66407
66642
66924
67336
67675
68137
68513
68822
69082
69288
69529
69892
70306
70532
70756
71034
71289
71610
71959
72203
72455
72868
73196
73444
73827
74067
74295
74688
74973
75254
75558
75898
76294
76600
76855
77168
77432
77790
78043
78377
78727
79053
79330
79620
79890
80368
80677
80993
81299
81704
82041
82444
82759
83149
83478
83756
83956
84229
84612
84974
85337
85677
86018
86317
86588
86930
87190
87451
87757
88106
88526
88855
89152
89441
89779
90032
90296
90530
90929
91257
91584
91914
92300
92519
92783
93025
93367
93804
94135
94325
94674
94975
95495
95790
96094
96387
96722
96962
97151
97551
97893
98157
98650
99014
99257
99552
99782
100138
100470
100762
101068
101433
101694
102067
102336
102724
103175
103478
103833
104223
104540
104826
105297
105533
105833
106217
106646
106984
107333
107559
107986
108220
108493
108742
109072
109431
109732
110068
110406
110625
111036
111460
111811
112154
112441
112847
113204
113474
113781
114041
114448
114838
115199
115492
115748
115977
116244
116507
116731
117079
117385
117587
117813
118131
118565
118901
119178
119448
119889
120282
120660
120904
121323
121655
121996
122338
122607
122843
123292
123669
123905
124184
124580
124956
125279
125559
125705
125997
126423
126741
126986
127221
127566
127991
128349
128730
129135
129430
129800
130088
130442
130735
131016
131328
131614
131919
132398
132638
132927
133248
133529
133805
134167
134335
134775
135119
135505
135794
136088
136415
136709
136971
137324
137677
137963
138329
138734
139035
139251
139544
139873
140218
140516
140912
141195
141564
141851
142125
142409
142757
143051
143379
143734
144141
144498
144811
145078
145370
145758
145994
146326
146613
146878
147217
147467
147823
148149
148440
148739
148977
149386
149812
150168
150572
150877
151206
151567
151808
152164
152558
152792
153061
153191
153514
153900
154277
154634
154977
155264
155642
156164
156393
156757
157224
157516
157935
158132
158406
158628
159011
159253
159573
159867
