0
245
474
708
1056
1247
1467
1730
1939
2150
2412
2570
2887
3155
3454
3667
3912
4163
4395
4594
4871
5155
5380
5657
5958
6180
6367
6616
6860
7113
7351
7622
7867
8140
8378
8597
8788
9079
9308
9571
9842
10160
10438
10685
10882
11117
11408
11601
11854
12088
12305
12569
12767
13051
13293
13518
13757
13961
14260
14580
14859
15159
15432
15677
15954
16144
16405
16722
16919
17142
17266
17529
17822
18104
18370
18627
18864
19149
19533
19717
19985
20327
20551
20886
21056
21272
21480
21750
21962
22204
22415
22635
22844
23130
23415
23633
23929
24252
24518
24811
25128
25351
25663
25909
26102
26315
26628
26872
27129
27452
27623
27925
28134
28387
28640
28894
29193
29463
29607
29868
30051
30305
30671
30963
31155
31455
31668
31977
32294
32579
32763
33145
33419
33671
33888
34115
34318
34558
34795
35044
35264
35581
35855
36106
36299
36473
36700
36953
37148
37348
37625
37804
38037
38254
38452
38705
38938
39236
39507
39787
40070
40299
40515
40691
40980
41231
41502
41701
41898
42137
42317
42574
42783
43053
43256
43456
43737
44025
44253
44555
44791
45028
45253
45516
45772
46034
46274
46503
46714
46894
47152
47373
47688
47913
48174
48456
48728
48977
49209
49385
49608
49831
50059
50336
50538
50767
51056
51338
51613
51865
52133
52465
52774
52957
53234
53475
53695
53925
54142
54413
54608
54785
55106
55331
55645
55953
56221
56480
56736
56937
57116
57292
57563
57809
58145
58374
58677
58909
59201
59519
59720
59885
60086
60400
60740
60928
61196
61417
61699
61961
62167
62360
62602
62812
63064
63294
63566
63750
64074
64323
64536
64894
65144
65419
65687
65985
66281
66600
66844
67078
67394
67573
67775
67975
68257
68550
68860
69114
69326
69575
69775
69972
70284
70546
70866
71136
71467
71730
72011
72362
72696
72934
73273
73503
73749
73995
74252
74518
74742
75000
75281
75512
75771
76002
76277
76497
76691
77021
77307
77626
77834
78113
78385
78628
78906
79175
79379
79592
79877
80207
80473
80728
80961
81152
81444
81755
82057
82283
82536
82742
82983
83220
83438
83588
83825
83927
84118
84328
84650
84906
85231
85556
85794
85995
86172
86419
86672
86954
87163
87345
87579
87769
88004
88270
88465
88718
89015
89249
89489
89769
89979
90155
90452
90692
90912
91141
91394
91698
91929
92167
92434
92599
92895
93103
93354
93657
93878
94106
94343
94561
94892
95145
95385
95631
95952
96199
96490
96766
97070
97291
97518
97667
97907
98197
98468
98737
98993
99257
99520
99710
99990
100186
100412
100645
100920
101260
101493
101730
101977
102230
102473
102620
102828
103123
103416
103651
103928
104173
104374
104579
104795
105082
105364
105640
105818
106086
106349
106702
106912
107201
107399
107673
107860
108006
108336
108612
108852
109156
109455
109638
109868
110062
110357
110645
110856
111109
111356
111578
111833
112103
112372
112689
112920
113236
113467
113714
113966
114291
114499
114720
114996
115338
115614
115849
116064
116354
116548
116755
116956
117230
117481
117727
117997
118233
118422
118767
119081
119329
119616
119812
120145
120384
120651
120879
121089
121363
121656
121933
122164
122394
122579
122791
122997
123203
123459
123695
123871
124093
124295
124645
124899
