0
438
945
1462
1989
2464
2905
3334
3768
4289
4654
4940
5417
5922
6438
6916
7228
7746
8195
8652
9031
9520
10276
10622
10931
11309
11594
11931
12502
12934
13362
13979
14501
15260
15763
16276
16745
17180
17641
18165
18555
19189
19815
20330
20859
21346
21818
22258
22676
23108
23675
24068
24802
25376
25803
26315
26897
27603
27984
28417
28866
29396
29632
30322
30734
31420
31817
32449
33012
33282
33774
34473
34890
35232
35559
36023
36439
36758
37154
37726
38303
38667
38946
39469
39712
40087
40525
40859
41277
41597
41902
42463
43196
43784
44222
44595
45119
45472
45932
46534
47176
47729
48091
48429
48857
49257
49629
50294
50762
51254
51874
52325
52691
53374
53830
54276
54684
55235
55626
55998
56422
56838
57158
57565
58025
58587
59131
59719
60312
60699
61406
61816
62310
62708
63232
63816
64103
64562
65093
65566
65918
66521
66957
67574
68128
68646
69251
69541
69869
70340
70941
71397
71920
72363
72966
73464
73961
74345
74688
75119
75624
76217
76622
76977
77507
77909
78460
78986
79517
80042
80530
80955
81448
81730
82178
82686
83174
83701
84231
84934
85353
85834
86597
87361
87896
88365
88651
89060
89389
90118
90471
90895
91430
92028
92615
93273
93793
94374
94925
95265
95782
96300
96762
97594
98020
98519
98880
99301
99714
100226
100806
101365
101745
102195
102584
102964
103495
103813
104306
104725
105100
105587
106160
106625
107120
107501
108057
108599
108933
109237
109734
110127
110721
111120
111556
112081
112704
113252
113839
114139
114611
115297
115867
116146
116606
116859
117156
117745
118223
118749
119279
119774
120453
121247
121844
122346
122717
123223
123645
124280
124917
125447
126006
126426
126867
127246
127462
127982
128438
128793
129189
129856
130391
130966
131265
131552
132010
132626
133086
133461
133797
134239
134741
135281
135803
136387
137012
137509
138033
138612
139122
139540
139948
140459
140961
141482
141874
142203
142599
142876
143405
143744
144319
144725
145380
145811
146355
147009
147491
147997
148582
149077
149540
149961
150491
150913
151349
151816
152309
152987
153322
153704
154227
154775
155253
155740
156207
156681
157105
157572
158186
158587
159116
159609
159950
160513
160990
161702
162162
162779
163558
164260
164872
165743
166207
166834
167316
167706
168066
168445
168942
169293
169731
170322
170799
171321
171973
172480
173012
173515
173898
174425
174847
175380
175861
176419
177009
177367
177990
178512
179030
179525
180192
180539
180945
181367
181865
182431
182858
183196
183740
184244
184617
185093
185665
186277
186604
187314
187836
188247
188772
189426
189760
190340
190795
191403
191972
192673
193228
193847
194216
194524
195056
195472
195928
196502
196801
197350
197840
198464
198920
199422
199963
200505
201018
201775
202572
202955
203320
203705
204216
204757
205315
205814
206157
206526
206851
207417
207884
208245
208749
209312
209719
210247
210695
211091
211499
211833
212197
212652
213139
213795
214155
214779
215206
215568
216101
216575
216848
217266
217775
218238
218654
218867
219260
219855
220454
220904
221464
221887
222275
222791
223168
223619
224014
224454
224951
225539
226223
226728
227270
227900
228333
228843
229414
230249
230696
231244
231787
232105
232547
232790
233477
233952
234301
234765
235122
235602
235966
236551
236897
237427
237976
238791
239292
239573
240018
240312
240616
241084
241428
