0
265
561
812
1030
1229
1462
1754
2024
2240
2497
2736
3011
3217
3505
3817
4050
4314
4608
4828
5076
5392
5615
5923
6136
6416
6746
7069
7378
7664
7882
8076
8296
8510
8763
9030
9239
9494
9728
10064
10344
10574
10825
11127
11405
11760
12112
12348
12535
12745
12974
13214
13484
13732
13980
14196
14377
14596
14849
15145
15381
15598
15876
16160
16367
16563
16793
16995
17230
17422
17681
18012
18252
18540
18772
18978
19241
19526
19667
19911
20182
20424
20597
20790
20960
21235
21512
21742
22014
22283
22480
22742
22934
23133
23400
23590
23772
24142
24475
24741
24996
25314
25599
25837
26081
26478
26741
27010
27255
27467
27683
27880
28115
28406
28676
28886
29122
29371
29564
29832
30038
30279
30553
30876
31213
31391
31579
31781
31957
32229
32426
32742
33002
33232
33534
33792
34064
34277
34450
34743
34990
35311
35498
35747
35990
36210
36443
36777
37004
37330
37648
37897
38163
38379
38605
38857
39090
39290
39502
39672
39924
40163
40478
40762
41005
41310
41484
41682
41920
42164
42458
42685
42960
43217
43448
43675
43929
44099
44308
44521
44801
45034
45302
45495
45729
45981
46217
46433
46697
47063
47316
47488
47698
47864
48046
48352
48572
48796
49073
49321
49694
49920
50224
50465
50688
50923
51214
51449
51737
52059
52311
52578
52810
53087
53306
53547
53773
54029
54233
54604
54863
55121
55404
55683
55988
56198
56463
56694
56961
57138
57440
57650
57957
58179
58461
58704
58955
59195
59509
59777
59975
60139
60391
60631
60814
61002
61303
61524
61782
61962
62190
62374
62577
62795
63020
63241
63445
63614
63923
64235
64516
64755
64992
65264
65477
65714
66013
66287
66608
66799
67027
67238
67458
67666
67976
68211
68437
68746
68998
69252
69547
69756
70016
70246
70498
70715
70916
71141
71347
71562
71781
72003
72301
72596
72852
73198
73419
73737
73950
74214
74442
74730
75032
75194
75458
75727
75960
76152
76468
76686
77001
77280
77531
77806
78001
78184
78463
78739
78996
79229
79481
79789
80028
80260
80485
80682
80941
81170
81457
81706
81913
82156
82367
82634
82929
83204
83487
83710
83930
84196
84396
84646
84854
85140
85425
85690
86035
86285
86519
86870
87233
87551
87807
87974
88207
88367
88733
88876
89101
89412
89721
90011
90279
90594
90894
91164
91385
91650
91888
92142
92552
92776
93025
93267
93444
93699
93960
94228
94521
94766
94984
95196
95413
95635
95842
96078
96286
96527
96766
97033
97308
97557
97748
98022
98319
98488
98690
98939
99161
99437
99659
99868
100151
100459
100731
101022
101181
101466
101792
102084
102233
102437
102620
102836
103072
103343
103618
103899
104150
104403
104790
105133
105390
105635
105901
106142
106443
106753
107018
107319
107546
107790
107998
108168
108419
108693
108905
109097
109400
109733
110036
110219
110358
110624
110911
111170
111416
111592
111830
112085
112350
112632
112916
113252
113521
113735
114060
114331
114494
114766
115006
115281
115551
115760
115941
116186
116341
116594
116808
117071
117318
117601
117831
118083
118392
118666
118919
119216
119481
119726
119923
120221
120461
120686
120903
121182
121514
121737
121955
122204
122477
122709
122973
123200
123470
123696
123927
124187
124440
124741
124991
