0
348
688
1062
1406
1766
2098
2498
2810
3191
3548
3885
4223
4614
4961
5301
5694
6059
6381
6724
7049
7443
7797
8135
8469
8815
9138
9463
9762
10126
10522
10877
11216
11562
11888
12255
12650
12994
13338
13678
14076
14417
14750
15113
15451
15810
16190
16520
16887
17213
17533
17856
18182
18524
18859
19197
19521
19882
20190
20591
20911
21241
21585
21951
22339
22730
23082
23426
23751
24102
24477
24791
25126
25522
25923
26263
26658
26976
27329
27656
28008
28348
28705
29059
29407
29713
30032
30383
30753
31085
31454
31819
32165
32523
32871
33220
33569
33933
34262
34583
34944
35343
35645
35973
36321
36647
36993
37326
37614
37987
38347
38687
39030
39402
39755
40097
40411
40753
41103
41451
41792
42168
42483
42821
43128
43480
43807
44164
44530
44866
45261
45580
45912
46224
46573
46928
47243
47625
47980
48305
48651
48952
49298
49657
50008
50350
50685
50995
51351
51699
52029
52352
52716
53035
53345
53750
54123
54495
54876
55198
55535
55850
56175
56534
56918
57253
57554
57853
58241
58611
58953
59290
59620
59932
60351
60709
61004
61401
61746
62149
62506
62807
63162
63505
63826
64159
64497
64837
65176
65511
65832
66157
66506
66887
67278
67649
67988
68370
68668
69041
69374
69672
70032
70373
70727
71029
71397
71737
72089
72435
72769
73127
73486
73827
74170
74465
74817
75131
75472
75877
76212
76541
76944
77269
77663
78030
78348
78692
79055
79445
79761
80094
80393
80708
81054
81425
81737
82120
82481
82829
83192
83506
83866
84205
84539
84828
85168
85494
85791
86113
86426
86791
87134
87495
87843
88209
88567
88937
89259
89567
89872
90255
90597
90945
91268
91575
91901
92237
92555
92887
93264
93563
93919
94251
94622
94994
95370
95691
96017
96358
96673
97063
97373
97699
98045
98369
98714
99057
99401
99798
100161
100549
100897
101244
101591
101971
102303
102648
102983
103312
103649
103966
104346
104738
105086
105435
105780
106137
106523
106872
107185
107557
107887
108257
108623
108946
109271
109643
109977
110342
110666
111027
111404
111770
112123
112458
112776
113071
113380
113735
114098
114496
114857
115226
115549
115938
116329
116652
116938
117309
117685
118077
118420
118783
119133
119485
119815
120165
120496
120853
121210
121533
121870
122217
122568
122905
123255
123614
123959
124316
124708
125057
125438
125805
126168
126535
126898
127203
127515
127804
128166
128510
128875
129248
129560
129891
130249
130569
130892
131262
131622
132025
132369
132762
133128
133508
133895
134252
134587
134969
135323
135673
136005
136375
136728
137120
137438
137803
138164
138511
138870
139255
139584
139903
140280
140658
141049
141372
141711
142082
142395
142730
143056
143413
143719
144084
144471
144811
145148
145467
145784
146120
146496
146866
147217
147544
147870
148226
148548
148851
149192
149528
149820
150122
150469
150822
151178
151567
151945
152302
152638
152948
153301
153660
153997
154312
154634
154986
155304
155663
156018
156340
156703
157058
157402
157721
158083
158389
158713
159084
159406
159718
160097
160465
160811
161149
161486
161802
162128
162521
162846
163208
163604
163896
164211
164517
164872
165250
165600
165941
166269
166629
166995
167371
167738
168145
168470
168798
169094
169440
169796
170175
170546
170897
171233
171592
171934
172291
172649
173000
173336
