0
340
683
1023
1330
1672
2056
2394
2746
3126
3453
3838
4197
4547
4905
5256
5603
5981
6334
6685
7069
7419
7735
8071
8418
8807
9164
9503
9850
10182
10512
10841
11190
11556
11922
12247
12568
12912
13254
13621
14027
14343
14694
15064
15448
15802
16113
16478
16822
17166
17541
17894
18232
18525
18861
19202
19538
19869
20191
20546
20872
21209
21551
21883
22241
22586
22939
23348
23720
24083
24422
24776
25107
25455
25778
26110
26463
26862
27210
27546
27908
28262
28612
28927
29264
29591
29973
30312
30622
30928
31266
31639
31996
32328
32699
33078
33420
33752
34117
34469
34836
35173
35530
35845
36215
36561
36883
37201
37559
37881
38252
38555
38890
39283
39650
39995
40376
40736
41084
41409
41761
42113
42439
42788
43146
43474
43794
44121
44471
44813
45166
45526
45862
46257
46633
46962
47275
47622
47959
48288
48640
49015
49376
49727
50032
50376
50739
51068
51416
51750
52087
52429
52763
53104
53450
53770
54133
54446
54802
55197
55561
55917
56279
56612
56989
57250
57612
57952
58339
58626
58928
59259
59656
60021
60362
60680
61030
61357
61765
62100
62427
62834
63190
63574
63920
64215
64562
64915
65251
65604
65907
66270
66611
66971
67297
67635
67985
68352
68724
69091
69452
69785
70122
70453
70783
71100
71464
71816
72120
72466
72794
73173
73506
73851
74214
74566
74912
75256
75566
75902
76216
76564
76934
77295
77676
78046
78371
78730
79125
79467
79767
80128
80504
80848
81185
81498
81822
82134
82499
82829
83153
83527
83871
84227
84561
84890
85210
85548
85872
86174
86497
86857
87188
87502
87824
88165
88505
88888
89242
89627
89980
90318
90631
90929
91272
91617
91986
92292
92645
92949
93251
93620
93953
94316
94652
94987
95349
95704
96044
96408
96770
97110
97450
97782
98119
98476
98796
99125
99439
99778
100123
100448
100816
101195
101570
101931
102281
102633
102969
103344
103655
104020
104342
104686
105018
105368
105751
106119
106446
106816
107139
107512
107887
108213
108552
108893
109246
109606
109965
110311
110659
110976
111350
111670
112022
112394
112760
113123
113462
113798
114098
114396
114732
115085
115457
115820
116204
116554
116868
117256
117604
117890
118247
118600
118994
119350
119715
120065
120413
120754
121082
121410
121754
122108
122468
122816
123156
123497
123851
124186
124536
124914
125267
125654
126015
126383
126764
127118
127454
127791
128148
128450
128763
129058
129426
129795
130132
130506
130829
131199
131519
131833
132180
132535
132902
133287
133616
134023
134422
134802
135178
135511
135869
136237
136588
136921
137284
137654
138009
138366
138731
139099
139455
139782
140147
140521
140838
141195
141564
141949
142272
142596
142963
143297
143628
143978
144309
144636
145003
145396
145729
146091
146403
146728
147103
147397
147782
148155
148500
148820
149147
149495
149800
150132
150465
150761
151064
151399
151753
152104
152447
152811
153189
153547
153873
154195
154546
154889
155215
155525
155875
156220
156589
156923
157254
157616
157971
158302
158627
158981
159327
159600
159975
160300
160641
160953
161311
161681
162030
162359
162693
163013
163365
163720
164066
164446
164782
165128
165442
165779
166154
166525
166873
167206
167570
167948
168326
168681
169051
169443
169782
170104
170436
170791
171149
171504
171858
172199
172561
172903
173247
