0
19
37
84
120
138
151
176
201
220
244
279
324
357
384
442
474
505
550
582
612
645
665
708
715
748
767
800
822
854
871
917
924
955
986
1012
1026
1050
1077
1103
1128
1163
1189
1227
1262
1285
1315
1356
1377
1426
1435
1449
1478
1490
1516
1535
1564
1571
1586
1613
1639
1663
1688
1700
1730
1759
1797
1825
1857
1891
1917
1928
1952
1974
2013
2038
2058
2064
2090
2130
2160
2178
2216
2239
2249
2275
2289
2300
2316
2337
2363
2377
2397
2416
2437
2449
2477
2507
2529
2571
2592
2610
2644
2660
2681
2695
2726
2746
2755
2786
2819
2833
2848
2853
2855
2885
2907
2920
2958
2973
3007
3047
3078
3091
3112
3132
3159
3180
3202
3249
3278
3301
3303
3313
3351
3376
3409
3436
3456
3470
3490
3507
3526
3562
3580
3596
3605
3627
3650
3663
3679
3703
3734
3753
3779
3804
3832
3858
3863
3867
3892
3926
3942
3966
4018
4054
4101
4115
4157
4171
4208
4240
4279
4304
4328
4345
4378
4407
4421
4445
4464
4509
4544
4565
4600
4607
4610
4633
4674
4706
4739
4778
4837
4859
4877
4892
4927
4956
4976
5007
5031
5058
5094
5127
5150
5177
5198
5209
5231
5260
5306
5335
5355
5372
5388
5420
5444
5478
5487
5497
5517
5547
5589
5602
5632
5652
5659
5680
5714
5739
5785
5832
5854
5862
5896
5942
5964
6017
6029
6047
6077
6107
6142
6162
6185
6196
6208
6232
6271
6305
6316
6332
6372
6395
6423
6444
6480
6500
6541
6556
6591
6612
6657
6687
6705
6710
6736
6766
6786
6792
6822
6845
6859
6877
6898
6912
6936
6956
6974
6991
6992
7007
7026
7037
7048
7075
7087
7123
7139
7158
7204
7231
7249
7255
7273
7295
7305
7363
7407
7437
7447
7464
7482
7507
7535
7560
7580
7588
7626
7642
7670
7681
7694
7709
7718
7740
7765
7806
7846
7857
7870
7883
7916
7935
7951
7984
8007
8034
8068
8098
8101
8136
8158
8166
8182
8211
8221
8231
8258
8273
8317
8334
8350
8359
8364
8409
8420
8438
8473
8498
8515
8543
8569
8605
8626
8649
8669
8707
8742
8761
8793
8819
8852
8879
8912
8931
8960
9008
9052
9086
9126
9154
9186
9199
9218
9243
9284
9309
9330
9339
9384
9405
9423
9454
9489
9527
9531
9549
9573
9591
9625
9671
9716
9739
9756
9766
9799
9813
9843
9885
9909
9923
9932
9948
9981
10019
10025
10038
10061
10080
10101
10129
10163
10186
10206
10243
10270
10284
10319
10351
10366
10382
10404
10427
10463
10504
10520
10551
10585
10623
10643
10673
10680
10693
10729
10736
10772
10794
10810
10814
10856
10876
10904
10926
10951
10954
10977
10979
11020
11025
11061
11085
11106
11120
11132
11153
11190
11200
11235
11262
11274
11287
11309
11324
11345
11371
11386
11398
11405
11446
11476
11502
11514
11537
11565
11601
11629
11652
11689
11734
11750
11759
11783
11815
11849
11878
11901
11917
11922
11936
11956
11992
12004
12013
12042
12053
12089
12100
12108
12112
12132
