0
12
26
94
152
162
173
205
225
249
275
319
378
420
453
552
603
646
708
753
798
835
859
926
930
976
1001
1048
1063
1108
1128
1193
1194
1232
1279
1311
1329
1349
1374
1398
1425
1467
1504
1559
1603
1629
1661
1718
1734
1803
1814
1819
1860
1866
1900
1922
1959
1962
1975
2005
2051
2077
2098
2109
2141
2186
2241
2267
2300
2350
2390
2397
2417
2442
2498
2535
2557
2557
2589
2643
2681
2687
2750
2776
2781
2802
2806
2813
2837
2849
2878
2887
2906
2939
2967
2979
3011
3054
3079
3141
3169
3192
3226
3239
3254
3267
3312
3346
3354
3394
3436
3451
3454
3454
3454
3494
3520
3530
3575
3581
3629
3677
3724
3736
3755
3775
3813
3831
3867
3932
3981
4008
4008
4011
4058
4083
4130
4165
4190
4191
4193
4208
4227
4264
4292
4298
4307
4334
4357
4364
4384
4416
4452
4462
4509
4531
4564
4599
4603
4604
4632
4677
4695
4728
4812
4868
4936
4946
5009
5019
5077
5108
5166
5192
5227
5238
5283
5329
5336
5362
5384
5450
5503
5526
5569
5573
5573
5600
5665
5700
5744
5792
5886
5908
5918
5926
5970
6008
6032
6075
6114
6142
6185
6239
6259
6294
6318
6326
6346
6380
6444
6491
6499
6515
6533
6579
6610
6670
6675
6676
6696
6734
6786
6797
6833
6855
6856
6880
6920
6946
7017
7089
7105
7108
7150
7212
7248
7335
7349
7362
7405
7431
7480
7510
7540
7548
7549
7573
7622
7676
7677
7682
7746
7778
7807
7840
7891
7915
7975
7996
8045
8062
8128
8162
8188
8188
8216
8259
8280
8283
8328
8350
8363
8370
8393
8404
8424
8447
8458
8482
8482
8490
8509
8517
8529
8555
8566
8617
8620
8647
8707
8750
8769
8771
8794
8815
8827
8910
8977
9007
9008
9020
9039
9065
9104
9132
9152
9153
9209
9217
9256
9264
9273
9292
9299
9324
9349
9413
9482
9496
9500
9503
9556
9574
9589
9639
9665
9692
9740
9777
9777
9821
9845
9852
9869
9903
9906
9916
9943
9965
10027
10037
10049
10058
10058
10127
10137
10155
10210
10228
10243
10268
10304
10357
10383
10401
10436
10489
10537
10552
10586
10617
10666
10692
10727
10739
10760
10830
10892
10946
11011
11054
11096
11106
11128
11153
11213
11244
11271
11279
11354
11365
11371
11417
11462
11506
11506
11520
11533
11547
11589
11657
11719
11750
11761
11762
11805
11814
11853
11914
11936
11945
11948
11967
12015
12078
12079
12095
12117
12133
12149
12186
12229
12263
12289
12336
12374
12379
12425
12459
12471
12483
12509
12534
12587
12656
12671
12703
12751
12801
12832
12865
12867
12876
12925
12925
12965
13002
13020
13022
13081
13097
13137
13159
13194
13195
13209
13211
13264
13267
13318
13343
13368
13376
13382
13412
13472
13472
13522
13548
13557
13579
13610
13628
13646
13676
13692
13707
13710
13762
13797
13829
13836
13860
13892
13940
13977
14009
14070
14136
14146
14146
14170
14201
14246
14282
14313
14330
14330
14341
14373
14424
14431
14432
14458
14461
14521
14529
14534
14534
14562
