0
220
415
450
551
694
933
974
1043
1050
1106
1203
1203
1355
1447
1500
1500
1697
1839
1862
1937
2036
2036
2069
2069
2244
2387
2417
2499
2567
2567
2578
2746
2880
2984
3060
3102
3193
3193
3295
3337
3362
3474
3480
3518
3530
3695
3851
3888
3953
3964
4131
4215
4347
4541
4748
4864
4864
4864
4948
5132
5192
5331
5414
5427
5455
5455
5556
5710
5723
5743
5795
5795
5988
6023
6023
6047
6094
6211
6291
6370
6556
6834
6857
6857
6857
7003
7112
7123
7169
7262
7381
7568
7645
7687
7791
7869
8046
8144
8150
8198
8270
8270
8369
8370
8413
8427
8560
8563
8752
8754
8754
8783
8858
8984
9038
9145
9267
9428
9472
9488
9597
9653
9698
9835
9959
10138
10276
10545
10717
10908
11022
11260
11418
11542
11591
11671
11887
11998
12086
12123
12268
12386
12456
12645
12687
12790
12836
13023
13062
13094
13163
13204
13249
13318
13496
13584
13811
13858
13950
14033
14214
14282
14491
14518
14649
14654
14707
14758
14927
14940
14951
14978
15169
15219
15315
15338
15371
15460
15647
15861
15877
16020
16162
16239
16240
16307
16437
16534
16693
16726
16731
16822
16996
17118
17192
17325
17409
17409
17443
17446
17497
17550
17649
17649
17665
17825
17843
17916
17978
18139
18181
18310
18537
18599
18661
18734
18764
18802
18806
18997
19063
19199
19311
19358
19372
19374
19374
19495
19495
19568
19643
19709
19709
19910
20061
20156
20197
20241
20302
20424
20486
20694
20866
21037
21037
21037
21166
21242
21320
21460
21600
21600
21600
21600
21703
21745
21883
21883
21905
21908
22068
22081
22081
22210
22254
22376
22532
22573
22650
22798
22832
22832
22832
22925
23077
23097
23288
23500
23669
23896
24101
24110
24296
24413
24498
24617
24677
24798
24898
24964
25094
25099
25220
25402
25511
25608
25775
25800
25802
25802
25882
26138
26287
26403
26650
26823
26886
26886
26987
27118
27171
27309
27372
27527
27625
27812
27897
28044
28044
28143
28171
28226
28334
28512
28659
28674
28713
28874
28911
29108
29218
29218
29256
29346
29398
29585
29668
29717
29763
29786
29905
29989
30118
30266
30533
30541
30592
30703
30861
31047
31254
31294
31439
31492
31699
31724
31884
31907
31907
31951
31993
32221
32285
32285
32291
32536
32650
32746
32842
33001
33064
33261
33364
33465
33616
33686
33865
33865
33932
33940
34085
34139
34254
34299
34339
34339
34351
34432
34453
34491
34599
34599
34675
34683
34727
34741
34741
34817
34857
35007
35032
35109
35212
35367
35486
35488
35505
35591
35644
35795
36068
36158
36222
36227
36247
36353
36408
36484
36561
36607
36607
36800
36800
36914
36928
36948
37007
37024
37090
37318
37529
37624
37634
37634
37715
37824
37850
37996
38105
38184
38273
38413
38480
38527
38684
38697
38741
38741
38848
38869
38869
39016
39034
39224
39273
39289
39289
39520
39520
39543
39643
39770
39817
39898
39969
40091
40208
40304
40448
40540
40674
40792
40865
40953
41079
41207
41286
41352
41395
41499
41707
42008
42112
42241
42436
42537
42546
42658
42695
42898
43062
43062
43296
43321
43341
43435
43582
43683
43760
43799
