0
33
73
130
135
198
231
277
295
339
358
390
414
454
465
495
554
585
624
681
687
687
707
749
794
838
877
975
1006
1022
1039
1081
1125
1125
1173
1202
1253
1279
1338
1363
1403
1406
1440
1451
1488
1525
1571
1600
1623
1630
1689
1703
1757
1780
1780
1805
1845
1874
1913
1951
1966
1982
2004
2045
2076
2134
2171
2232
2243
2267
2329
2346
2431
2476
2479
2521
2546
2605
2628
2669
2677
2680
2701
2731
2800
2809
2818
2853
2902
2930
2971
2988
3030
3058
3119
3161
3188
3236
3271
3310
3310
3334
3356
3395
3408
3454
3464
3485
3501
3522
3540
3560
3568
3602
3602
3626
3640
3662
3669
3688
3715
3727
3766
3785
3815
3867
3911
3934
3938
3957
3985
3996
4044
4127
4164
4179
4196
4200
4241
4285
4312
4340
4343
4354
4403
4412
4455
4467
4467
4496
4500
4531
4591
4660
4687
4698
4701
4729
4766
4776
4835
4862
4887
4938
4967
4979
5013
5046
5061
5077
5114
5118
5127
5138
5178
5209
5238
5259
5272
5272
5336
5336
5361
5399
5440
5444
5478
5502
5566
5591
5611
5653
5694
5739
5764
5798
5819
5880
5903
5928
5951
5978
6027
6092
6164
6209
6252
6297
6324
6332
6369
6430
6456
6485
6485
6549
6566
6585
6627
6666
6717
6721
6738
6750
6764
6807
6880
6899
6959
6984
6991
7025
7046
7085
7143
7159
7176
7179
7202
7222
7289
7309
7321
7346
7366
7386
7396
7441
7469
7511
7546
7604
7612
7630
7687
7710
7716
7738
7761
7782
7868
7909
7917
7986
8007
8058
8089
8105
8118
8136
8167
8190
8240
8245
8267
8305
8338
8378
8393
8426
8443
8460
8469
8501
8525
8571
8591
8614
8640
8641
8651
8732
8738
8785
8796
8819
8845
8864
8892
8908
8924
8961
8978
8981
9025
9057
9097
9108
9140
9150
9216
9251
9286
9350
9408
9422
9429
9437
9471
9526
9544
9602
9628
9630
9643
9646
9691
9731
9735
9763
9770
9783
9826
9841
9844
9863
9873
9918
9963
9986
10038
10110
10111
10114
10129
10161
10192
10209
10239
10282
10313
10348
10382
10383
10418
10453
10514
10530
10547
10556
10579
10581
10617
10630
10645
10666
10693
10708
10756
10767
10780
10810
10842
10865
10893
10943
11012
11026
11039
11069
11097
11121
11123
11187
11225
11281
11311
11395
11437
11505
11533
11606
11640
11685
11711
11767
11786
11828
11856
11901
11918
11948
11975
12036
12044
12089
12134
12158
12179
12197
12218
12247
12274
12303
12351
12376
12444
12474
12507
12567
12584
12635
12665
12671
12711
12717
12748
12774
12808
12812
12828
12840
12903
12927
12954
12954
12980
13032
13073
13121
13150
13189
13243
13254
13269
13309
13347
13369
13425
13425
13457
13491
13536
13549
13605
13620
13643
13661
13670
13685
13711
13724
13756
13758
13782
13817
13845
13848
13872
13925
13956
13994
14041
14065
14096
14120
14143
14163
14194
14237
14244
14282
14327
14343
14348
14350
14350
14386
14418
14426
14476
14489
14515
14563
14605
14634
14660
14669
14712
14731
14779
