0
35
78
141
143
209
240
287
306
348
369
403
427
469
480
509
573
603
640
698
703
703
718
761
808
852
891
999
1032
1046
1056
1093
1138
1138
1187
1214
1271
1292
1354
1377
1418
1421
1452
1463
1498
1538
1590
1618
1639
1644
1702
1715
1773
1799
1799
1820
1857
1875
1919
1955
1967
1981
2001
2044
2067
2126
2164
2227
2233
2259
2321
2338
2425
2473
2473
2517
2538
2601
2623
2665
2672
2672
2691
2725
2799
2802
2807
2839
2898
2921
2964
2978
3025
3048
3116
3156
3182
3234
3266
3307
3307
3331
3353
3393
3399
3447
3455
3474
3483
3500
3518
3534
3541
3574
3574
3598
3605
3626
3631
3646
3673
3684
3724
3739
3770
3822
3873
3891
3892
3910
3937
3949
3997
4086
4117
4131
4140
4144
4182
4225
4252
4271
4274
4283
4337
4340
4385
4394
4394
4421
4422
4450
4516
4590
4614
4618
4619
4645
4686
4696
4760
4786
4807
4860
4890
4897
4934
4965
4971
4988
5023
5026
5036
5045
5084
5117
5149
5166
5174
5174
5243
5243
5265
5302
5342
5344
5373
5396
5462
5484
5504
5549
5591
5636
5663
5696
5715
5775
5798
5823
5844
5864
5911
5983
6057
6103
6147
6194
6224
6231
6267
6332
6358
6392
6392
6463
6479
6493
6539
6578
6627
6629
6642
6650
6660
6703
6778
6797
6861
6879
6883
6912
6933
6971
7032
7048
7061
7061
7081
7101
7174
7191
7204
7226
7241
7257
7266
7314
7343
7386
7419
7482
7487
7503
7560
7579
7582
7601
7620
7642
7737
7780
7784
7858
7876
7935
7964
7976
7987
8005
8037
8057
8109
8114
8133
8170
8203
8247
8257
8292
8305
8318
8323
8355
8379
8428
8446
8469
8490
8490
8497
8586
8587
8636
8646
8668
8695
8714
8742
8756
8769
8806
8821
8821
8865
8897
8939
8945
8970
8979
9047
9084
9118
9185
9247
9260
9262
9268
9298
9352
9370
9427
9445
9445
9456
9456
9499
9544
9546
9571
9573
9585
9633
9645
9646
9665
9675
9718
9762
9785
9836
9915
9915
9915
9929
9962
9995
10006
10036
10080
10114
10150
10186
10186
10223
10254
10322
10336
10352
10361
10385
10385
10417
10432
10440
10463
10489
10503
10554
10557
10568
10597
10622
10641
10660
10708
10784
10796
10806
10830
10857
10882
10882
10950
10984
11042
11071
11160
11205
11279
11307
11386
11420
11459
11482
11543
11563
11604
11634
11681
11695
11727
11753
11824
11828
11866
11912
11938
11958
11974
11997
12022
12051
12076
12129
12152
12215
12249
12280
12348
12364
12415
12444
12449
12490
12496
12528
12550
12588
12592
12607
12614
12682
12708
12728
12728
12754
12808
12848
12899
12925
12965
13021
13030
13038
13075
13110
13130
13189
13189
13220
13257
13304
13317
13374
13389
13413
13426
13432
13444
13468
13480
13509
13509
13532
13570
13598
13600
13623
13678
13709
13748
13801
13822
13847
13870
13882
13900
13935
13980
13989
14030
14072
14086
14091
14091
14091
14130
14156
14162
14209
14215
14241
14290
14333
14363
14386
14392
14436
14456
14500
