0
0
0
21
78
195
220
409
628
741
844
1002
1004
1169
1244
1346
1410
1507
1556
1633
1690
1794
1816
1890
2048
2123
2211
2350
2357
2357
2386
2500
2623
2736
2829
3104
3183
3206
3221
3313
3427
3427
3541
3609
3751
3801
3965
4015
4123
4124
4200
4223
4312
4402
4510
4597
4641
4641
4798
4823
4969
5038
5038
5088
5174
5215
5330
5414
5436
5472
5505
5618
5673
5825
5910
6079
6085
6142
6298
6343
6558
6685
6685
6796
6844
7006
7053
7161
7174
7174
7212
7280
7467
7467
7472
7543
7706
7769
7883
7912
8036
8087
8256
8351
8404
8540
8605
8712
8712
8764
8819
8918
8930
9047
9062
9102
9109
9147
9179
9214
9226
9310
9310
9369
9379
9424
9433
9460
9527
9553
9650
9672
9740
9871
9997
10036
10036
10067
10135
10156
10272
10504
10579
10605
10610
10627
10712
10818
10882
10920
10920
10930
11072
11072
11178
11199
11199
11260
11260
11322
11492
11682
11731
11742
11742
11809
11897
11915
12080
12137
12186
12325
12396
12419
12468
12578
12593
12633
12717
12718
12740
12766
12863
12942
13023
13063
13077
13077
13252
13252
13299
13393
13482
13499
13564
13620
13784
13836
13883
13998
14101
14217
14273
14345
14399
14549
14607
14669
14725
14764
14876
15060
15247
15351
15460
15583
15659
15669
15760
15919
15982
16072
16072
16251
16279
16308
16418
16517
16623
16631
16664
16675
16705
16809
17004
17053
17216
17253
17257
17325
17378
17472
17616
17664
17689
17689
17735
17783
17966
18013
18038
18087
18114
18155
18166
18290
18348
18456
18541
18707
18711
18748
18897
18936
18936
18966
19017
19064
19306
19413
19419
19605
19630
19799
19859
19885
19902
19940
20015
20062
20190
20208
20256
20345
20424
20537
20557
20644
20678
20698
20710
20789
20848
20972
21004
21055
21108
21108
21118
21351
21351
21474
21493
21539
21600
21643
21704
21739
21753
21842
21863
21877
21985
22059
22160
22173
22235
22252
22423
22508
22591
22761
22918
22943
22943
22955
23029
23166
23208
23355
23392
23392
23417
23417
23513
23623
23623
23683
23687
23706
23837
23869
23869
23912
23930
24035
24144
24199
24323
24526
24526
24526
24557
24639
24726
24741
24821
24918
24992
25094
25184
25184
25272
25343
25517
25546
25578
25596
25655
25655
25733
25762
25773
25819
25887
25916
26040
26044
26067
26116
26184
26232
26278
26394
26575
26611
26635
26688
26749
26809
26809
26971
27047
27203
27277
27486
27614
27811
27874
28077
28148
28248
28307
28442
28512
28614
28687
28805
28828
28907
28963
29134
29138
29227
29346
29406
29456
29476
29530
29584
29657
29699
29843
29894
30055
30136
30218
30360
30418
30544
30615
30616
30718
30726
30806
30856
30953
30955
30986
31001
31175
31239
31279
31279
31334
31469
31569
31687
31728
31842
31980
31993
32008
32096
32182
32230
32375
32375
32455
32547
32658
32693
32838
32870
32928
32949
32957
32979
33036
33061
33131
33131
33179
33273
33348
33349
33399
33538
33611
33702
33838
33887
33940
33995
34020
34057
34138
34256
34266
34364
34471
34499
34506
34506
34506
34601
34660
34667
34772
34778
34829
