0
15
35
59
96
146
184
237
300
348
395
442
471
527
565
616
645
687
715
755
778
827
858
891
948
985
1021
1080
1093
1100
1131
1170
1216
1264
1313
1392
1434
1460
1492
1529
1578
1593
1648
1684
1736
1771
1827
1866
1908
1918
1954
1986
2031
2073
2116
2153
2197
2231
2277
2298
2341
2375
2397
2432
2473
2506
2544
2596
2634
2661
2699
2735
2775
2820
2860
2922
2942
2977
3033
3053
3123
3160
3186
3229
3274
3331
3362
3397
3420
3442
3477
3523
3589
3616
3640
3684
3729
3765
3813
3844
3890
3927
3982
4022
4062
4112
4160
4206
4227
4256
4295
4333
4363
4398
4426
4457
4491
4521
4552
4578
4609
4657
4677
4700
4730
4765
4785
4823
4855
4880
4916
4949
4982
5032
5080
5109
5133
5158
5191
5216
5257
5330
5367
5392
5423
5451
5494
5538
5568
5608
5628
5655
5705
5732
5780
5805
5824
5858
5877
5914
5967
6026
6066
6087
6111
6144
6181
6211
6266
6305
6337
6389
6424
6449
6482
6524
6557
6594
6638
6662
6681
6710
6750
6786
6829
6857
6886
6899
6954
6978
7014
7052
7091
7111
7149
7184
7243
7277
7307
7352
7393
7437
7469
7512
7548
7607
7641
7684
7707
7749
7787
7845
7908
7956
8001
8053
8077
8094
8130
8185
8224
8268
8286
8341
8373
8417
8465
8514
8573
8599
8634
8665
8697
8739
8805
8842
8902
8934
8958
9004
9033
9076
9129
9165
9196
9208
9243
9274
9328
9359
9387
9421
9449
9498
9527
9569
9616
9662
9702
9759
9778
9804
9855
9898
9923
9949
9982
10014
10083
10134
10158
10216
10250
10300
10336
10361
10386
10419
10457
10492
10542
10559
10590
10624
10662
10698
10724
10774
10804
10836
10861
10903
10929
10967
11003
11033
11068
11089
11111
11183
11209
11245
11265
11307
11336
11363
11394
11416
11449
11488
11510
11531
11584
11622
11663
11695
11729
11749
11805
11844
11884
11934
11982
12011
12031
12054
12102
12158
12202
12249
12284
12305
12325
12349
12398
12448
12469
12502
12529
12551
12585
12611
12633
12670
12700
12737
12780
12806
12852
12904
12926
12941
12967
13007
13043
13069
13109
13154
13194
13236
13283
13310
13353
13397
13452
13476
13505
13524
13557
13587
13622
13655
13680
13708
13741
13779
13837
13855
13887
13925
13956
13989
14020
14075
14127
14147
14181
14216
14259
14297
14311
14369
14424
14475
14528
14593
14631
14684
14715
14773
14814
14857
14895
14959
14995
15046
15085
15124
15158
15190
15220
15277
15306
15353
15393
15426
15462
15501
15534
15578
15612
15652
15696
15735
15794
15828
15865
15924
15966
16020
16052
16075
16115
16142
16174
16220
16258
16275
16303
16330
16376
16418
16453
16463
16502
16555
16607
16663
16697
16744
16798
16829
16856
16892
16932
16961
17017
17039
17082
17118
17167
17205
17255
17285
17316
17353
17380
17412
17448
17479
17519
17544
17585
17623
17657
17675
17711
17767
17812
17857
17894
17923
17961
17999
18040
18071
18109
18150
18170
18203
18253
18280
18302
18326
18334
18374
18411
18425
18475
18497
18537
