0
82
184
343
345
511
584
703
749
843
890
968
1025
1130
1151
1224
1388
1455
1542
1685
1689
1689
1720
1832
1958
2066
2158
2436
2514
2536
2553
2645
2758
2758
2870
2938
3078
3126
3291
3341
3448
3448
3522
3546
3636
3727
3852
3925
3970
3977
4125
4149
4296
4364
4364
4414
4502
4544
4659
4744
4769
4805
4845
4951
5007
5157
5244
5411
5418
5474
5635
5676
5895
6016
6016
6127
6174
6337
6384
6492
6505
6505
6542
6611
6799
6799
6804
6885
7037
7101
7214
7244
7369
7420
7591
7689
7742
7876
7939
8047
8047
8099
8155
8254
8266
8384
8400
8437
8446
8486
8518
8552
8564
8648
8648
8707
8716
8760
8769
8796
8863
8889
8985
9005
9073
9205
9331
9368
9368
9402
9467
9489
9605
9838
9915
9941
9951
9964
10050
10156
10219
10257
10257
10275
10408
10408
10513
10534
10534
10595
10595
10657
10828
11017
11072
11077
11077
11144
11235
11253
11419
11477
11528
11665
11736
11759
11840
11918
11933
11972
12055
12056
12077
12104
12201
12281
12361
12400
12414
12414
12591
12591
12639
12733
12831
12838
12903
12960
13125
13175
13222
13337
13441
13558
13615
13687
13740
13885
13944
14005
14062
14101
14212
14396
14583
14689
14799
14921
14997
15007
15097
15257
15319
15408
15408
15588
15617
15647
15758
15857
15967
15971
16005
16018
16047
16151
16345
16393
16556
16593
16599
16668
16720
16814
16969
17007
17033
17033
17078
17126
17314
17358
17385
17434
17457
17499
17511
17635
17697
17806
17886
18055
18059
18095
18245
18283
18283
18324
18363
18410
18652
18758
18762
18949
18987
19142
19202
19226
19244
19282
19358
19405
19534
19553
19601
19690
19770
19883
19903
19989
20021
20042
20054
20133
20193
20315
20348
20401
20455
20455
20465
20699
20699
20823
20842
20890
20951
20993
21054
21090
21105
21194
21227
21227
21335
21410
21510
21523
21585
21604
21774
21861
21944
22114
22270
22295
22295
22308
22383
22519
22558
22706
22746
22746
22770
22770
22867
22977
22977
23035
23040
23066
23192
23223
23223
23268
23286
23391
23500
23555
23678
23880
23880
23880
23912
23993
24077
24092
24172
24273
24354
24444
24535
24535
24622
24692
24866
24896
24931
24949
25007
25007
25084
25112
25122
25169
25237
25265
25390
25394
25417
25478
25535
25582
25627
25743
25932
25959
25983
26037
26100
26159
26159
26321
26396
26552
26626
26841
26965
27160
27222
27428
27500
27600
27660
27812
27865
27965
28039
28159
28183
28263
28322
28491
28496
28586
28704
28764
28815
28837
28889
28941
29013
29056
29199
29249
29410
29490
29571
29729
29771
29898
29968
29971
30072
30082
30161
30210
30307
30308
30339
30356
30528
30591
30631
30631
30686
30821
30919
31041
31096
31193
31333
31344
31359
31446
31532
31578
31723
31723
31803
31894
32004
32039
32182
32218
32275
32297
32307
32331
32389
32414
32483
32483
32530
32625
32698
32700
32751
32888
32960
33053
33188
33237
33290
33346
33371
33408
33490
33608
33618
33716
33822
33851
33858
33858
33858
33954
34013
34024
34128
34135
34185
34305
34420
34493
34549
34559
34675
34722
34824
