0
48
92
138
167
226
268
321
348
391
422
460
482
531
560
593
652
688
721
780
791
798
832
872
923
966
1013
1094
1132
1160
1191
1229
1277
1289
1347
1385
1434
1470
1528
1568
1610
1621
1658
1687
1733
1775
1820
1860
1904
1939
1989
2008
2051
2087
2108
2145
2184
2218
2256
2311
2347
2372
2412
2445
2486
2532
2571
2633
2654
2692
2748
2769
2840
2876
2902
2946
2991
3046
3077
3114
3134
3150
3187
3229
3297
3324
3346
3390
3435
3467
3515
3547
3592
3630
3683
3722
3759
3808
3850
3900
3921
3951
3989
4025
4053
4091
4117
4149
4183
4213
4248
4274
4307
4356
4378
4403
4434
4466
4486
4528
4566
4588
4626
4657
4688
4736
4787
4815
4841
4869
4900
4922
4967
5040
5078
5101
5139
5164
5207
5255
5286
5325
5345
5372
5415
5440
5491
5515
5534
5570
5591
5627
5681
5742
5779
5800
5821
5854
5891
5921
5978
6018
6049
6099
6135
6158
6199
6235
6265
6302
6348
6371
6390
6419
6465
6502
6544
6573
6602
6614
6671
6697
6734
6779
6819
6839
6878
6911
6968
7004
7035
7081
7125
7168
7201
7243
7279
7338
7372
7410
7434
7475
7514
7571
7634
7680
7727
7780
7803
7825
7860
7914
7954
8005
8024
8080
8111
8151
8197
8245
8302
8332
8362
8393
8425
8465
8529
8565
8626
8655
8677
8725
8754
8798
8853
8888
8920
8931
8965
8995
9050
9077
9103
9136
9162
9211
9241
9282
9332
9377
9417
9473
9490
9513
9567
9609
9632
9660
9690
9718
9787
9837
9855
9912
9949
9998
10033
10059
10086
10122
10160
10197
10248
10265
10295
10330
10367
10402
10429
10477
10510
10543
10568
10612
10639
10678
10714
10746
10780
10799
10821
10893
10915
10950
10972
11011
11045
11073
11102
11126
11161
11203
11228
11249
11300
11336
11378
11409
11443
11464
11522
11560
11598
11651
11699
11733
11747
11773
11819
11876
11920
11971
12003
12025
12044
12067
12118
12169
12191
12225
12255
12277
12307
12334
12356
12396
12427
12466
12506
12529
12576
12631
12654
12670
12697
12740
12776
12806
12844
12890
12933
12973
13018
13043
13092
13135
13190
13213
13242
13260
13294
13322
13361
13390
13416
13445
13476
13511
13569
13588
13620
13656
13688
13721
13749
13802
13853
13873
13910
13942
13990
14026
14041
14100
14152
14204
14257
14328
14362
14417
14448
14506
14542
14587
14622
14691
14724
14775
14811
14852
14883
14917
14951
15012
15037
15083
15124
15158
15195
15234
15266
15309
15341
15380
15425
15464
15527
15561
15602
15659
15700
15754
15784
15808
15849
15870
15902
15947
15983
15999
16028
16055
16100
16142
16173
16184
16224
16275
16327
16386
16427
16470
16524
16558
16583
16621
16661
16690
16745
16763
16802
16834
16886
16922
16973
17001
17033
17072
17099
17133
17170
17201
17241
17266
17306
17341
17375
17399
17439
17496
17540
17586
17625
17654
17695
17733
17777
17805
17845
17884
17904
17937
17988
18015
18040
18065
18073
18111
18150
18167
18215
18239
18280
18327
18377
18418
18463
18494
18535
18564
18618
