0
27
51
139
218
236
254
299
335
366
401
459
542
601
649
776
844
901
991
1047
1108
1162
1195
1282
1290
1355
1391
1455
1479
1546
1570
1657
1661
1714
1777
1825
1848
1881
1919
1954
1987
2046
2096
2171
2234
2272
2317
2393
2420
2512
2528
2541
2596
2607
2656
2688
2739
2748
2769
2811
2870
2907
2940
2956
3001
3063
3141
3177
3226
3294
3349
3356
3388
3421
3504
3555
3585
3585
3628
3700
3751
3768
3851
3886
3894
3925
3935
3949
3982
4002
4041
4052
4085
4125
4164
4186
4232
4293
4332
4419
4455
4488
4541
4561
4585
4608
4667
4711
4722
4779
4836
4859
4866
4868
4868
4921
4958
4973
5037
5050
5109
5180
5239
5259
5286
5317
5369
5397
5446
5533
5593
5630
5630
5636
5704
5743
5806
5859
5894
5905
5918
5943
5966
6025
6062
6075
6094
6132
6168
6187
6216
6258
6315
6336
6396
6436
6484
6532
6538
6538
6579
6644
6670
6715
6823
6895
6985
7000
7081
7099
7177
7222
7298
7335
7388
7408
7466
7528
7538
7576
7608
7696
7765
7803
7862
7870
7872
7911
7998
8051
8105
8171
8292
8325
8340
8359
8420
8475
8505
8568
8622
8663
8716
8783
8817
8863
8900
8916
8949
8997
9080
9139
9153
9177
9207
9263
9302
9378
9390
9396
9428
9479
9554
9576
9628
9661
9669
9704
9762
9799
9896
9991
10020
10027
10080
10165
10213
10324
10345
10365
10421
10461
10523
10563
10606
10617
10622
10658
10721
10792
10799
10810
10895
10939
10988
11029
11094
11127
11207
11235
11299
11325
11416
11463
11497
11497
11540
11597
11633
11642
11701
11732
11749
11763
11797
11817
11849
11883
11902
11936
11936
11959
11987
12007
12024
12060
12077
12150
12162
12202
12288
12345
12374
12379
12409
12438
12454
12566
12653
12698
12705
12726
12752
12786
12838
12878
12909
12912
12987
13001
13056
13069
13087
13116
13129
13162
13202
13285
13376
13399
13410
13418
13489
13519
13542
13605
13643
13686
13756
13806
13806
13866
13901
13913
13941
13988
13993
14006
14044
14073
14155
14169
14188
14202
14202
14292
14308
14333
14406
14433
14460
14498
14547
14617
14655
14684
14729
14801
14867
14891
14938
14985
15047
15091
15140
15164
15199
15290
15373
15446
15533
15593
15649
15665
15699
15738
15818
15859
15892
15905
16004
16024
16035
16093
16155
16220
16220
16239
16268
16288
16344
16436
16524
16561
16581
16586
16650
16669
16722
16803
16836
16856
16864
16892
16958
17042
17045
17067
17096
17118
17150
17197
17257
17301
17337
17405
17453
17464
17528
17579
17595
17619
17653
17686
17757
17845
17866
17912
17982
18056
18095
18142
18148
18164
18234
18239
18298
18347
18370
18373
18454
18482
18537
18575
18622
18624
18650
18654
18726
18730
18803
18838
18872
18884
18896
18937
19021
19029
19095
19134
19149
19176
19218
19245
19272
19314
19337
19362
19367
19437
19489
19535
19550
19587
19633
19699
19752
19796
19875
19963
19980
19990
20025
20075
20138
20186
20229
20255
20260
20282
20322
20394
20402
20407
20446
20457
20536
20551
20563
20563
20606
