0
88
162
178
221
285
379
405
438
451
479
521
527
597
629
658
660
738
804
816
855
897
902
926
931
1002
1061
1085
1119
1154
1154
1165
1232
1283
1329
1361
1386
1425
1425
1481
1501
1522
1574
1583
1603
1617
1687
1752
1778
1813
1825
1897
1935
1997
2078
2155
2206
2212
2217
2255
2339
2367
2423
2463
2475
2491
2494
2545
2605
2617
2631
2656
2662
2739
2760
2763
2779
2803
2856
2895
2930
3003
3119
3126
3128
3128
3188
3234
3245
3276
3318
3363
3440
3477
3493
3535
3578
3649
3693
3701
3730
3763
3763
3807
3814
3842
3862
3912
3921
3995
4003
4007
4023
4063
4127
4158
4209
4269
4328
4354
4368
4417
4448
4467
4528
4582
4662
4715
4820
4887
4962
5013
5106
5178
5231
5257
5293
5374
5421
5464
5486
5542
5599
5630
5710
5731
5776
5808
5883
5908
5931
5969
5997
6022
6055
6127
6164
6261
6294
6332
6374
6443
6477
6553
6576
6631
6640
6664
6694
6762
6770
6781
6790
6873
6902
6945
6961
6979
7019
7105
7182
7202
7260
7326
7369
7376
7412
7479
7517
7579
7594
7603
7637
7714
7767
7804
7852
7895
7900
7928
7942
7968
7994
8037
8040
8052
8116
8130
8162
8190
8263
8282
8340
8427
8458
8492
8527
8546
8578
8587
8658
8688
8744
8792
8814
8824
8832
8832
8884
8891
8925
8974
9014
9021
9102
9163
9202
9228
9244
9272
9323
9364
9445
9513
9584
9584
9584
9640
9679
9713
9769
9828
9835
9841
9851
9895
9925
9985
9996
10007
10018
10089
10101
10105
10159
10173
10227
10299
10323
10357
10416
10436
10437
10438
10485
10547
10565
10647
10731
10796
10894
10973
10978
11056
11106
11149
11200
11227
11284
11328
11360
11415
11415
11472
11544
11597
11643
11712
11727
11734
11736
11771
11872
11935
11985
12086
12156
12189
12194
12249
12304
12323
12384
12415
12482
12526
12596
12630
12697
12701
12746
12762
12791
12833
12904
12962
12975
12998
13070
13084
13170
13210
13210
13232
13270
13305
13377
13415
13445
13467
13492
13540
13581
13637
13704
13801
13816
13844
13893
13957
14032
14115
14137
14198
14228
14312
14333
14396
14411
14413
14440
14462
14554
14581
14589
14599
14694
14745
14783
14826
14890
14925
15003
15048
15096
15162
15199
15271
15271
15303
15315
15367
15398
15451
15476
15505
15511
15524
15570
15588
15609
15654
15654
15687
15699
15727
15741
15748
15787
15804
15870
15892
15936
15980
16044
16100
16102
16117
16159
16183
16243
16352
16392
16426
16443
16456
16508
16543
16572
16621
16643
16643
16727
16732
16782
16795
16809
16838
16851
16883
16978
17063
17102
17115
17124
17162
17214
17227
17288
17335
17377
17419
17475
17504
17529
17592
17609
17631
17635
17681
17699
17701
17767
17780
17850
17876
17891
17891
17981
17982
17997
18048
18098
18125
18169
18200
18258
18300
18346
18405
18448
18503
18557
18598
18631
18692
18745
18778
18809
18837
18894
18976
19095
19138
19198
19271
19313
19321
19369
19388
19469
19533
19533
19622
19639
19661
19706
19765
19814
19848
19869
