0
47
104
185
191
279
326
386
413
470
497
540
571
629
646
688
774
814
867
945
953
953
977
1039
1105
1166
1221
1360
1410
1431
1451
1502
1563
1563
1630
1671
1743
1772
1852
1886
1941
1946
1993
2009
2057
2113
2179
2218
2253
2264
2341
2359
2434
2469
2469
2501
2555
2586
2643
2694
2716
2732
2768
2824
2860
2940
2991
3078
3090
3127
3215
3236
3354
3416
3416
3475
3504
3587
3618
3674
3684
3686
3720
3763
3860
3869
3881
3927
4003
4041
4099
4120
4182
4216
4306
4362
4398
4468
4515
4569
4569
4601
4633
4685
4694
4757
4772
4798
4820
4845
4871
4894
4906
4953
4953
4988
5003
5029
5038
5061
5099
5117
5173
5194
5239
5312
5377
5408
5417
5439
5476
5493
5553
5669
5715
5737
5757
5761
5814
5877
5912
5942
5946
5960
6028
6041
6101
6120
6120
6159
6164
6206
6294
6389
6424
6433
6435
6471
6522
6540
6623
6659
6690
6763
6803
6817
6867
6911
6928
6956
7006
7011
7028
7043
7096
7142
7184
7208
7221
7221
7312
7314
7347
7397
7455
7464
7509
7543
7634
7665
7693
7753
7808
7874
7909
7955
7984
8066
8097
8131
8161
8191
8253
8346
8443
8507
8568
8631
8666
8677
8723
8810
8848
8888
8892
8982
9007
9029
9088
9144
9210
9211
9231
9244
9264
9326
9427
9454
9539
9569
9580
9624
9655
9709
9786
9809
9832
9835
9867
9894
9990
10016
10036
10066
10089
10115
10128
10189
10231
10291
10334
10414
10424
10445
10521
10552
10560
10592
10622
10650
10771
10824
10833
10934
10959
11034
11080
11096
11113
11143
11186
11218
11291
11298
11327
11375
11424
11485
11505
11552
11577
11595
11605
11649
11681
11746
11772
11802
11832
11832
11844
11959
11962
12030
12044
12076
12111
12137
12181
12204
12230
12280
12305
12305
12373
12411
12471
12486
12519
12532
12624
12671
12714
12799
12881
12904
12910
12922
12963
13036
13061
13141
13171
13171
13191
13195
13257
13317
13322
13358
13364
13381
13440
13460
13464
13490
13504
13562
13623
13654
13724
13829
13829
13830
13850
13898
13940
13957
14001
14057
14102
14149
14197
14197
14252
14295
14383
14405
14430
14444
14477
14479
14530
14550
14565
14592
14632
14651
14719
14724
14740
14779
14819
14853
14884
14952
15048
15071
15087
15125
15163
15198
15201
15289
15340
15418
15462
15574
15637
15731
15773
15876
15924
15979
16014
16092
16118
16173
16213
16274
16300
16342
16381
16467
16475
16525
16586
16619
16653
16675
16706
16745
16781
16822
16890
16923
17009
17053
17097
17183
17208
17277
17316
17321
17380
17390
17434
17468
17518
17523
17542
17555
17646
17680
17715
17715
17752
17823
17882
17950
17989
18038
18116
18130
18143
18195
18244
18273
18353
18353
18400
18449
18514
18536
18612
18636
18669
18693
18704
18725
18758
18777
18820
18821
18854
18903
18941
18948
18981
19059
19104
19160
19224
19254
19289
19322
19353
19371
19416
19474
19484
19537
19597
19621
19629
19631
19631
19682
19723
19734
19800
19810
19842
19911
19966
20007
20040
20051
20111
20135
20197
