0
89
166
181
228
297
391
423
453
471
504
545
551
623
662
689
694
771
838
853
898
940
949
976
982
1056
1117
1144
1180
1214
1214
1227
1296
1353
1402
1438
1475
1513
1513
1571
1595
1618
1675
1685
1706
1727
1795
1863
1888
1923
1934
2010
2050
2112
2192
2274
2327
2336
2342
2390
2477
2504
2561
2604
2614
2633
2639
2694
2754
2772
2787
2813
2822
2899
2920
2922
2940
2965
3019
3058
3095
3170
3285
3296
3298
3298
3359
3407
3420
3452
3498
3544
3626
3667
3691
3735
3780
3852
3897
3906
3933
3967
3967
4011
4019
4049
4071
4123
4136
4216
4227
4229
4250
4289
4356
4389
4446
4505
4565
4591
4608
4659
4696
4717
4782
4842
4926
4989
5097
5166
5244
5301
5395
5466
5522
5553
5603
5688
5739
5785
5805
5864
5923
5958
6044
6067
6112
6142
6225
6254
6279
6319
6350
6374
6410
6482
6518
6616
6650
6689
6742
6817
6852
6929
6958
7015
7027
7053
7084
7153
7165
7176
7187
7270
7297
7345
7362
7380
7418
7509
7593
7618
7675
7741
7786
7792
7827
7892
7931
7996
8016
8024
8061
8137
8198
8241
8290
8342
8349
8375
8390
8419
8448
8496
8502
8518
8584
8599
8633
8666
8747
8772
8833
8926
8958
8991
9029
9051
9083
9092
9164
9195
9255
9304
9328
9340
9352
9352
9405
9413
9446
9496
9541
9549
9630
9693
9733
9763
9783
9813
9865
9911
9995
10064
10135
10136
10136
10190
10237
10273
10336
10396
10410
10418
10437
10480
10519
10581
10590
10604
10615
10693
10711
10718
10774
10790
10845
10917
10944
10981
11042
11058
11061
11066
11115
11181
11202
11284
11369
11439
11540
11624
11627
11712
11764
11810
11865
11893
11956
12000
12032
12089
12089
12150
12223
12279
12326
12399
12417
12424
12430
12469
12573
12640
12690
12798
12875
12912
12917
12971
13028
13047
13116
13149
13220
13265
13334
13371
13443
13449
13496
13514
13546
13591
13662
13723
13743
13772
13841
13855
13940
13981
13985
14010
14053
14087
14161
14204
14240
14264
14291
14345
14393
14447
14518
14622
14639
14674
14727
14790
14865
14948
14970
15032
15069
15155
15179
15241
15260
15265
15293
15320
15425
15459
15467
15482
15578
15629
15670
15712
15777
15812
15890
15935
15994
16063
16110
16184
16184
16216
16229
16284
16316
16372
16397
16427
16434
16450
16502
16519
16538
16587
16588
16625
16636
16665
16681
16689
16734
16752
16817
16841
16887
16933
17002
17058
17063
17082
17125
17151
17212
17321
17358
17401
17417
17429
17481
17521
17548
17598
17619
17620
17706
17711
17766
17783
17797
17828
17847
17883
17980
18065
18108
18121
18130
18167
18220
18238
18299
18350
18392
18439
18498
18526
18552
18622
18640
18666
18676
18717
18739
18743
18808
18823
18894
18924
18941
18941
19033
19037
19054
19107
19160
19188
19233
19266
19328
19369
19417
19478
19519
19578
19635
19677
19715
19776
19834
19869
19902
19934
19992
20076
20197
20243
20307
20387
20433
20444
20494
20514
20599
20666
20667
20759
20778
20806
20856
20921
20964
21002
21026
