0
88
161
176
224
293
387
419
450
465
496
540
544
617
650
679
682
762
829
840
885
928
935
960
966
1034
1093
1116
1153
1186
1186
1198
1264
1315
1364
1399
1429
1468
1468
1525
1553
1575
1631
1637
1660
1679
1746
1811
1838
1871
1880
1948
1987
2048
2128
2204
2260
2266
2273
2313
2394
2419
2474
2520
2531
2549
2552
2604
2664
2680
2697
2723
2727
2803
2823
2826
2842
2866
2919
2957
2991
3066
3181
3191
3192
3192
3253
3302
3312
3343
3382
3429
3504
3547
3561
3605
3650
3720
3767
3777
3806
3839
3841
3883
3892
3920
3940
3989
4000
4077
4086
4087
4105
4143
4211
4241
4295
4353
4414
4443
4458
4507
4537
4560
4623
4678
4757
4816
4919
4987
5065
5115
5211
5286
5336
5361
5401
5479
5526
5566
5586
5646
5704
5735
5816
5837
5880
5909
5983
6013
6035
6072
6100
6126
6166
6241
6281
6376
6403
6444
6491
6560
6594
6669
6692
6748
6760
6786
6814
6884
6895
6903
6914
6999
7027
7074
7089
7107
7145
7236
7318
7336
7392
7455
7499
7507
7542
7605
7646
7712
7727
7735
7774
7853
7909
7946
7997
8043
8053
8079
8098
8122
8149
8195
8199
8211
8276
8294
8324
8352
8432
8455
8517
8605
8635
8666
8705
8725
8750
8761
8830
8858
8918
8966
8992
9005
9012
9012
9062
9070
9103
9153
9191
9198
9276
9339
9377
9405
9422
9449
9499
9539
9625
9692
9760
9760
9760
9818
9861
9896
9953
10010
10018
10023
10033
10076
10110
10169
10174
10186
10194
10262
10275
10280
10334
10350
10406
10477
10502
10537
10596
10611
10612
10614
10664
10725
10742
10821
10905
10970
11068
11149
11153
11234
11286
11332
11382
11409
11467
11509
11540
11598
11599
11657
11730
11785
11833
11902
11916
11923
11927
11964
12066
12133
12184
12290
12362
12401
12403
12458
12514
12534
12598
12626
12694
12738
12808
12843
12912
12918
12964
12979
13005
13051
13125
13185
13203
13230
13295
13311
13397
13437
13437
13459
13498
13532
13610
13648
13676
13697
13725
13778
13816
13873
13940
14039
14056
14087
14137
14199
14275
14357
14377
14437
14466
14549
14570
14633
14646
14650
14682
14707
14802
14832
14839
14853
14948
15000
15038
15081
15145
15179
15257
15305
15355
15422
15461
15535
15535
15566
15576
15628
15659
15712
15738
15764
15772
15788
15839
15852
15872
15920
15920
15954
15965
15994
16006
16013
16054
16073
16139
16159
16205
16254
16319
16375
16382
16399
16440
16467
16528
16636
16669
16708
16724
16736
16790
16823
16854
16898
16921
16921
17005
17013
17067
17082
17097
17126
17139
17172
17268
17352
17393
17407
17413
17449
17501
17519
17578
17623
17662
17707
17765
17796
17824
17893
17911
17940
17945
17989
18012
18013
18077
18093
18165
18191
18205
18205
18295
18297
18314
18363
18416
18444
18490
18524
18584
18627
18673
18734
18776
18834
18887
18926
18961
19020
19074
19108
19138
19163
19216
19298
19417
19463
19522
19596
19637
19648
19693
19713
19795
19859
19864
19955
19974
19997
20044
20105
20156
20188
20208
