0
34
67
76
135
192
216
260
305
326
353
403
436
479
495
513
542
546
609
648
675
675
697
706
724
770
781
789
810
874
919
973
1026
1048
1101
1121
1143
1153
1207
1279
1343
1354
1391
1416
1458
1550
1590
1594
1617
1714
1754
1776
1859
1877
1882
1911
1954
2015
2015
2027
2029
2055
2094
2182
2240
2328
2394
2428
2450
2490
2540
2582
2669
2711
2735
2794
2844
2887
2946
3030
3102
3133
3212
3261
3279
3279
3353
3372
3390
3470
3541
3593
3635
3660
3679
3708
3757
3820
3871
3916
3952
3995
4051
4075
4075
4147
4174
4221
4249
4340
4427
4485
4558
4579
4611
4667
4709
4763
4838
4851
4896
5001
5068
5120
5168
5197
5237
5298
5311
5373
5416
5444
5454
5556
5625
5668
5736
5758
5782
5835
5883
5898
5955
5989
6006
6063
6074
6135
6203
6228
6277
6308
6340
6373
6429
6479
6517
6551
6571
6606
6636
6674
6728
6742
6791
6810
6858
6876
6898
6918
6961
7039
7069
7080
7103
7162
7219
7277
7319
7349
7413
7459
7464
7472
7519
7555
7572
7650
7701
7719
7755
7791
7868
7899
7899
7949
7977
8017
8028
8046
8111
8158
8178
8205
8222
8232
8299
8351
8402
8412
8463
8485
8532
8596
8653
8677
8731
8777
8826
8828
8856
8866
8931
8965
8993
9023
9065
9122
9168
9190
9232
9307
9338
9411
9449
9487
9509
9560
9588
9618
9653
9738
9745
9789
9883
9921
9929
9951
9988
10077
10187
10208
10246
10347
10406
10440
10446
10462
10503
10564
10600
10638
10670
10699
10721
10737
10817
10849
10973
11014
11079
11088
11133
11140
11215
11235
11250
11318
11361
11403
11424
11451
11498
11526
11571
11613
11646
11700
11805
11846
11875
11918
11942
12011
12088
12192
12242
12333
12374
12469
12487
12505
12534
12577
12625
12665
12679
12686
12752
12791
12830
12923
12999
13011
13037
13099
13107
13181
13217
13241
13259
13315
13388
13402
13427
13459
13479
13505
13519
13540
13566
13615
13680
13714
13760
13818
13849
13882
13958
14018
14061
14104
14142
14189
14221
14241
14270
14272
14290
14322
14348
14359
14399
14486
14542
14566
14591
14615
14625
14683
14706
14732
14783
14840
14878
14931
14952
15005
15042
15048
15070
15072
15085
15104
15142
15237
15256
15256
15290
15323
15381
15397
15424
15486
15516
15580
15590
15602
15654
15682
15685
15705
15738
15785
15878
15969
15993
15999
16058
16081
16091
16159
16195
16203
16257
16285
16336
16353
16375
16402
16420
16457
16508
16567
16635
16718
16767
16795
16866
16937
16969
17044
17081
17104
17150
17239
17245
17273
17365
17406
17442
17487
17565
17599
17616
17672
17672
17755
17827
17891
17997
18025
18094
18115
18153
18231
18270
18314
18355
18395
18449
18517
18530
18568
18631
18670
18722
18737
18846
18892
18941
18982
19046
19072
19135
19168
19221
19310
19315
19370
19427
19496
19552
19600
19623
19685
19723
19770
19835
19863
19882
19894
19986
20105
20152
20253
20334
20411
20460
20511
20551
20611
20661
20731
20760
20788
20823
20856
20895
20926
21005
