0
49
111
193
201
291
339
405
431
490
520
565
599
656
673
719
804
847
902
985
994
994
1025
1084
1147
1211
1267
1404
1450
1473
1500
1555
1623
1624
1693
1734
1813
1848
1938
1969
2025
2031
2088
2110
2164
2225
2292
2333
2371
2383
2460
2478
2557
2590
2592
2626
2685
2722
2778
2840
2861
2887
2920
2978
3028
3107
3160
3245
3258
3296
3390
3412
3530
3594
3597
3657
3705
3789
3825
3882
3893
3895
3927
3976
4081
4097
4114
4160
4241
4279
4340
4364
4426
4466
4555
4614
4657
4728
4781
4836
4836
4870
4906
4962
4976
5040
5052
5082
5110
5138
5166
5199
5211
5260
5260
5295
5313
5341
5351
5379
5423
5444
5502
5528
5570
5641
5714
5747
5756
5792
5830
5854
5920
6037
6083
6111
6138
6145
6201
6272
6308
6345
6350
6365
6437
6448
6514
6533
6533
6575
6580
6622
6710
6808
6849
6856
6863
6900
6956
6975
7062
7101
7136
7210
7250
7266
7323
7371
7385
7410
7463
7473
7488
7505
7557
7602
7647
7674
7692
7692
7785
7789
7826
7878
7936
7943
7991
8024
8115
8147
8176
8236
8292
8362
8404
8454
8489
8575
8608
8649
8679
8716
8783
8875
8978
9041
9107
9173
9215
9226
9277
9368
9409
9450
9450
9546
9575
9603
9662
9719
9788
9793
9817
9833
9854
9918
10019
10052
10141
10171
10182
10235
10263
10315
10397
10421
10452
10456
10489
10521
10622
10649
10669
10712
10739
10774
10791
10858
10903
10966
11015
11095
11106
11133
11210
11247
11260
11305
11328
11355
11479
11536
11548
11648
11680
11754
11800
11817
11839
11868
11910
11945
12021
12031
12058
12110
12162
12225
12245
12294
12318
12343
12358
12403
12439
12505
12534
12565
12599
12600
12613
12736
12747
12815
12832
12873
12908
12935
12979
13002
13030
13080
13108
13109
13177
13223
13283
13301
13344
13363
13458
13509
13557
13645
13727
13756
13764
13776
13825
13903
13934
14020
14052
14057
14074
14081
14149
14214
14223
14265
14273
14301
14358
14379
14383
14410
14424
14486
14554
14585
14662
14766
14768
14769
14790
14840
14886
14910
14953
15019
15064
15114
15168
15174
15226
15273
15362
15388
15414
15430
15466
15471
15518
15541
15561
15591
15629
15649
15720
15732
15753
15797
15839
15883
15921
15993
16094
16116
16138
16175
16229
16265
16268
16362
16419
16499
16545
16663
16723
16819
16865
16970
17017
17079
17121
17199
17227
17287
17330
17391
17420
17464
17507
17595
17605
17663
17729
17763
17798
17828
17861
17907
17941
17982
18056
18095
18188
18232
18280
18368
18401
18475
18518
18528
18590
18604
18648
18684
18737
18747
18769
18785
18872
18914
18958
18958
18996
19068
19125
19193
19236
19294
19370
19383
19401
19455
19508
19541
19627
19632
19676
19727
19794
19815
19896
19920
19953
19976
19991
20016
20055
20074
20119
20119
20155
20202
20242
20249
20286
20362
20412
20466
20532
20563
20605
20641
20676
20700
20749
20810
20823
20879
20939
20962
20974
20977
20977
21029
21075
21087
21157
21174
21208
21283
21345
21384
21425
21439
21502
21530
21593
