0
25
50
138
214
234
250
294
327
361
398
456
537
598
645
769
838
893
983
1038
1105
1155
1188
1277
1282
1343
1376
1437
1463
1525
1549
1636
1639
1688
1750
1794
1817
1845
1881
1914
1950
2010
2060
2134
2191
2228
2272
2349
2373
2464
2481
2491
2547
2555
2602
2634
2684
2689
2708
2753
2813
2847
2882
2900
2939
3001
3079
3119
3165
3228
3284
3294
3324
3360
3437
3486
3517
3517
3563
3633
3684
3699
3783
3819
3828
3861
3872
3884
3917
3939
3978
3991
4020
4060
4098
4117
4165
4228
4263
4347
4383
4415
4466
4488
4512
4532
4591
4634
4644
4696
4755
4781
4788
4789
4789
4841
4880
4895
4956
4970
5031
5095
5154
5174
5199
5227
5280
5310
5360
5447
5507
5545
5546
5553
5616
5653
5714
5763
5798
5803
5812
5834
5861
5918
5953
5966
5979
6016
6052
6068
6096
6138
6191
6207
6267
6305
6353
6399
6404
6404
6445
6510
6536
6582
6691
6765
6853
6867
6947
6962
7040
7086
7160
7197
7245
7262
7319
7377
7389
7427
7459
7546
7613
7651
7707
7714
7714
7754
7839
7891
7950
8020
8143
8178
8192
8213
8270
8322
8354
8414
8467
8505
8563
8628
8661
8707
8741
8754
8783
8829
8914
8973
8988
9013
9040
9101
9144
9222
9230
9233
9262
9315
9386
9404
9455
9486
9493
9532
9588
9624
9721
9814
9845
9851
9906
9988
10038
10150
10171
10189
10245
10284
10346
10386
10429
10439
10455
10485
10549
10620
10628
10640
10724
10772
10815
10857
10922
10952
11032
11060
11129
11155
11244
11288
11326
11328
11366
11422
11454
11459
11519
11551
11564
11581
11612
11633
11664
11697
11713
11748
11748
11765
11790
11805
11822
11860
11879
11950
11961
12000
12085
12143
12175
12180
12211
12239
12255
12363
12450
12497
12504
12523
12549
12586
12639
12678
12706
12710
12785
12800
12856
12867
12886
12913
12924
12958
13004
13085
13175
13197
13206
13213
13282
13308
13329
13394
13431
13470
13537
13587
13588
13654
13689
13701
13731
13778
13784
13800
13836
13867
13948
13960
13976
13989
13989
14079
14096
14122
14196
14226
14253
14291
14342
14410
14446
14474
14518
14593
14658
14680
14726
14771
14832
14871
14919
14937
14970
15058
15140
15215
15300
15360
15416
15428
15465
15498
15576
15618
15655
15667
15760
15782
15792
15851
15916
15976
15976
15996
16020
16041
16099
16192
16278
16320
16340
16347
16405
16420
16472
16548
16577
16592
16598
16625
16689
16772
16774
16793
16821
16844
16872
16918
16978
17024
17060
17123
17171
17180
17243
17292
17309
17331
17366
17405
17475
17561
17579
17629
17699
17767
17808
17855
17858
17876
17945
17950
18010
18057
18080
18086
18164
18192
18247
18284
18333
18336
18359
18364
18434
18440
18511
18546
18579
18591
18603
18643
18721
18721
18790
18829
18843
18872
18909
18940
18971
19016
19041
19064
19067
19139
19190
19235
19247
19282
19326
19392
19443
19484
19561
19648
19667
19672
19708
19750
19814
19860
19904
19935
19935
19957
19998
20068
20079
20083
20120
20126
20203
20216
20228
20228
20267
