0
33
60
70
128
186
208
252
295
316
340
386
419
459
475
492
523
525
584
618
647
647
671
677
694
740
753
762
785
849
893
943
993
1011
1062
1083
1105
1115
1167
1238
1295
1303
1340
1363
1391
1480
1521
1527
1551
1643
1683
1702
1779
1799
1804
1828
1870
1932
1932
1943
1946
1971
2010
2094
2155
2245
2309
2346
2368
2407
2451
2493
2580
2616
2639
2698
2746
2788
2844
2927
3000
3031
3107
3157
3175
3175
3245
3265
3281
3355
3424
3475
3522
3549
3568
3596
3648
3708
3758
3803
3838
3879
3933
3958
3959
4027
4050
4096
4119
4211
4295
4350
4424
4442
4473
4530
4565
4619
4692
4705
4749
4855
4920
4972
5022
5052
5088
5152
5168
5234
5273
5301
5310
5409
5479
5526
5593
5607
5628
5681
5725
5743
5800
5835
5852
5907
5915
5979
6044
6066
6116
6148
6180
6214
6276
6329
6364
6398
6419
6452
6480
6522
6574
6588
6635
6655
6700
6722
6743
6764
6807
6883
6914
6927
6945
6996
7053
7109
7150
7177
7237
7275
7280
7288
7334
7369
7388
7465
7513
7528
7562
7598
7677
7704
7705
7755
7782
7823
7832
7849
7916
7960
7979
8003
8022
8035
8101
8154
8202
8208
8255
8277
8324
8390
8446
8463
8516
8565
8615
8619
8645
8653
8715
8747
8772
8798
8838
8898
8941
8961
9001
9072
9103
9176
9216
9252
9274
9325
9354
9382
9415
9504
9509
9551
9641
9682
9691
9715
9747
9835
9944
9966
10003
10106
10168
10201
10206
10218
10262
10318
10355
10394
10427
10459
10487
10501
10581
10622
10744
10782
10848
10862
10910
10917
10991
11011
11021
11084
11126
11167
11186
11212
11256
11283
11324
11364
11397
11451
11556
11597
11622
11661
11689
11758
11835
11940
11991
12081
12121
12214
12233
12251
12281
12320
12364
12395
12411
12415
12484
12526
12563
12654
12732
12742
12763
12821
12832
12911
12942
12963
12980
13039
13116
13126
13145
13179
13201
13226
13241
13263
13288
13336
13396
13430
13473
13535
13563
13600
13674
13733
13774
13816
13852
13903
13931
13952
13972
13973
13991
14022
14048
14061
14092
14182
14234
14256
14283
14310
14323
14380
14402
14424
14474
14530
14568
14625
14645
14700
14733
14739
14758
14762
14770
14788
14824
14920
14938
14938
14972
15004
15063
15080
15107
15168
15198
15261
15271
15282
15334
15364
15367
15385
15417
15466
15562
15648
15675
15683
15738
15760
15770
15845
15878
15890
15950
15977
16028
16044
16066
16088
16105
16139
16187
16248
16317
16400
16448
16475
16548
16612
16645
16717
16752
16776
16823
16907
16916
16941
17028
17069
17105
17147
17221
17255
17271
17325
17325
17408
17480
17543
17650
17679
17746
17768
17803
17872
17908
17946
17988
18029
18082
18149
18161
18199
18261
18302
18351
18364
18468
18519
18569
18609
18674
18699
18759
18795
18848
18934
18940
18995
19056
19120
19176
19221
19242
19303
19332
19380
19439
19463
19483
19494
19584
19704
19751
19855
19933
20010
20062
20111
20151
20208
20259
20329
20357
20388
20425
20459
20494
20526
20605
