0
31
59
67
124
175
196
239
277
298
322
366
396
435
448
462
490
490
549
582
608
608
627
632
646
690
702
708
726
782
827
874
921
935
986
1004
1024
1032
1081
1149
1207
1213
1248
1267
1296
1384
1421
1431
1455
1545
1583
1599
1668
1685
1689
1711
1753
1815
1815
1825
1825
1847
1886
1969
2028
2111
2177
2209
2230
2268
2316
2355
2440
2477
2498
2556
2601
2645
2697
2779
2850
2881
2954
3006
3020
3020
3088
3108
3125
3193
3265
3316
3361
3382
3398
3425
3474
3535
3584
3628
3662
3701
3753
3776
3776
3842
3857
3901
3923
4009
4092
4146
4217
4236
4265
4318
4354
4406
4477
4487
4527
4631
4696
4749
4795
4823
4856
4913
4925
4983
5019
5047
5053
5151
5220
5263
5328
5346
5367
5418
5463
5475
5529
5556
5572
5621
5629
5688
5756
5780
5826
5854
5880
5910
5970
6015
6053
6085
6101
6131
6158
6197
6250
6266
6312
6327
6372
6391
6410
6430
6467
6540
6570
6576
6594
6644
6697
6751
6791
6817
6874
6911
6916
6922
6966
6999
7011
7083
7127
7143
7178
7213
7285
7310
7311
7357
7385
7422
7428
7445
7508
7549
7566
7589
7607
7615
7679
7727
7773
7775
7821
7842
7882
7944
7995
8014
8064
8108
8154
8154
8178
8186
8244
8271
8295
8321
8357
8411
8453
8473
8510
8581
8607
8678
8715
8752
8771
8815
8839
8866
8893
8982
8987
9028
9118
9153
9162
9184
9211
9298
9409
9429
9464
9558
9615
9642
9646
9657
9694
9747
9781
9820
9847
9876
9897
9908
9987
10019
10142
10180
10246
10252
10297
10303
10376
10395
10406
10468
10511
10549
10564
10589
10632
10657
10692
10727
10756
10809
10913
10951
10975
11011
11035
11107
11181
11286
11334
11424
11459
11553
11564
11584
11611
11648
11689
11719
11733
11734
11799
11839
11874
11965
12044
12054
12074
12132
12137
12207
12238
12257
12270
12326
12398
12408
12424
12458
12476
12498
12513
12534
12554
12602
12664
12692
12729
12787
12813
12847
12922
12980
13021
13059
13095
13139
13166
13182
13197
13197
13210
13241
13266
13278
13307
13395
13447
13467
13488
13512
13518
13570
13588
13605
13656
13708
13741
13796
13816
13869
13901
13908
13924
13928
13935
13950
13987
14081
14098
14098
14124
14154
14210
14220
14244
14302
14330
14390
14399
14407
14453
14483
14484
14500
14529
14572
14665
14748
14768
14772
14827
14850
14861
14929
14962
14968
15024
15048
15096
15105
15122
15145
15160
15194
15241
15298
15361
15444
15491
15518
15585
15653
15681
15752
15788
15809
15853
15939
15945
15967
16048
16088
16121
16161
16238
16271
16287
16336
16336
16416
16486
16550
16654
16682
16747
16766
16794
16867
16900
16938
16978
17015
17065
17134
17145
17182
17242
17275
17319
17330
17435
17482
17530
17567
17633
17652
17710
17745
17797
17885
17888
17944
17996
18058
18112
18155
18171
18229
18256
18294
18357
18376
18395
18403
18496
18614
18661
18758
18832
18903
18956
18997
19034
19095
19139
19209
19235
19260
19293
19325
19356
19388
19467
