0
86
158
172
211
271
363
385
416
425
449
489
493
557
589
616
616
691
753
763
798
838
841
861
864
933
990
1010
1042
1073
1073
1082
1147
1196
1240
1270
1290
1327
1327
1377
1395
1412
1460
1467
1485
1495
1561
1624
1646
1677
1687
1755
1791
1849
1928
2003
2052
2054
2055
2091
2169
2195
2249
2285
2295
2309
2310
2357
2415
2423
2435
2455
2460
2535
2554
2555
2569
2591
2640
2675
2708
2779
2891
2898
2898
2898
2956
3000
3009
3036
3074
3119
3193
3227
3242
3283
3322
3389
3429
3435
3460
3491
3491
3531
3534
3558
3574
3622
3627
3699
3703
3703
3719
3755
3811
3838
3883
3939
3998
4020
4030
4075
4101
4118
4175
4225
4301
4352
4455
4520
4593
4640
4731
4799
4850
4872
4904
4985
5030
5069
5089
5143
5195
5224
5300
5317
5360
5388
5461
5482
5501
5535
5559
5580
5610
5680
5715
5808
5835
5871
5908
5975
6007
6083
6102
6153
6160
6182
6208
6274
6280
6289
6298
6377
6404
6443
6457
6473
6511
6591
6668
6682
6740
6802
6841
6846
6878
6939
6975
7035
7048
7055
7089
7161
7211
7244
7292
7331
7334
7358
7368
7391
7415
7456
7456
7466
7528
7540
7570
7596
7663
7680
7734
7819
7848
7878
7909
7924
7951
7958
8027
8055
8109
8155
8173
8181
8185
8185
8235
8239
8271
8314
8348
8353
8430
8489
8526
8547
8563
8589
8638
8672
8751
8817
8886
8886
8886
8940
8973
9005
9059
9116
9119
9121
9126
9168
9193
9249
9257
9266
9275
9342
9351
9353
9405
9419
9469
9537
9558
9588
9645
9663
9663
9663
9705
9765
9779
9859
9941
10005
10097
10174
10179
10253
10300
10339
10388
10413
10466
10508
10538
10591
10591
10644
10714
10763
10805
10872
10885
10890
10890
10923
11022
11081
11129
11226
11294
11323
11326
11375
11428
11447
11504
11532
11596
11636
11706
11738
11801
11803
11844
11858
11885
11925
11994
12050
12059
12078
12148
12162
12244
12284
12284
12302
12338
12367
12437
12471
12497
12516
12535
12581
12618
12670
12733
12828
12838
12863
12908
12970
13043
13124
13144
13201
13227
13307
13324
13385
13398
13398
13421
13440
13528
13552
13556
13562
13655
13704
13740
13781
13843
13874
13950
13993
14037
14099
14132
14202
14202
14232
14240
14292
14319
14368
14391
14416
14419
14428
14468
14482
14501
14544
14544
14575
14583
14607
14619
14624
14659
14674
14738
14756
14794
14836
14896
14948
14950
14961
14999
15021
15079
15185
15221
15251
15262
15273
15321
15350
15377
15420
15440
15440
15520
15523
15569
15578
15590
15615
15626
15654
15747
15830
15867
15876
15881
15917
15965
15976
16035
16080
16118
16156
16210
16237
16258
16319
16332
16352
16353
16398
16412
16412
16476
16487
16556
16578
16590
16590
16678
16678
16691
16738
16786
16809
16849
16878
16932
16974
17016
17073
17114
17166
17215
17252
17282
17339
17389
17420
17449
17473
17524
17604
17719
17760
17816
17888
17928
17934
17980
17997
18076
18138
18138
18225
18238
18256
18297
18354
18399
18429
18447
