0
87
166
181
225
289
382
409
440
456
482
522
525
600
632
657
660
740
804
816
854
897
902
929
932
1005
1063
1085
1121
1153
1153
1165
1235
1287
1334
1372
1401
1439
1439
1495
1517
1539
1594
1603
1623
1636
1706
1768
1795
1834
1845
1918
1954
2017
2095
2178
2225
2232
2239
2281
2361
2388
2446
2485
2496
2512
2516
2565
2629
2645
2661
2684
2692
2769
2788
2790
2803
2827
2879
2921
2954
3030
3143
3155
3155
3155
3216
3265
3275
3305
3351
3396
3470
3516
3534
3578
3618
3687
3737
3746
3775
3808
3808
3851
3854
3882
3901
3952
3957
4032
4044
4047
4064
4104
4172
4210
4267
4323
4384
4411
4422
4479
4511
4530
4594
4645
4725
4781
4884
4952
5029
5082
5176
5245
5298
5324
5365
5446
5492
5535
5552
5611
5669
5702
5781
5799
5844
5872
5947
5971
5991
6030
6058
6083
6115
6189
6227
6322
6348
6392
6434
6508
6541
6619
6643
6700
6709
6735
6763
6829
6841
6850
6860
6943
6968
7015
7033
7051
7089
7168
7247
7269
7325
7390
7429
7435
7469
7532
7575
7639
7659
7667
7700
7777
7832
7869
7919
7961
7965
7991
8004
8029
8057
8098
8101
8113
8178
8189
8220
8250
8321
8342
8403
8492
8522
8552
8588
8608
8636
8646
8714
8745
8801
8849
8868
8878
8886
8886
8935
8942
8974
9022
9060
9065
9149
9212
9249
9278
9294
9323
9373
9413
9497
9566
9633
9633
9633
9688
9729
9764
9822
9879
9888
9894
9903
9948
9977
10040
10044
10056
10064
10135
10149
10153
10204
10220
10273
10341
10363
10398
10456
10474
10478
10479
10527
10588
10605
10690
10774
10836
10933
11014
11017
11095
11146
11192
11240
11268
11326
11367
11399
11453
11455
11514
11587
11637
11686
11754
11769
11775
11778
11813
11913
11975
12025
12127
12197
12232
12242
12292
12348
12368
12428
12457
12531
12571
12643
12677
12742
12747
12799
12816
12844
12891
12961
13023
13040
13066
13130
13144
13232
13271
13273
13296
13333
13368
13444
13486
13512
13539
13560
13610
13654
13709
13774
13872
13883
13911
13962
14026
14101
14185
14202
14260
14294
14378
14399
14460
14474
14475
14503
14526
14623
14655
14661
14672
14769
14819
14860
14900
14966
14997
15081
15121
15171
15241
15280
15352
15352
15382
15393
15445
15478
15530
15552
15579
15584
15601
15650
15665
15687
15734
15734
15767
15776
15804
15813
15821
15859
15880
15944
15968
16007
16047
16116
16171
16174
16196
16236
16266
16327
16432
16464
16499
16516
16531
16582
16620
16648
16691
16716
16716
16799
16805
16858
16873
16886
16916
16929
16958
17054
17137
17177
17191
17194
17229
17282
17297
17356
17403
17443
17486
17544
17570
17601
17665
17676
17700
17707
17748
17769
17772
17835
17849
17919
17942
17954
17954
18045
18047
18062
18115
18163
18187
18232
18263
18319
18362
18407
18464
18503
18565
18622
18664
18697
18758
18809
18845
18874
18903
18953
19037
19152
19196
19256
19331
19375
19383
19430
19450
19530
19597
19597
19691
19708
19731
19775
19840
19885
19915
19936
