0
86
156
171
212
272
365
386
412
419
445
486
487
548
582
606
608
681
738
747
780
819
822
839
841
909
966
982
1016
1043
1043
1051
1115
1164
1205
1237
1259
1292
1292
1342
1362
1377
1426
1428
1445
1457
1521
1582
1605
1632
1640
1707
1742
1795
1870
1947
1997
1997
1997
2034
2104
2128
2180
2213
2221
2234
2235
2282
2338
2345
2356
2377
2383
2457
2472
2472
2486
2508
2554
2587
2618
2690
2796
2806
2806
2806
2863
2907
2917
2941
2976
3022
3093
3128
3143
3183
3219
3286
3325
3332
3355
3384
3384
3424
3427
3448
3459
3507
3513
3585
3588
3588
3602
3638
3689
3715
3759
3815
3875
3898
3907
3948
3971
3989
4044
4093
4164
4219
4319
4385
4458
4507
4598
4662
4710
4730
4768
4848
4893
4930
4947
5004
5052
5080
5155
5173
5212
5237
5308
5327
5342
5374
5397
5415
5443
5513
5547
5639
5664
5700
5740
5809
5838
5914
5932
5985
5991
6013
6038
6104
6112
6119
6129
6205
6226
6264
6276
6292
6328
6402
6480
6493
6549
6607
6640
6644
6675
6731
6767
6828
6840
6845
6879
6948
6996
7030
7078
7117
7120
7139
7148
7171
7192
7232
7234
7245
7306
7321
7350
7376
7440
7460
7513
7598
7624
7649
7679
7695
7715
7721
7789
7815
7871
7919
7934
7944
7951
7951
8000
8003
8033
8072
8103
8108
8182
8240
8277
8299
8315
8342
8389
8419
8500
8565
8630
8630
8630
8682
8716
8748
8802
8855
8864
8866
8869
8908
8931
8986
8990
9000
9006
9071
9080
9081
9131
9146
9197
9263
9283
9313
9370
9384
9384
9384
9426
9485
9496
9572
9653
9715
9808
9885
9890
9962
10008
10043
10090
10115
10168
10207
10235
10287
10289
10339
10409
10456
10500
10565
10577
10581
10581
10614
10713
10771
10817
10917
10985
11010
11010
11056
11107
11127
11184
11210
11274
11313
11383
11416
11477
11479
11521
11534
11559
11599
11668
11725
11736
11753
11816
11831
11912
11953
11953
11970
12008
12031
12103
12137
12162
12180
12198
12245
12278
12330
12390
12488
12494
12516
12565
12627
12700
12781
12798
12855
12876
12956
12970
13031
13042
13042
13063
13082
13173
13195
13195
13202
13294
13341
13378
13415
13476
13507
13582
13622
13666
13726
13760
13829
13829
13859
13866
13920
13947
13996
14017
14040
14044
14051
14089
14102
14116
14159
14159
14191
14196
14220
14230
14235
14271
14286
14347
14362
14397
14439
14498
14548
14551
14559
14596
14617
14675
14778
14811
14841
14849
14857
14903
14932
14958
14994
15012
15012
15091
15095
15141
15150
15161
15186
15194
15221
15310
15391
15428
15435
15436
15469
15514
15525
15580
15625
15660
15699
15753
15779
15800
15859
15867
15886
15886
15928
15942
15943
16002
16013
16082
16104
16112
16112
16198
16198
16211
16254
16305
16326
16360
16389
16439
16483
16524
16579
16617
16667
16715
16749
16780
16834
16883
16916
16945
16969
17016
17093
17209
17250
17305
17376
17415
17423
17467
17482
17563
17625
17625
17714
17728
17743
17783
17841
17879
17907
17923
