0
46
103
186
192
281
326
390
419
477
507
550
586
642
658
699
783
826
881
963
969
969
992
1050
1113
1173
1226
1365
1414
1438
1456
1506
1568
1572
1637
1680
1754
1787
1871
1906
1962
1967
2014
2034
2083
2136
2201
2241
2275
2285
2365
2381
2456
2490
2493
2528
2581
2613
2670
2723
2743
2760
2797
2854
2894
2972
3021
3107
3121
3159
3251
3279
3395
3460
3460
3519
3552
3634
3670
3726
3739
3747
3775
3818
3917
3924
3935
3979
4059
4095
4156
4180
4241
4284
4373
4431
4467
4536
4582
4636
4638
4671
4707
4761
4772
4841
4853
4881
4900
4925
4956
4983
4995
5042
5042
5075
5090
5121
5130
5153
5190
5209
5265
5286
5328
5399
5465
5496
5500
5523
5558
5577
5637
5755
5801
5823
5843
5850
5901
5963
5998
6033
6036
6049
6121
6130
6191
6209
6209
6249
6252
6295
6384
6478
6515
6522
6525
6564
6619
6633
6718
6755
6790
6859
6899
6912
6964
7010
7027
7052
7103
7110
7125
7147
7201
7246
7286
7311
7327
7327
7417
7419
7452
7505
7568
7578
7620
7655
7749
7779
7806
7867
7925
7988
8023
8073
8102
8184
8223
8260
8291
8320
8387
8483
8585
8645
8712
8779
8817
8829
8878
8966
8999
9042
9042
9133
9158
9188
9247
9300
9377
9382
9406
9422
9447
9506
9612
9642
9726
9754
9765
9813
9842
9894
9974
9996
10024
10027
10059
10085
10183
10210
10230
10264
10285
10313
10328
10393
10433
10491
10538
10622
10628
10654
10732
10762
10766
10796
10830
10858
10981
11037
11052
11153
11188
11263
11308
11324
11347
11373
11417
11450
11518
11530
11559
11607
11659
11718
11737
11784
11804
11828
11841
11885
11917
11982
12013
12045
12078
12079
12087
12205
12208
12273
12289
12321
12356
12382
12422
12446
12471
12520
12545
12545
12613
12650
12708
12724
12762
12780
12871
12919
12964
13051
13135
13155
13164
13175
13217
13296
13321
13400
13431
13433
13451
13454
13516
13574
13584
13625
13633
13655
13714
13734
13739
13767
13782
13846
13908
13944
14015
14117
14117
14117
14137
14181
14222
14241
14286
14346
14388
14440
14489
14492
14543
14587
14674
14696
14723
14741
14776
14778
14824
14843
14860
14889
14927
14951
15021
15032
15051
15090
15124
15161
15199
15267
15362
15381
15400
15437
15485
15519
15519
15607
15656
15739
15781
15894
15961
16056
16097
16201
16247
16307
16343
16418
16444
16501
16538
16600
16624
16668
16705
16794
16807
16863
16926
16960
16992
17023
17053
17095
17138
17173
17240
17274
17366
17413
17460
17549
17575
17642
17683
17688
17745
17757
17800
17838
17888
17893
17913
17927
18015
18052
18088
18088
18128
18197
18261
18323
18360
18414
18487
18503
18522
18576
18622
18650
18730
18732
18777
18829
18895
18915
18995
19020
19052
19074
19085
19110
19148
19167
19210
19214
19247
19293
19333
19345
19379
19452
19500
19562
19630
19659
19698
19731
19762
19784
19830
19889
19903
19956
20017
20037
20043
20045
20045
20096
20135
20148
20213
20224
20261
20327
20385
20427
20461
20474
20535
20566
20632
