0
29
55
61
116
163
182
223
258
275
297
339
365
402
411
421
447
447
502
531
555
555
570
573
583
625
635
638
654
704
749
794
837
848
895
909
927
933
976
1042
1098
1100
1133
1148
1173
1259
1293
1301
1323
1411
1446
1460
1523
1536
1538
1554
1594
1656
1656
1662
1662
1680
1717
1798
1855
1934
2000
2031
2049
2085
2129
2164
2247
2282
2301
2357
2398
2440
2490
2570
2641
2670
2741
2791
2802
2802
2868
2886
2899
2962
3034
3083
3126
3145
3159
3182
3228
3285
3330
3372
3406
3441
3489
3510
3510
3568
3580
3620
3638
3720
3799
3849
3918
3937
3964
4015
4048
4098
4165
4172
4207
4309
4372
4423
4467
4491
4522
4576
4588
4642
4674
4702
4706
4802
4869
4910
4971
4987
5006
5055
5096
5104
5154
5179
5193
5238
5244
5300
5368
5390
5434
5459
5483
5512
5571
5613
5648
5678
5694
5720
5745
5784
5831
5843
5887
5898
5940
5957
5974
5992
6025
6094
6122
6126
6142
6188
6237
6287
6325
6349
6404
6437
6440
6444
6483
6514
6523
6589
6630
6642
6673
6708
6776
6797
6797
6841
6869
6902
6904
6917
6980
7017
7032
7053
7069
7074
7136
7182
7226
7226
7268
7287
7321
7381
7429
7441
7489
7529
7573
7573
7595
7600
7655
7680
7700
7722
7754
7804
7846
7864
7897
7966
7988
8057
8090
8127
8144
8184
8206
8231
8255
8338
8339
8378
8465
8500
8507
8525
8548
8633
8742
8760
8793
8883
8936
8962
8964
8971
9006
9055
9087
9124
9147
9174
9191
9200
9277
9305
9428
9462
9526
9532
9575
9579
9652
9669
9678
9738
9779
9813
9824
9849
9890
9913
9942
9972
9997
10048
10152
10188
10210
10240
10260
10329
10400
10505
10549
10637
10669
10760
10769
10785
10810
10845
10884
10908
10921
10921
10984
11022
11053
11144
11223
11231
11247
11305
11308
11374
11401
11416
11426
11479
11549
11557
11569
11601
11615
11631
11646
11665
11682
11728
11784
11810
11843
11899
11923
11953
12026
12083
12122
12158
12190
12230
12253
12267
12280
12280
12287
12316
12339
12349
12375
12461
12509
12527
12542
12566
12568
12615
12629
12642
12689
12739
12768
12821
12839
12890
12920
12925
12939
12941
12946
12958
12991
13083
13098
13098
13120
13148
13202
13208
13228
13284
13310
13368
13377
13382
13426
13454
13454
13468
13493
13530
13621
13702
13720
13722
13775
13794
13801
13865
13896
13900
13954
13974
14020
14025
14037
14058
14069
14101
14146
14199
14256
14339
14384
14407
14470
14536
14560
14629
14661
14682
14724
14808
14812
14832
14907
14945
14976
15010
15083
15114
15128
15173
15173
15251
15319
15381
15483
15510
15573
15588
15610
15679
15710
15742
15780
15815
15861
15928
15939
15974
16030
16061
16101
16108
16213
16258
16306
16341
16407
16422
16478
16509
16559
16645
16646
16702
16750
16808
16860
16901
16913
16967
16990
17025
17086
17099
17114
17120
17210
17328
17371
17466
17538
17607
17660
17697
17732
17791
17829
17897
17922
17943
17972
18002
18029
18059
18138
