0
5
5
17
48
107
129
219
331
389
441
521
524
606
646
699
730
781
808
850
879
931
945
983
1061
1100
1147
1221
1226
1226
1242
1302
1360
1419
1469
1605
1646
1663
1678
1729
1785
1785
1846
1881
1951
1979
2059
2087
2140
2142
2184
2199
2247
2292
2348
2391
2418
2420
2503
2519
2592
2626
2626
2652
2700
2726
2781
2825
2843
2861
2885
2939
2969
3047
3093
3174
3183
3213
3291
3315
3427
3488
3488
3544
3570
3650
3677
3732
3741
3741
3763
3801
3895
3898
3904
3941
4017
4052
4107
4125
4185
4216
4302
4354
4387
4453
4492
4544
4544
4573
4601
4654
4662
4725
4734
4758
4767
4790
4810
4832
4843
4886
4886
4917
4925
4955
4963
4981
5015
5029
5078
5098
5137
5206
5265
5290
5290
5311
5347
5360
5419
5535
5577
5592
5602
5613
5662
5717
5750
5776
5777
5785
5857
5862
5917
5928
5928
5963
5964
6001
6084
6179
6209
6218
6219
6254
6302
6313
6395
6429
6457
6525
6562
6573
6599
6657
6671
6691
6736
6740
6750
6761
6812
6854
6892
6914
6926
6926
7013
7013
7041
7093
7136
7145
7186
7216
7301
7330
7356
7413
7467
7524
7554
7596
7620
7698
7727
7759
7787
7814
7876
7965
8059
8115
8170
8231
8269
8276
8322
8404
8437
8480
8480
8568
8587
8603
8660
8711
8769
8772
8791
8800
8817
8873
8968
8992
9074
9100
9104
9142
9169
9218
9290
9314
9330
9331
9359
9384
9474
9499
9513
9543
9561
9583
9591
9652
9687
9741
9784
9864
9871
9892
9969
9994
9996
10015
10042
10068
10188
10238
10243
10333
10349
10430
10465
10482
10495
10515
10556
10583
10648
10656
10682
10729
10770
10827
10840
10884
10903
10918
10926
10966
10997
11060
11081
11109
11136
11136
11146
11259
11259
11321
11333
11357
11391
11414
11449
11468
11482
11528
11545
11550
11606
11647
11702
11711
11747
11759
11847
11895
11940
12026
12104
12119
12123
12130
12171
12239
12262
12337
12364
12364
12378
12378
12433
12489
12491
12521
12526
12539
12601
12620
12621
12645
12656
12711
12769
12798
12862
12963
12963
12963
12979
13022
13064
13080
13123
13176
13213
13265
13309
13309
13355
13397
13481
13497
13517
13528
13558
13558
13599
13619
13632
13657
13691
13708
13770
13774
13790
13821
13860
13885
13912
13971
14064
14083
14095
14128
14157
14188
14188
14274
14315
14393
14431
14538
14600
14695
14730
14831
14872
14926
14957
15025
15058
15110
15147
15208
15227
15268
15298
15387
15389
15442
15502
15532
15557
15574
15604
15637
15671
15700
15769
15798
15882
15924
15962
16036
16061
16127
16165
16169
16220
16227
16268
16297
16345
16348
16366
16378
16464
16496
16526
16526
16557
16627
16678
16743
16769
16828
16898
16911
16922
16970
17017
17045
17118
17118
17160
17207
17266
17282
17356
17373
17404
17420
17431
17448
17478
17494
17529
17529
17557
17603
17639
17642
17671
17741
17780
17827
17893
17921
17953
17982
17999
18025
18067
18125
18133
18184
18239
18256
18261
18262
18262
18311
18347
18353
18417
18427
18457
