0
28
53
58
111
159
177
217
252
262
283
326
352
390
395
404
429
429
482
511
536
536
550
553
559
601
608
611
626
674
720
764
805
816
862
872
889
896
939
1005
1057
1060
1094
1105
1130
1215
1247
1254
1274
1361
1395
1409
1471
1484
1485
1498
1536
1598
1598
1600
1600
1616
1652
1731
1785
1864
1929
1961
1979
2013
2050
2081
2162
2197
2215
2270
2311
2349
2397
2476
2550
2576
2646
2694
2705
2705
2771
2788
2799
2861
2932
2979
3020
3038
3053
3073
3119
3173
3216
3259
3294
3328
3371
3396
3396
3451
3463
3501
3521
3602
3680
3727
3795
3814
3840
3894
3925
3976
4038
4045
4081
4181
4243
4290
4335
4356
4387
4439
4450
4506
4536
4563
4567
4660
4727
4766
4824
4834
4854
4901
4939
4945
4993
5020
5031
5076
5081
5136
5202
5221
5268
5291
5318
5346
5404
5445
5477
5507
5524
5547
5573
5611
5654
5661
5706
5714
5754
5770
5786
5803
5833
5902
5929
5934
5951
5995
6043
6094
6131
6155
6208
6240
6241
6244
6282
6314
6323
6385
6427
6436
6466
6503
6569
6587
6587
6631
6658
6691
6693
6705
6768
6803
6818
6838
6854
6857
6919
6965
7008
7008
7045
7061
7098
7156
7205
7212
7260
7296
7342
7342
7363
7366
7422
7447
7464
7485
7516
7563
7606
7623
7655
7720
7740
7808
7839
7875
7892
7931
7952
7974
7997
8070
8071
8109
8195
8231
8235
8249
8272
8355
8461
8478
8511
8600
8652
8679
8679
8685
8719
8768
8799
8835
8855
8878
8893
8899
8973
9000
9122
9152
9215
9222
9262
9266
9338
9354
9363
9422
9460
9492
9503
9529
9569
9592
9620
9647
9670
9719
9823
9859
9879
9907
9927
9993
10065
10169
10209
10296
10327
10418
10426
10440
10465
10500
10538
10562
10575
10575
10638
10673
10702
10794
10872
10875
10890
10946
10947
11011
11034
11049
11060
11111
11179
11186
11196
11225
11239
11253
11269
11286
11302
11345
11393
11418
11452
11507
11530
11554
11625
11684
11724
11760
11787
11824
11844
11860
11872
11872
11875
11903
11925
11932
11959
12042
12089
12105
12117
12141
12143
12189
12202
12216
12259
12311
12340
12390
12406
12457
12487
12491
12506
12506
12508
12519
12550
12638
12653
12653
12675
12703
12759
12763
12781
12836
12859
12921
12926
12931
12976
13000
13000
13013
13036
13071
13160
13243
13260
13262
13313
13326
13331
13394
13425
13429
13480
13499
13544
13548
13557
13575
13583
13614
13660
13712
13764
13845
13892
13909
13973
14032
14055
14124
14153
14174
14215
14299
14302
14323
14396
14431
14461
14492
14562
14592
14606
14650
14650
14728
14795
14854
14956
14982
15044
15059
15081
15149
15178
15207
15242
15279
15324
15387
15398
15433
15486
15519
15557
15564
15669
15711
15760
15795
15861
15877
15932
15964
16014
16096
16097
16153
16199
16256
16306
16348
16357
16409
16433
16467
16526
16534
16547
16553
16641
16759
16801
16897
16968
17038
17089
17124
17159
17213
17248
17315
17340
17360
17387
17416
17441
17468
17548
