0
19
39
122
196
214
227
267
295
326
359
414
489
546
589
711
778
833
917
971
1033
1080
1111
1198
1201
1259
1290
1349
1369
1427
1449
1532
1533
1578
1638
1678
1699
1721
1753
1782
1814
1869
1917
1987
2041
2076
2116
2189
2209
2298
2313
2319
2371
2377
2420
2450
2498
2501
2518
2559
2619
2651
2680
2696
2733
2793
2867
2903
2945
3004
3058
3066
3092
3124
3196
3243
3272
3272
3316
3382
3431
3442
3524
3558
3565
3592
3600
3610
3641
3659
3696
3706
3732
3772
3808
3823
3867
3926
3959
4039
4075
4103
4148
4166
4186
4202
4259
4301
4309
4359
4414
4436
4441
4441
4441
4489
4524
4537
4592
4600
4659
4720
4777
4793
4817
4841
4892
4916
4964
5047
5107
5142
5142
5147
5205
5238
5297
5344
5377
5379
5382
5400
5424
5474
5509
5518
5529
5564
5595
5607
5633
5675
5724
5735
5795
5827
5871
5917
5920
5920
5957
6018
6042
6086
6193
6265
6347
6359
6437
6450
6526
6568
6640
6673
6719
6732
6787
6843
6853
6887
6917
7002
7065
7099
7152
7157
7157
7193
7276
7324
7381
7449
7569
7600
7610
7627
7681
7732
7762
7818
7869
7902
7958
8023
8050
8094
8126
8137
8162
8206
8289
8346
8357
8380
8405
8464
8503
8581
8588
8589
8616
8665
8731
8747
8794
8823
8827
8862
8913
8946
9039
9130
9157
9159
9209
9287
9335
9445
9464
9480
9534
9569
9629
9667
9708
9716
9727
9751
9810
9879
9883
9891
9973
10019
10058
10100
10161
10188
10264
10292
10357
10379
10464
10504
10541
10541
10575
10629
10657
10660
10718
10746
10755
10766
10793
10811
10838
10869
10885
10918
10918
10931
10954
10965
10980
11016
11033
11098
11105
11142
11221
11277
11305
11308
11336
11362
11376
11480
11566
11607
11611
11626
11648
11681
11730
11765
11789
11791
11864
11874
11926
11935
11950
11975
11984
12014
12056
12135
12223
12243
12246
12250
12317
12339
12356
12421
12454
12489
12552
12600
12601
12661
12694
12704
12731
12775
12779
12793
12824
12855
12932
12942
12957
12968
12968
13056
13070
13094
13166
13191
13214
13248
13297
13361
13395
13419
13463
13534
13594
13612
13656
13697
13756
13790
13836
13852
13879
13963
14043
14114
14197
14253
14307
14319
14352
14383
14458
14498
14533
14543
14634
14652
14658
14714
14776
14831
14831
14848
14868
14885
14940
15029
15111
15151
15167
15170
15225
15237
15287
15361
15386
15398
15400
15425
15485
15566
15566
15583
15609
15628
15650
15694
15750
15794
15828
15887
15935
15942
16000
16045
16060
16078
16111
16144
16212
16298
16314
16357
16423
16489
16528
16571
16572
16586
16651
16654
16708
16755
16776
16782
16858
16882
16933
16966
17012
17013
17030
17035
17103
17107
17174
17205
17236
17247
17257
17295
17371
17371
17438
17471
17482
17511
17544
17573
17600
17639
17662
17683
17684
17752
17799
17840
17850
17881
17921
17984
18031
18070
18147
18230
18246
18247
18279
18317
18377
18421
18463
18490
18490
18508
18547
18613
18622
18624
18657
18660
18734
18745
18755
18755
18790
