0
402
621
865
1149
1464
1704
1955
2326
2612
2851
3092
3420
3663
3897
4220
4500
4854
5222
5558
5830
6100
6359
6667
6981
7254
7531
7903
8195
8390
8792
9081
9361
9662
9951
10196
10538
10841
11142
11432
11677
11963
12311
12652
12960
13298
13563
13819
14111
14367
14708
14967
15239
15483
15746
16017
16364
16614
16825
17128
17415
17663
17867
18106
18365
18693
18935
19218
19499
19832
20089
20386
20686
20976
21267
21562
21931
22257
22464
22739
23049
23275
23638
23884
24159
24458
24702
25023
25360
25650
25879
26113
26394
26625
26889
27155
27450
27765
28020
28217
28449
