1
466489087
465305043
465615274
464787063
465549256
466127653
465108069
466101915
465722822
465479060
465489341
464294060
465245347
466161711
464899391
465839269
466163275
465888093
466711331
465566431
465050671
464818997
466146794
465742150
465285230
465877257
465944413
465345526
465476404
464249116
465332183
466064764
465043681
465861731
466603301
465951003
466268145
465652504
465018008
465079484
465856822
465569685
465228174
466009726
466143941
465247439
465075876
464620172
465208778
465940219
