1
464881863
465449845
466280745
465714751
465002052
465635264
465427067
465816351
465140877
464743661
464922874
465658682
466034446
466041728
465407508
464810581
465004903
465426670
465205130
465446656
466191394
465632452
465579343
465332264
464983071
466058776
464722015
464903590
465145675
465824868
466058458
465830237
465431869
464803915
465314642
465294822
464981210
466019560
465794416
465542156
465644998
464869828
465427634
465901131
465190860
464593606
465504062
465535375
465885393
466121424
