0
381
696
941
1237
1483
1769
2066
2366
2732
3016
3228
3566
3876
4147
4423
4646
4845
5139
5388
5580
5865
6207
6528
6849
7133
7423
7748
8001
8334
8628
8982
9271
9531
9772
10054
10249
10593
10874
11054
11374
11655
11977
12353
12624
12969
13198
13412
13612
13870
14153
14340
14608
14831
15199
15490
15716
16029
16268
16583
16885
17195
17396
17701
18044
18374
18702
18973
19263
19553
19851
20129
20476
20783
21087
21392
21618
21893
22165
22451
22683
22939
23155
23420
23778
24001
24226
24531
24856
25110
25402
25618
25930
26211
26525
26833
27049
27310
27610
27858
28149
