1
17379586
17349330
17451793
17384181
17353162
17506541
17438160
17324083
17271186
17435772
17390088
17353637
17275935
17400413
17370702
17158017
17396049
17368604
17285996
17418255
17381044
17334833
17327372
17323858
17335269
17367681
17361970
17307967
17334460
17297773
17394719
17414251
17268146
17217706
17380924
17281858
17323398
17341654
17327851
17330522
17442952
17339979
17361741
17426915
17380209
17372866
17423981
17442373
17351392
17468064
17296525
17394731
17340446
17325811
17408863
17312169
17386977
17324904
17421459
17462717
17393072
17257431
17356251
17407452
17373182
17434572
17429107
17423471
17295588
17441202
17441555
17362561
17407711
17399697
17428134
17449222
17370882
17442840
17296127
17478729
17440058
17262226
17328203
17386028
17347206
17525152
17592696
17342361
17473132
17373169
17353737
17398032
17437589
17415364
17494260
17337216
17369489
17537513
17395040
17370876
