1
34690733
34674297
34767131
34551447
34521299
34620185
34587449
34615044
34500453
34608533
34721786
34611403
34545271
34707034
34637897
34563694
34478043
34566761
34662966
34596968
34724804
34503231
34548664
34712906
34646361
34760040
34740186
34528047
34651405
34664451
34684930
34665696
34539317
34654608
34530186
34658445
34554580
34611532
34690230
34728183
34507748
34643825
34729041
34614446
34445558
34534591
34479605
34522619
34587190
34646848
34672556
34490305
34531497
34577985
34642177
34566330
34566705
34686700
34700780
34549433
34659718
34470687
34691094
34702973
34596839
34509646
34555568
34686757
34640945
34704890
34630125
34628337
34563871
34499343
34483689
34566401
34612505
34729285
34632093
34610119
34471463
34714436
34613801
34695888
34792665
34466822
34635415
34604208
34694872
34411215
34530576
34641670
34603045
34672341
34573602
34487927
34472814
34533217
34492217
34716421
34602688
34563653
34622232
34616800
34587149
34596684
34535141
34589712
34555613
34707088
34551085
34722111
34707613
34630076
34632103
34704648
34458168
34603230
34571450
34659038
34693412
34541976
34654131
34601373
34570819
34576473
34580601
34596952
34790189
34669048
34592282
34480437
34703211
34498770
34506018
34506762
34457089
34731968
34565013
34634852
34490645
34748798
34581069
34750827
34611794
34565573
34762423
34713799
34749605
34421241
34604847
34704805
34571394
34607078
34570547
34619936
34653750
34603625
34603644
34537232
34891900
34655813
34702457
34641806
34605659
34592162
34483053
34557970
34582660
34484333
34624640
34608528
34478323
34699612
34776752
34655582
34702801
34578433
34693910
34719447
34653589
34773930
34558144
34551369
34572167
34636364
34551675
34545476
34605647
34716163
34613592
34559309
34702075
34608150
34531122
34457448
34634183
34650325
34585678
34705366
34563068
34582675
34708093
34643375
34762565
34740904
34516588
34669218
34695841
34618843
34662601
34534956
34653168
34527693
34613651
34622035
34592390
34745749
34679554
34521657
34640640
34737723
34609108
34447992
34536174
34433566
34564385
34597465
34662604
34697237
34506062
34548978
34622618
34645800
34545922
34602408
34698226
34665489
34585145
34656443
34505530
34669016
34671683
34652313
34459186
34552513
34698996
34638868
34658667
34671501
34610710
34605156
34524490
34431997
34598454
34602503
34739192
34619232
34582530
34529095
34661640
34654027
34702273
34741985
34523464
34605698
34589345
34656247
34452980
34506733
34634325
34574935
34694209
34609314
34481377
34486042
34493335
34530310
34697608
34612367
34559825
34593416
34645404
34516948
34655767
34538514
34588983
34514787
34719423
34569804
34734241
34709860
34668822
34605237
34680895
34455716
34634202
34570228
34672793
34702403
34583276
34642288
34635828
34555331
34544174
34578734
34673104
34778084
34672182
34552018
34512820
34685455
34498816
34524529
34488066
34434888
34752442
34546702
34638011
34518782
34740529
34555211
34735785
34653628
34585324
34713015
34734654
34680406
34453951
34581268
34699704
34594573
34630434
34531018
34662065
34693014
34584675
34604709
34560451
34866153
34661884
34711016
34624083
34601963
34601306
34482118
34578963
34559194
34489373
34659861
34596492
34497482
34744986
34803006
34654438
34714289
34586694
34670765
34756633
34608761
34769973
34578908
34558906
34584844
34596956
34577640
34577113
34628544
34702933
34609389
34558259
34700984
34592884
34542539
34457282
34601358
34698107
34547513
34714323
34554400
34590172
34719253
34687372
34752645
34711307
34590777
34651571
34684841
34655587
34703915
34489333
34709535
34498916
34632565
34600105
34665616
34676560
34685797
34486417
34660450
34730420
34635737
34426060
34516030
34507176
34502202
34642434
34623881
34688676
34490872
34585160
34567091
34611922
34596741
34525749
34695362
34638561
34609197
34610138
34526221
34666150
34703767
34641332
34450917
34563283
34721570
34616394
34689236
34693523
34550995
34625597
34507088
34470675
34567596
34662239
34722368
34617416
34589646
34487278
34697031
34672364
34714145
34701866
34488323
34617128
34631003
34645901
34438628
34509679
34663253
34565506
34686590
34587748
34513636
34530658
34461197
34550295
34689505
34612038
34581815
34622879
34611380
34515053
34699214
34489699
34599098
34534419
34680787
34569426
34761282
34707320
34683871
34588422
34695708
34389528
34662896
34584828
34689683
34669805
34587737
34654368
34632763
34555450
34535110
34589459
34647716
34770254
34662988
34573888
34533852
34708715
34525522
34514867
34483926
34461489
34741318
34544149
34629952
34528971
34728050
