1
345943471
346167758
346409093
345842012
345713496
345901674
345981539
345568669
345974594
346170465
346044798
345933200
345933700
345999791
346317856
345843784
345771634
346137693
345890829
346179018
346457794
345855790
345626684
346112398
345789737
345651091
346062225
346128439
346157427
345822406
345946058
346072997
346346121
345611239
345917232
346210591
346023255
346145236
346520258
345663458
345766177
346114999
345605398
345709661
346146800
346002597
345992915
346062420
345943362
346003985
