1
32106265
32385488
32289147
32220724
32123102
32332686
32312186
32269770
32236367
32411868
32147521
32414410
32306416
32328958
32195565
32335948
32068939
32264826
32072520
32333542
32287061
32337407
32237247
32341707
32427470
32366510
32425317
32274606
32113192
32164403
32144958
32261817
32154436
32325946
32348765
32186930
32332032
32320713
32288871
32281769
32245932
32376558
32330599
32145387
32298818
32065649
32292040
32150082
32197069
32181573
32324675
32174079
32170243
32278215
32572227
32255126
32305502
32316657
32277327
32278606
32231444
32353457
32155990
32332828
32338572
32188359
32234295
32280202
32200909
32235427
32436906
32288265
32326952
32234372
32296204
32194562
32172776
32092447
32296241
32434669
32230045
32339336
32338015
32194888
32226125
32243757
32353440
32367196
32382071
32187690
32343467
32150880
32258526
32160184
32286563
32431157
32195745
32256702
32295978
32478044
32261350
32281606
32270047
32234937
32326923
32348985
32060534
32363727
32323729
32295621
32367597
32177455
32236260
32297104
32213159
32205971
32261153
32292079
32257635
32183494
32327240
32200755
32217126
32240495
32195655
32119140
32191915
32296319
32355786
32254238
32372967
32305877
32082531
32262337
32264230
32057769
32316991
32416853
32306487
32320637
32223053
32256577
32317647
32233298
32186675
32279688
32236884
32293060
32396099
32228743
32241786
32297395
32309985
32233716
32411808
32174646
32196611
32413377
32245987
32323938
32274645
32308025
32313393
32232293
32230440
32221922
32219884
32347600
32243370
32302486
32065321
32274214
32287382
32277552
32306617
32323645
32315341
32334198
32140527
32184851
32356320
32304929
32210201
32149313
32322037
32337899
32199610
32273732
32406644
32195067
32365192
32339397
32290789
32204521
32301681
32080256
32232890
32095254
32337643
32277145
32348226
32216843
32339150
32428667
32351708
32445278
32236794
32104188
32197283
32173086
32247874
32167744
32321260
32341458
32201723
32317910
32326275
32329243
32235485
32249960
32398056
32318995
32139595
32304549
32071147
32337082
32119215
32177195
32205562
32315226
32194051
32139339
32337360
32563404
32269240
32290420
32321212
32308680
32310481
32186631
32354523
32195588
32290878
32352871
32215890
32262373
32250818
32214845
32218940
32449168
32294510
32304959
32252765
32312956
32199397
32183051
32056919
32278418
32427747
32238440
32343327
32298779
32214149
32246220
32185628
32360814
32369285
32402797
32164963
32297587
32196786
32256870
32193949
32315002
32390909
32212176
32258158
32357009
32407356
32257453
32285083
32266698
32249178
32327371
32346575
32100383
32342572
32308132
32344700
32298684
32226577
32196511
32318174
32201720
32172482
32283120
32263869
32278211
32198531
32357417
32203214
32186917
32236490
32179369
32099340
32170362
32346724
32369028
32254846
32338393
32292146
32069881
32213075
32282673
32120991
32261449
32418647
32303325
32301407
32262689
32243531
32302925
32257979
32210446
32250716
32205357
32308470
32382599
32212366
32236116
32281522
32312383
32217543
32381264
32203820
32175727
32406291
32258454
32324327
32248101
32323911
32284732
32273479
32203452
32219824
32239741
32352424
32224755
32344830
32081611
32239695
32307973
32293961
32227838
32395797
32272092
32371063
32178321
32139792
32367516
32287820
32238850
32095148
32370618
32290722
32196546
32280415
32356768
32225341
32384546
32323924
32367367
32165163
32291057
32122213
32245886
32097924
32285351
32264536
32361724
32224736
32304583
32433481
32409873
32400809
32234744
32112196
32183877
32182043
32211022
32177584
32330702
32323142
32223730
32293646
32359006
32267723
32257788
32292113
32362891
32302495
32167355
32271046
32072488
32319916
32161102
32157946
32193098
32335248
32154997
32168747
32347876
32520837
32259195
32307298
32305492
32326473
32232526
32226183
32328578
32222564
32302646
32355700
32205830
32294899
32209992
32217297
32283367
32430085
32327170
32280695
32264944
32334004
32164156
32191750
32054616
32292165
32437693
32250765
32346882
32292608
32214179
32306029
32133200
32356470
32339601
32411107
32158755
32328577
32172323
32269687
32176126
32313637
32383595
32194970
32263730
32350442
32360456
32298313
32236546
32284650
32233762
32329056
32315606
32114653
32344529
32366007
32352280
32287423
32199284
32191737
32339164
32177148
32202411
32301471
32261032
32255864
32190604
32396034
32164199
32170618
32237802
32197955
32097617
32218968
32307767
32361394
32277159
32349757
32296683
32045614
32229641
32299119
32127286
32278555
32415956
32266713
32332443
32218563
32239323
