1
16531484
16530860
16561792
16453766
16433648
16514284
16451551
16448622
16426920
16360783
16465728
16500919
16456639
16471467
16465036
16402343
16413186
16415648
16446466
16398725
16560031
16434609
16465040
16499578
16445388
16395502
16541185
16469987
16459335
16473335
16454953
16391459
16425512
16359548
16408351
16472083
16518865
16410984
16512330
16447043
16510451
16491872
16405886
16446535
16384910
16428335
16502813
16473153
16393720
16468803
16501142
16538463
16542023
16484461
16458124
16401468
16447920
16507427
16478139
16517527
16531718
16428755
16447165
16505329
16412261
16470909
16442266
16569451
16433317
16448142
16452842
16493226
16359941
16467878
16402705
16500429
16597047
16488174
16477629
16478091
16451630
16400589
16435042
16543260
16579191
16480669
16468000
16469686
16333338
16400361
16376651
16408452
16404601
16432620
16475828
16457422
16393163
16449029
16525255
16428337
