1
346335667
346295611
346216681
346152013
345470098
346006346
345729586
345802539
345761976
346276419
346070329
345814151
345992710
346069941
345936890
346338187
345426956
345980116
346484029
345953517
346362041
346055576
345562613
345899411
345887235
345761572
346014600
346104579
346183612
345813171
346090708
346103378
345979748
346171554
345536151
345988543
346469598
345987471
346479314
345743179
345530892
346101661
345776999
345499108
346238687
346094988
345981330
345789583
346153809
345939001
