1
16456797
16384727
16425409
16475262
16455605
16442529
16485358
16460530
16350090
16507110
16382577
16415579
16518093
16324217
16402340
16548291
16547366
16553088
16479590
16456472
16416622
16469018
16433555
16435936
16535174
16409654
16465882
16442820
16471366
16526559
16489929
16502289
16444197
16474070
16477407
16505290
16480883
16464980
16484664
16438124
16440810
16457746
16507234
16558645
16443490
16452483
16345332
16549631
16472125
16392371
16542697
16511866
16313115
16437562
16370559
16458058
16471832
16413594
16530440
16429738
16447175
16481778
16502912
16367380
16505138
16443896
16424962
16426875
16445829
16334129
16329225
16408074
16503068
16482392
16496280
16428817
16481020
16523780
16407071
16424868
16483013
16342322
16434723
16393251
16324600
16433314
16365342
16535905
16444295
16353898
16310029
16541693
16458551
16525763
16476497
16410076
16450361
16403990
16408326
16344994
