1
17241640
17234062
17151430
17220880
17207030
17173533
17347421
17113567
17177291
17126252
17214469
17222699
17126690
17296794
17199493
17183406
17285229
17157107
17141031
17247511
17134431
17181525
17175784
17211077
17286409
17192186
17257552
17272522
17241238
17126886
17148462
17195559
17211801
17271540
17194084
17130673
17141241
17170672
17179136
17077707
17091671
17281550
17342312
17208514
17181892
17188427
17197220
17209642
17237453
17255887
17205753
17152311
17208682
17268639
17204806
17108379
17211998
17203605
17219148
17261812
17230548
17240835
17167280
17065411
17235200
17105612
17093980
17241260
17267528
17144291
17122964
17103785
17202291
17201221
17215175
17275507
17062089
17278282
17225987
17228527
17219856
17235213
17234116
17220716
17265660
17219044
17201463
17062612
17221309
17219061
17222655
17159784
17209840
17187727
17350737
17086679
17165110
17137153
17205478
17209009
