1
329293762
329182515
329204511
328840387
329095616
329174463
329581106
329313242
329222317
329053672
329250340
329361076
328951561
329081414
329212261
329324293
329277742
329257346
329423398
329318039
329203957
329125959
329385204
329412462
329378851
329408876
329192893
329075753
329336723
329322949
328782258
329202139
329264449
329343989
329235546
329341924
329353947
329427779
329318169
329059543
329663924
329147750
329415224
329561015
329088589
329005718
329475048
329149067
328766328
329374967
