0
130739
260472
390521
520664
650534
780389
910896
1040832
1171069
1300956
1431560
1561890
1692598
1822919
1952888
2083056
2213269
2343648
2473758
2603604
2734226
2864110
2994913
3125428
3255224
3385451
3515532
3645950
3776158
3906496
4036611
4166810
4297070
4427133
4557186
4687072
4816887
4946654
5076584
5207261
5337509
5467469
5597268
5726902
5857430
5987579
6117776
6247986
6377999
6508599
6639116
6769542
6900414
7030838
7160570
7291058
7421450
7551016
7681443
7811890
7942036
8072697
8203151
8333401
8463895
8594203
8724965
8854922
8985258
9115415
9245223
9375534
9505972
9636418
9766902
9896885
10027201
10157550
10287330
10417463
10547536
10677569
10807450
10937931
11067914
11198725
11329048
11459028
11589136
11719526
11850136
11980215
12110305
12240306
12370536
12500804
12631131
12761708
12892138
13022805
13152814
13282675
13413022
13543231
13673272
13803644
13933578
14063787
14194276
14324520
14455150
14584945
14715045
14845366
14975812
15105778
15235835
15366182
15496258
15627297
15757902
15887484
16017834
16148184
16278648
16409053
16539180
16669325
16799417
16929717
17059358
17189181
17319584
17450115
17580503
17710977
17841095
17971237
18101773
18231849
18362582
18492529
18622786
18753081
18882481
19013239
19142951
19273039
19403131
19533917
19664708
19794954
19924939
20055085
20185292
20315787
20446368
20576699
20707302
20837470
20967592
21098089
21228011
21358728
21488981
21619002
21749086
21879227
22009358
22139676
22270522
22400544
22530453
22660322
22790630
22920858
23051151
23181674
23311816
23442248
23571813
23702138
23832368
23962298
24092460
24222709
24352884
24482828
24612908
24743599
24873633
25004276
25134785
25264628
25395002
25525283
25655861
25785866
25915691
26045911
26175992
26306916
26437354
26567432
26697680
26827764
26958113
27088157
27218566
27348819
27478812
27608946
27739316
27869500
27999534
28129389
28259030
28388928
28519829
28650131
28779873
28909771
29039200
29169402
29299636
29429730
29559816
29689921
29820620
29950975
30081303
30212017
30342451
30472317
30602823
30732980
30862786
30993144
31123606
31253733
31384482
31514748
31645108
31775701
31905926
32036552
32166711
32296880
32426713
32556596
32687028
32817501
32947782
33078238
33208092
33338369
33468621
33598679
33728835
33858986
33989371
34119174
34249603
34379601
34510491
34640773
34770876
34900704
35031234
35161793
35291891
35421903
35551981
35682301
35812343
35942726
36073244
36203711
36334167
36464063
36594102
36724462
36854475
36984598
37115092
37245198
37375426
37505619
37635789
37766047
37895755
38025971
38156168
38286813
38416727
38546868
38677086
38807221
38937896
39068502
39198161
39328453
39458933
39589263
39719613
39849596
39979538
40109801
40239880
40369591
40499469
40629800
40760341
40890741
41021281
41151351
41281613
41411954
41541957
41672525
41802515
41932783
42062909
42192531
42323202
42452872
42582799
42712968
42843757
42974601
43104801
43234964
43364948
43495282
43625891
43756221
43886311
44016825
44146956
44276965
44407645
44537636
44667987
44798447
44928197
45058251
45188444
45318638
45448877
45579611
45709352
45839545
45969096
46099199
46229639
46359925
46490334
46620626
46751204
46880780
47011021
47141018
47270854
47400971
47531260
47661315
47791471
47921354
48052021
48182325
48313056
48443427
48573284
48703708
48833970
48964146
49094032
49224001
49354590
49484736
49615436
49745735
49875634
50005832
50135923
50266258
50396454
50526991
50657106
50787263
50917556
51047721
51177647
51307549
51437443
51566943
51696966
51827808
51957907
52087853
52217884
52347352
52478037
52608146
52738275
52868344
52998467
53129121
53259617
53390117
53520869
53651247
53781161
53911600
54041786
54171556
54301950
54432309
54562599
54693288
54823694
54953805
55084342
55214747
55345408
55475569
55605876
55735834
55865641
55996079
56126516
56256853
56387388
56517489
56647771
56777892
56907845
57037902
57168002
57298199
57427999
57558455
57688461
57819273
57949508
58079630
58209566
58340113
58470843
58600786
58730814
58860831
58990970
59121303
59251701
59382049
59512579
59643227
59773283
59903289
60033408
60163671
60293729
60424142
60554207
60684371
60814969
60945189
61075835
61205552
61335581
61465929
61596415
61726365
61856301
61986715
62116916
62247780
62378352
62508178
62638371
62768926
62899054
63029668
63159830
63289918
63420030
63550274
63679770
63809768
63940264
64070805
64201062
64331697
64461451
64591841
64722513
64852572
64983206
65113184
