1
347567901
347083134
347142298
347247833
347979217
347712469
347615374
347334310
347574397
347337041
347124700
347650055
347007955
347152112
347238750
347967211
347803830
347856848
347449054
347767849
347431661
347750648
347983129
347749636
347611195
347261234
347739110
347679456
347836073
348064043
346858107
347332123
347672211
348076733
347890889
347892141
347454612
347634633
347455353
347780358
347876139
347804495
347551788
347517023
347754703
347451460
348059035
348047975
347529504
347706882
