1
17420119
17203272
17335673
17402975
17373640
17310794
17347355
17392062
17360930
17244726
17418722
17387455
17409526
17491399
17507768
17296820
17442968
17332291
17354020
17344836
17289734
17361610
17406138
17462299
17400008
17344024
17305743
17301746
17468313
17404023
17340824
17323708
17309732
17282851
17361367
17253332
17407758
17348447
17308537
17325208
17353469
17338241
17196626
17361813
17383072
17362325
17301037
17392428
17421359
17377066
17308586
17328813
17329095
17334285
17439981
17399148
17369574
17412681
17229727
17299886
17408654
17389901
17136537
17458621
17274880
17294147
17378984
17375933
17483129
17433755
17417214
17398853
17342853
17367957
17343526
17383337
17245538
17324279
17479855
17341169
17405283
17445010
17348270
17298658
17357951
17341159
17363891
17346878
17371965
17335848
17412025
17349099
17268108
17363421
17285805
17447269
17315538
17283351
17443027
17364549
