1
347198852
347600582
347577821
347760753
347668737
347222017
347801893
347324156
347367111
347401439
347472376
347548459
347178015
347488489
347246721
346970664
346787267
346935300
346729055
347758018
347341695
347661773
347540384
347192651
347188105
347063503
347296130
347387104
347389807
347258678
347088535
347063688
346889288
347141609
346755080
346966892
346908636
347095171
347637128
347420234
347517179
346513151
347137098
347007865
347431607
347392903
347590403
347311847
346679921
346913642
