1
18662924
18689409
18691936
18647357
18640065
18684143
18666452
18711151
18660942
18712525
18710606
18692099
18705450
18665185
18685076
18716495
18705074
18662543
18642475
18670001
18666877
18657256
18628912
18680664
18680208
18702339
18673571
18696029
18666430
18676576
18671114
18717537
18670173
18703082
18642536
18685206
18657142
18681439
18682638
18721735
18656744
18714491
18657393
18716892
18709038
18643696
18657651
18695606
18685689
18689275
18734107
18626036
18696737
18643982
18675518
18680902
18727493
18701821
18704744
18662774
18707918
18677070
18683292
18643031
18693570
18711310
18701292
18625744
18685813
18672970
18741961
18680226
18657407
18680435
18714311
18702138
18736656
18671249
18718561
18672407
18649033
18704619
18680510
18665597
18708529
18683110
18690472
18696951
18708673
18668739
18698939
18658600
18672453
18685130
18687568
18671150
18662059
18683848
18672987
18680525
18690643
18677885
18648510
18695874
18700508
18711560
18683527
18690104
18650268
18712932
18624757
18676569
18634753
18691350
18629628
18625284
18691111
18737640
18686995
18704721
18646528
18701092
18657971
18678241
18660041
18669508
18662157
18648106
18710086
18669769
18718237
18662381
18641403
18746143
18668202
18700497
18669887
18699122
18632406
18673300
18673842
18681273
18700738
18657382
18658687
18717578
18671583
18666696
18682989
18665228
18673530
18700057
18647785
18689165
18654849
18740466
18662317
18631117
18692594
18686489
18691346
18653401
18701722
18704564
18676212
18728424
18684463
18664798
18698178
18672357
18679262
18668017
18678890
18695569
18700882
18689973
18669876
18665670
18697864
18693990
18687813
18695926
18629381
18659614
18680903
18670817
18702915
18673992
18686397
18697229
18680796
18694738
18659192
18691901
18737523
18687598
18648831
18639017
18684051
18680011
18639690
18649801
18711965
18672219
18694606
18677362
18711966
18688525
18697270
18656095
18714645
18670149
18693020
18653604
18651429
18674748
18673074
18670238
18715207
18655520
18701278
18637363
18712744
18695400
18656671
18673073
18709780
18691099
18701879
18704582
18652187
18690211
18656065
18680839
18686534
18690762
18691302
18688586
18641903
18703622
18675611
18679597
18621484
18707737
18695976
18681751
18607483
18691605
18693716
18738126
18691886
18665609
18684427
18707722
18729454
18737626
18672701
18702891
18671559
18649949
18702938
18689213
18691157
18692602
18705544
18695968
18683997
18668082
18706211
18695303
18656598
18696327
18698264
18688172
18681621
18679681
18681344
18673621
18690619
18712164
18666322
18659227
18702317
18700237
18700080
18684223
18690453
18652719
18686702
18637810
18657935
18652857
18703142
18633118
18628506
18714870
18738067
18689728
18727132
18666731
18674837
18660956
18669865
18684367
18663535
18647226
18651652
18707986
18693257
18687725
18670965
18670548
18747095
18660484
18718724
18674307
18711978
18668171
18697081
18670873
18673335
18683621
18653349
18665401
18722077
18664138
18684575
18705034
18678257
18663424
18707793
18663847
18684132
18660403
18735694
18647385
18632004
18685726
18693776
18700897
18667223
18701834
18677915
18692359
18737150
18699457
18680480
18697292
18662924
18702673
18675379
18663251
18702444
18712109
18668695
18686875
18652212
18696203
18687732
18662858
18701798
18656956
18659142
18671486
18663393
18698844
18675822
18691788
18694755
18685612
18684754
18677405
18678885
18711335
18677696
18652789
18659415
18680361
18674401
18648357
18651823
18691060
18684432
18697305
18682198
18697048
18671004
18692760
18689066
18711189
18680267
18676896
18660902
18676109
18668320
18681701
18662332
18720315
18665368
18708081
18656464
18719486
18696130
18644171
18690553
18692020
18676323
18670156
18716006
18637023
18691859
18643458
18687951
18670406
18714644
18682802
18698747
18663820
18695917
18668749
18679550
18646505
18697144
18699471
18682861
18609219
18698567
18681765
18729086
18679939
18653406
18678738
18686028
18724610
18750642
18691417
18706432
18683957
18672896
18694396
18679238
18669882
18703874
18693936
18692732
18686717
18685383
18694933
18710464
18653213
18710225
18682643
18700411
18686403
18661001
18671980
18675684
18676947
18692887
18671901
18660343
18680939
18710283
18685861
18662568
18700457
18670730
18712142
18624769
18670660
18648122
18690824
18636306
18638925
18709258
18723852
18672042
18727038
18647513
18683129
18672176
18684250
18691207
18628393
18642868
18665245
18707148
18709593
18680598
18673604
18661255
18749559
18650008
18693665
18675413
18701505
18657309
18682951
18655808
18662148
