1
512490026
512333281
513108630
512569221
512687664
512417300
512390329
512648338
513194423
512948350
513343444
512633068
512855431
512036025
511799163
513818808
512741612
513275704
512504978
512597003
513067511
512733634
512229282
512566512
512923947
512726682
513195088
513308124
513150451
512229323
513387648
512276845
512322018
513643493
512531035
513658295
512359932
512610464
513142315
512374006
512478061
512858207
512836290
512928129
513208636
513443699
512595608
512984023
513069739
512050370
