0
174
347
501
661
816
991
1214
1347
1559
1731
1876
2062
2179
2428
2645
2809
2933
3069
3217
3457
3694
3882
4041
4194
4334
4503
4663
4909
5060
5281
5402
5523
5699
5800
5958
6182
6311
6536
6711
6877
7027
7172
7273
7439
7572
7777
7930
8055
8217
8316
8413
8597
8706
8928
9037
9151
9316
9531
9698
9916
10003
10067
10165
10307
10470
10624
10805
11056
11146
11348
11532
11743
11858
12002
12236
12422
12539
12651
12696
12851
12956
13026
13155
13277
13425
13633
13779
14014
14196
14430
14560
14685
14822
15143
15259
15479
15653
15805
15886
16061
16182
16359
16487
16706
16810
16921
17117
17274
17413
17584
17710
17859
18024
18172
18242
18455
18610
18770
18984
19176
19481
19646
19843
20153
20342
20541
20669
20819
21058
21162
21416
21496
21691
21783
21940
22166
22345
22458
22598
22793
22873
23033
23239
23307
23442
23569
23672
23813
23951
24058
24218
24371
24497
24607
24779
24958
25119
25254
25375
25556
25795
25997
26155
26337
26460
26597
26775
26852
27045
27183
27354
27452
27686
27754
27952
28171
28387
28574
28707
28907
29060
29219
29380
29573
29724
29940
30074
30279
30451
30600
30778
30911
31155
31356
31523
31647
31780
31928
32181
32405
32618
32746
32898
33038
33212
33367
33633
33779
33987
34106
34258
34399
34521
34678
34885
35011
35245
35415
35602
35745
35879
35978
36146
36298
36480
36642
36778
36924
37018
37121
37301
37397
37626
37730
37848
38020
38221
38390
38608
38703
38755
38859
38997
39158
39307
39488
39732
39825
40026
40207
40409
40532
40682
40905
41113
41206
41313
41358
41511
41624
41713
41823
41951
42095
42300
42453
42686
42870
43130
43260
43369
43494
43821
43951
44153
44329
44483
44564
44757
44875
45043
45176
45393
45499
45628
45808
45966
46112
46278
46403
46566
46714
46867
46939
47158
47316
47481
47678
47888
48177
48342
48549
48843
49032
49232
49362
49522
49751
49856
50106
50184
50379
50477
50634
50869
51042
51160
51291
51487
51574
51731
51936
52005
52136
52265
52367
52516
52644
52752
52918
53067
53193
53310
53479
53654
53810
53950
54076
54255
54532
54713
54856
55047
55161
55316
55483
55553
55745
55895
56057
56151
56395
56485
56664
56873
57086
57275
57403
57610
57752
57909
58074
58268
58416
58621
58768
58963
59156
59282
59474
59604
59843
60056
60211
60337
60469
60628
60874
61103
61315
61443
61599
61735
61910
62067
62341
62478
62685
62804
62961
63108
63237
63391
63593
63720
63954
64124
64312
64457
64591
64691
64862
65024
65199
65373
65498
65658
65736
65845
66035
66135
66360
66459
66584
66757
66954
67129
67339
67428
67489
67588
67736
67906
68039
68258
68465
68575
68759
68934
69142
69281
69410
69638
69859
69939
70047
70094
70261
70358
70456
70558
70680
70821
71037
71191
71408
71613
71848
71980
72109
72231
72538
72669
72871
73046
73201
73313
73491
73593
73757
73890
74123
74207
74366
74515
74673
74834
74997
75116
75274
75422
75572
75664
75879
76018
76197
76385
76620
76881
77045
77257
77548
77756
77933
78069
78221
78468
78563
78807
78899
79077
79191
79353
79570
79741
79878
79992
80184
80287
80448
