1
346069094
345898896
346117445
345455910
346181053
346301979
346031885
346041916
346197661
346002818
345641648
346179922
345930652
345839166
346215482
345899355
346172529
345868598
345890234
345786035
346244289
345423250
346233458
346422485
345964596
345976092
346234875
345882397
345722214
346045738
346016767
345871579
346263359
345746426
346216723
346155419
345690566
345962029
345960540
345622428
346121743
346346894
346023363
346046890
346264116
346000144
345766823
345901084
346079333
345978471
