0
5653
11131
16621
22011
27584
33077
38635
44296
49805
55030
60496
65984
71380
76866
82239
87581
92927
98265
103507
108846
114436
119865
125366
130817
136223
141622
146889
152350
157991
163579
168924
174398
179863
185293
190863
196306
201603
206860
212204
217769
223147
228409
233821
239022
244641
249968
255387
260791
266108
271826
277477
282970
288428
293912
299260
304642
310252
315586
321068
326427
331417
336570
342072
347590
352980
358628
364134
369921
375192
380395
385810
391055
396572
402005
407518
412489
417837
422985
428483
433655
439278
444818
449860
455494
460991
466485
471995
477414
482957
488359
493555
498984
504326
509899
515053
520435
525885
531138
536608
541862
547135
552343
557902
563106
568494
574049
579307
584688
589934
595592
601236
606774
612034
617469
622909
628217
633416
639072
644305
649744
655193
660566
665914
671355
676598
681925
687240
692518
697892
703365
708801
713943
719266
724515
730076
735538
740833
746235
751618
756949
762357
767769
773294
778651
783955
789657
794960
800490
805863
811297
816962
822416
827888
833252
838563
843814
849170
854366
859763
865043
870326
875762
881090
886697
892344
897658
902878
908288
913590
918909
924374
929678
935439
940904
946414
951870
957347
962612
968217
973913
979348
984891
990193
995721
1001296
1006762
1012492
1017976
1023225
1028769
1034228
1039562
1045185
1050445
1055815
1061155
1066514
1071752
1077160
1082709
1088121
1093529
1098942
1104464
1109819
1115005
1120489
1126069
1131773
1136999
1142481
1147903
1153415
1159040
1164421
1169819
1175032
1180373
1185847
1191257
1196545
1201903
1207087
1212715
1217968
1223435
1228665
1234039
1239765
1245449
1250911
1256410
1261906
1267230
1272557
1278127
1283424
1288905
1294209
1299227
1304372
1309869
1315354
1320792
1326367
1331975
1337707
1342995
1348238
1353646
1358832
1364346
1369737
1375340
1380168
1385533
1390686
1396170
1401404
1406964
1412502
1417592
1423245
1428740
1434252
1439745
1445187
1450754
1456099
1461295
1466704
1472050
1477617
1482801
1488225
1493710
1498979
1504410
1509667
1514865
1520152
1525626
1530845
1536193
1541847
1547119
1552393
1557648
1563251
1568874
1574426
1579655
1585151
1590579
1595956
1601146
1606836
1612071
1617489
1622944
1628401
1633690
1639044
1644181
1649606
1654912
1660212
1665638
1671079
1676532
1681709
1686980
1692317
1697833
1703286
1708550
1713956
1719320
1724623
1730044
1735513
1740989
1746369
1751670
1757356
1762737
1768174
1773553
1779007
1784656
1790126
1795570
1800975
1806272
1811448
1816806
1821986
1827352
1832689
1837978
1843348
1848720
1854309
1859909
1865254
1870522
1875868
1881176
1886462
1891936
1897157
1902881
1908344
1913877
1919305
1924737
1930015
1935621
1941282
1946730
1952279
1957582
1963118
1968703
1974227
1979900
1985314
1990598
1996062
2001585
2006894
2012478
2017856
2023115
2028481
2033870
2039126
2044526
2050128
2055468
2060870
2066346
2071850
2077172
2082390
2087894
2093438
2099184
2104372
2109802
2115160
2120682
2126252
2131603
2136983
2142181
2147535
2153047
2158468
2163794
2169169
2174322
2179987
2185269
2190674
2195910
2201266
2207020
2212700
2218095
2223646
2229107
2234413
2239743
2245331
2250691
2256175
2261463
2266545
2271700
2277153
2282647
2288070
2293633
2299333
2305033
2310284
2315492
2320909
2326099
2331622
2337058
2342566
2347455
2352676
2357867
2363334
2368631
2374215
2379761
2384910
2390518
2396040
2401568
2407057
2412584
2418106
2423528
2428782
2434210
2439523
2445003
2450233
2455635
2461055
2466348
2471736
2477032
2482254
2487575
2493060
2498235
2503599
2509293
2514562
2519865
2525112
2530760
2536413
2541969
2547201
2552657
2558104
2563413
2568564
2574203
2579453
2584910
2590349
2595828
2601097
2606542
2611679
2617112
2622442
2627719
2632992
2638488
2643851
2649057
2654399
2659757
2665224
2670684
2675919
2681429
2686808
2692105
2697500
2702868
