1
18839861
18940167
18976311
18881062
18920584
18991687
18901007
18936745
18905852
18891462
18903894
18906642
18916740
18936153
18898991
18940451
18935417
18915968
18915663
18966762
18858137
18918303
18918218
18967284
18952980
18940438
18921743
18888314
18881811
18904678
18904474
18938954
18882255
18926690
18970460
18949761
18862963
18932697
18850915
18856050
18935440
18920698
18879562
18863962
18948504
18963401
18920501
18965250
18946998
18868879
18921592
18934156
18952049
19011373
18919242
18885266
18876396
18954968
18937771
18914189
18918609
18881773
18894382
18941136
18991184
18933429
18969357
18892285
18917031
18868139
18934010
18918929
18945246
18899185
18908099
18917835
18935003
18956004
18874329
18903941
18925225
18985461
18903853
18912254
18893624
18925367
18910127
18979688
18942283
18925295
18905225
18884196
18931254
18856765
18948354
18954509
18978612
18893655
18924702
18895413
18890455
18943831
18957753
18977755
18924827
18954886
18977698
18951259
18914579
18981099
18900666
18887918
18931153
18950537
18942353
18929338
18911838
18961555
18884557
18959981
18907151
18886675
18956122
18872878
18976219
18947831
18900810
18961154
18886650
18865301
18938779
18977338
18934312
18904408
18943617
18947301
18918298
19006849
18931889
18901365
18935953
18878980
18899244
18977852
18920548
18925938
18930067
19000068
18940050
18836866
18870254
18950076
18968977
18949310
18955102
18953035
18948005
18875045
18873714
18935104
18937038
18920952
18899625
18923136
18927045
18907855
19011499
18888493
18954305
18921238
18905450
18887350
18937081
18971600
18888608
18936445
18933835
18919519
18862103
18866386
18933068
18970444
18888947
18916198
19005551
18912675
18922537
18905198
18903122
18902393
18918448
18903384
18947660
18920595
18928196
18952391
18904056
18924040
18939564
18865118
18905227
18914949
18959327
18968624
18935523
18914421
18876028
18876044
18905945
18906920
18946618
18882755
18935878
18960133
18951534
18851566
18939424
18831142
18857531
18949609
18931187
18884463
18877628
18945445
18979178
18909370
18976772
18940332
18883734
18926703
18933955
18955104
19021131
18920411
18876389
18882869
18955428
18915840
18937340
18923483
18879817
18890993
18930089
18972180
18960933
18972344
18890897
18909279
18877819
18919542
18912800
18925715
18892628
18919271
18909509
18942112
18945774
18877645
18910130
18931556
18961551
18911271
18910416
18912096
18928144
18903025
18982896
18925828
18896843
18902342
18904618
18925051
18858016
18957298
18977826
18963201
18886328
18924802
18899073
18884028
18933081
18964858
18978272
18909357
18965043
18961764
18953426
18917306
18986982
18893283
18902377
18935495
18957085
18946522
18934206
18915152
18965760
18880316
18979483
18888394
18904044
18948749
18870562
18973335
18946386
18903915
18943138
18886519
18862280
18906181
18979031
18942133
18899826
18937072
18955398
18931575
18992840
18907878
18917172
18923811
18867669
18938765
18952534
18933708
18915564
18922609
19017936
18921703
18847370
18868763
18955822
18957475
18980265
18940158
18947372
18932611
18876011
18877944
18944828
18937079
18953364
18885911
18921982
18930758
18921778
19015320
18889038
18944997
18889731
18932182
18874958
18959426
18966612
18895663
18914884
18957855
18922282
18862880
18859401
18939500
18977662
18872491
18919001
18988405
18911699
18923796
18897751
18916858
18897320
18898318
18926377
18939546
18911991
18925672
18959283
18910444
18921624
18948696
18858173
18915548
18908597
18963608
18976085
18933798
18906939
18883252
18875697
18910510
18897464
18943154
18883664
18932811
18944760
18964824
18854339
18926232
18815830
18871612
18953017
18920545
18882702
18866882
18949061
18962089
18903890
18958322
18936760
18873191
18927664
18928779
18966070
18995672
18920229
18855414
18899915
18942930
18919681
18933923
18903770
18887165
18912147
18949780
18989609
18919942
18967827
18890063
18930785
18881140
18911392
18928632
18926104
18918290
18914779
18914150
18945112
18951139
18877471
18898582
18949865
18935083
18919149
18914698
18893650
18936060
18899987
19004510
18934573
18885031
18900477
18901014
18914524
18866470
18951499
18970021
18952189
18880710
18946115
18880498
18901881
18938940
18960029
18981606
18910302
18960311
18974565
18948830
18919641
18977306
18890549
18897855
18920562
18947386
18925832
18932428
18925058
18942272
18895233
18984703
18887411
18891863
18948625
18880647
18953515
18963646
18906787
18937808
18894605
18852077
18909801
18983781
18941426
18904054
18940578
18950933
18918477
19007207
18898648
18938797
18906654
18872852
