1
347669412
348014965
347446946
347764338
347579739
347659640
347452010
347759637
347765028
347542824
348114392
347760147
348067752
347772664
347399976
347510543
347292364
347210229
347762379
347538607
347179495
347779765
347470563
347521424
347555647
347778726
347802782
347687553
347900996
347889118
347874167
347252357
347022107
347511232
347050937
347237406
347624493
347179420
346848193
347818288
347515804
347403431
347558332
347909344
347675482
347631621
347945516
347527588
347615125
347015533
