1
18960611
18920495
18911915
18888125
18921696
18934054
18923882
18970736
18947547
18945878
18978596
18925109
18943850
18951175
18961111
18911532
18893471
18962967
18946492
18923176
18921000
18923070
18924930
18957290
18944172
18884511
18933272
18873052
18937542
18953184
18974809
18895375
18944060
18846152
18891027
18929818
18953689
18936072
18913768
18913258
18937492
18954750
18992717
18908383
18939159
18869412
18895587
18958851
18949301
18938255
18932668
18912430
18983724
18870563
18890940
18900877
18939145
18958346
18965537
18963972
18919744
18956021
18839104
18915698
18934711
18910103
18951243
18923510
18924017
18892965
19001805
18940822
18890954
18959135
18908878
18899249
18903037
18950121
18952934
18901712
18943383
18937408
18909942
18873221
18870526
18941693
18937625
18914852
18923476
18966535
18959042
18886147
18927797
18869933
18881062
18938382
18930776
18929596
18900479
18940185
18942530
18937153
18932851
18848269
18947177
18940516
18874969
18972293
18983609
18921421
18904759
18847159
18930333
18857147
18926197
18916335
18931943
18924757
18961248
18898051
18850754
18932320
18817935
18906450
18967303
18908798
18868068
18893867
18966245
18964666
18924863
18939586
18921725
18884973
18941664
18967998
18932554
18993809
18867516
18889491
18891110
18966504
18927117
18935128
18875948
18924142
18907909
18956092
18997745
18885589
18970472
18875862
18940524
18853283
18916206
18945950
18918728
18893974
18909824
18916065
18978314
18877745
18888108
18936480
18934070
18952248
18908311
18923225
18920868
18883130
18954099
18974264
18920641
18886454
18913969
18908298
18892505
18928111
18967538
18942179
18941869
18900566
18878116
18930939
18927829
18939006
18976862
18962530
18926078
18994506
18927664
18934437
18944864
18940998
18911764
18892895
18955233
18938321
18932905
18906937
18926784
18911969
18971858
18913340
18893221
18941337
18860868
18948529
18954275
18963543
18893089
18948729
18842331
18886821
18945583
18969088
18915272
18950379
18907910
18945797
18966883
18975663
18914558
18942431
18855130
18889587
18979166
18947175
18923228
18948845
18947932
18968787
18884402
18866588
18924861
18957054
18945929
18960754
18959773
18941286
18930311
18856472
18898623
18949576
18903363
18955999
18915468
18911066
18906244
19016443
18925066
18913649
18934330
18906503
18903341
18910907
18947451
18941573
18905090
18931359
18931813
18897553
18887664
18867187
18939984
18932938
18909344
18943568
18945434
18936151
18906424
18911642
18888085
18883335
18938585
18917496
18917984
18927248
18941748
18941493
18932654
18926648
18859616
18932991
18932454
18895695
18961316
18983643
18918715
18892527
18854559
18953071
18828669
18964616
18904489
18939475
18932118
18953584
18886202
18860538
18923104
18819620
18901624
18965156
18918887
18883337
18884841
18972050
18960070
18934101
18948927
18929299
18899020
18954777
18964073
18942119
18988731
18875919
18879211
18914017
18951529
18928982
18935688
18895372
18895331
18918686
18946664
18996764
18899129
18952371
18894169
18932074
18852012
18918956
18942526
18912170
18883074
18918222
18914435
18985882
18878747
18882846
18945847
18934725
18934400
18888819
18931551
18922173
18892750
18945415
18973554
18915937
18881679
18909161
18912877
18887651
18927820
18982198
18943702
18936822
18914309
18883297
18922796
18912897
18946008
18965953
18953338
18943922
18973733
18942716
18935776
18950346
18950946
18900243
18898633
18969809
18940003
18941481
18890426
18933287
18936762
18984221
18913791
18877524
18939234
18857048
18954521
18963232
18954322
18882000
18958414
18828596
18895887
18939894
18948247
18910572
18955431
18919017
18939021
18951880
18981825
18915563
18926668
18868094
18880855
18987595
18939468
18931614
18924493
18955361
18958582
18885925
18874159
18905704
18956558
18936338
18956798
18974399
18908030
18924082
18866863
18912766
18948487
18881516
18954623
18919949
18934319
18888378
19032395
18919906
18914238
18937594
18895464
18895638
18925685
18926776
18960140
18895521
18934250
18960284
18881427
18880601
18860460
18961175
18928652
18892724
18969969
18941030
18940846
18881509
18943316
18878519
18876686
18947988
18916842
18934993
18909372
18938246
18947676
18919586
18917038
18867426
18936988
18933781
18905790
18980541
18965166
18915687
18899219
18839130
18948506
18840119
18957213
18900785
18944764
18892878
18973764
18884854
18862661
18934040
18831605
18915978
18942152
18896216
18895743
18896289
18938595
18958597
18954649
18947033
18912536
18884608
18941507
18956333
18944649
18976698
18872824
18886851
18917844
18955680
