0
124579
250037
375357
499680
624696
749276
873948
999513
1125001
1249519
1374527
1499427
1624421
1749206
1874525
1999633
2124659
2250165
2375877
2500671
2626184
2751366
2876833
3001276
3126628
3251066
3375632
3500807
3625970
3751358
3876704
4001633
4126235
4251109
4375995
4501161
4625671
4750607
4874818
4999029
5124568
5249853
5374632
5499170
5623990
5749190
5873651
5998804
6124218
6249220
6374446
6499941
6624270
6749447
6874637
6999462
7124663
7250472
7375386
7499728
7624644
7750116
7874935
7999949
8125686
8250707
8375075
8500500
8624718
8749644
8874887
8999313
9124262
9248717
9373671
9498468
9624042
9749197
9873734
9999257
10123781
10248533
10374075
10499592
10625024
10749934
10875575
11001331
11126030
11250818
11376295
11501675
11626425
11751587
11876441
12001467
12126104
12251334
12376018
12500576
12625813
12750418
12875582
13000271
13125225
13250059
13375327
13500457
13624997
13750127
13874548
14000345
14124645
14248937
14373482
14498341
14623660
14748383
14873937
14998648
15123319
15248047
15373024
15497655
15623039
15749177
15874282
15999567
16124315
16249909
16375244
16500410
16626234
16751221
16876478
17001798
17126647
17251641
17376742
17501693
17626645
17751957
17876678
18001496
18125997
18250910
18375823
18501333
18626866
18751209
18875999
19001804
19126445
19251851
19377605
19502532
19627097
19752198
19877596
20002372
20127155
20251314
20376681
20500416
20624959
20750082
20874777
20999629
21124942
21250046
21375474
21499768
21624615
21750036
21875397
21999949
22125362
22250591
22375796
22500945
22626190
22751553
22876444
23001279
23126293
23251441
23376871
23501659
23626711
23751270
23876513
24001469
24126283
24252044
24377189
24502197
24627732
24752777
24877779
25003359
25128125
25253809
25378172
25504527
25629087
25753391
25878015
26003201
26128713
26253840
26379359
26503921
26629016
26753769
26879122
27003667
27129112
27253786
27378279
27504003
27629797
27754149
27878801
28003772
28128990
28253779
28379025
28504654
28629580
28754609
28879895
29004666
29129426
29254531
29379220
29503668
29629443
29754128
29878734
30003879
30128701
30254153
30378766
30504489
30629606
30754175
30879621
31004874
31130112
31254932
31379849
31504742
31629314
31754420
31879151
32004507
32129687
32254402
32379955
32504484
32629097
32754646
32880027
33005340
33129866
33255562
33380869
33505518
33630217
33755868
33881158
34005614
34131121
34256471
34381396
34506352
34631315
34756288
34880867
35005553
35130315
35255177
35379991
35505252
35630354
35755107
35880173
36004523
36129671
36254396
36379630
36504214
36628583
36753757
36879081
37004285
37128768
37254240
37378801
37503471
37628442
37753264
37878033
38003328
38129341
38254412
38380336
38505224
38630935
38755871
38880757
39006285
39131763
39257185
39382518
39507431
39632465
39757270
39882541
40007437
40132800
40257301
40382035
40506252
40631229
40756634
40882205
41007726
41131983
41256742
41382424
41507081
41632735
41758778
41884101
42008457
42133607
42258782
42383322
42508572
42632745
42758158
42882200
43006911
43132564
43257058
43381932
43506931
43631917
43756986
43881141
44006075
44131097
44256589
44381056
44505938
44631373
44756554
44881284
45006736
45131581
45256152
45381155
45505926
45630631
45756210
45881458
46006105
46131033
46255868
46380739
46505489
46631234
46755908
46881236
47006909
47132285
47257165
47382603
47507927
47633455
47757748
47882802
48007526
48132129
48257348
48382440
48507900
48633065
48757915
48882467
49007411
49132409
49257462
49381661
49506826
49630940
49755220
49880956
50006305
50130930
50255513
50380241
50505324
50629728
50755174
50880406
51005405
51130846
51256206
51380390
51505624
51630887
51755619
51881008
52006936
52131380
52256168
52380944
52506298
52631288
52756346
52882390
53007029
53131706
53256727
53381234
53506121
53631412
53756019
53880820
54005273
54130001
54254997
54380498
54505818
54630278
54755920
54880560
55005281
55130660
55256172
55381732
55506528
55632228
55757867
55882430
56007483
56132937
56258202
56382750
56507886
56632949
56757866
56882544
57007686
57132398
57257026
57382179
57506709
57631764
57756473
57881428
58006044
58131344
58256634
58380947
58506176
58630748
58756369
58880659
59005055
59129369
59254517
59379744
59504352
59629887
59754518
59879288
60004225
60128768
60253663
60379234
60505202
60630282
60755626
60880593
61006029
61131343
61256269
61381989
61507368
61632824
61757986
61882725
62007683
62132626
62257638
62382683
62508132
