0
458
955
1418
1841
2272
2653
3068
3548
3986
4354
4757
5180
5576
6008
6439
6849
7307
7727
8129
8491
8887
9341
9754
10187
10550
10871
11247
11645
12063
12470
12862
13353
13819
14285
14746
15119
15523
15897
16275
16753
17189
17606
18029
18464
18885
19322
19763
20189
20599
21072
21447
21803
22222
22620
23078
23502
23920
24364
24834
25212
25589
26048
26488
26977
27437
27833
28332
28673
29104
29557
30011
30405
30768
31153
31678
32108
32470
32889
33337
33787
34182
34687
35116
35490
35966
36454
36905
37239
37656
38163
38664
39067
39478
39912
40391
40822
41249
41678
42199
42621
