1
322373028
322410342
322319362
322454909
322579156
322733642
322506279
322617473
322585665
322246409
322646097
322446139
323102871
322763638
323110667
322883884
322589844
322337551
322354129
322511577
322505776
322359895
322633071
322452579
322426920
322760279
322744508
322364473
322549498
322727309
322878646
322881487
322932219
322892111
322444750
322668766
322134869
322570054
322603861
322319731
322452385
322556176
322476657
322667169
322819472
322240614
322480697
322741281
322862543
322825778
