1
20110550
20081665
20107583
20086445
20099868
20101072
20082597
20070208
20105746
20091173
20078435
20107966
20101383
20099737
20140877
20089640
20064182
20061401
20059042
20054368
20107429
20060079
20032304
20043341
20112735
20076943
20058303
20120254
20113623
20133432
20083947
20123543
20107759
20016351
20114461
20077405
20094641
20115258
20085901
20075668
20037405
20039771
20052416
20100009
20075697
20076020
20093020
20102321
20089810
20074754
20069678
20103641
20092695
20142572
20093216
20065627
20078386
20091413
20108435
20079906
20065655
20111004
20102565
20114447
20051983
20115259
20099242
20074438
20112591
20094374
20081752
20032918
20081093
20111689
20166779
20091200
20141723
20090129
20126041
20074664
20126041
20122109
20089182
20137510
20094544
20109788
20115031
20055108
20078999
20044295
20099291
20049419
20078989
20088004
20094813
20093127
20103718
20081251
20109862
20120102
20122127
20053093
20097997
20085142
20093003
20075694
20075087
20070605
20098991
20073239
20109790
20046193
20032147
20058907
20066845
20093041
20052577
20127552
20108893
20071165
20092826
20170004
20058962
20048126
20087690
20082783
20094462
20135383
20088486
20093530
20060770
20066326
20064947
20066841
20057192
20117254
20007428
20097202
20046912
20057591
20089404
20068855
20048422
20097289
20066164
20117764
20125213
20091000
20072566
20124925
20087605
20059879
20045225
20110426
20114247
20065463
20108947
20084214
20123576
20116320
20092367
20067352
20108158
20181833
20054728
20091815
20115651
20073554
20078636
20064060
20060512
20079926
20087082
20096135
20111762
20027428
20096027
20105991
20081263
20108907
20086706
20094365
20089525
20066388
20073421
20053082
20101757
20097370
20074943
20035550
20090853
20114099
20075988
20097469
20061588
20075732
20094044
20062361
20070923
20069592
20067029
20054105
20085739
20093000
20050835
20095303
20113086
20083807
20104981
20084546
20122162
20099741
20025558
20072936
20093326
20059312
20065388
20099990
20058268
20054769
20051736
20047044
20096404
20074022
20146257
20146080
20145178
20050543
20034683
20133892
20054882
20125820
20127065
20061275
20112713
20076108
20114447
20087291
20095123
20115822
20118016
20088288
20103471
20083702
20083154
20110385
20083004
20094540
20044312
20061652
20061889
20109248
20105309
20164935
20071444
20164079
20057836
20096436
20063808
20084363
20127262
20078381
20127390
20102256
20112024
20123383
20062196
20065850
20081437
20104166
20062648
20047296
20071626
20067393
20079077
20093718
20085639
20173886
20086195
20090050
20052501
20128863
20068861
20102609
20066420
20111781
20099652
20097905
20088754
20118216
20075513
20071732
20066888
20097167
20098944
20039678
20104831
20074186
20067058
20048367
20125718
20074047
20087985
20056628
20050749
20100456
20090142
20074701
20084606
20081471
20055992
20108663
20075905
20076986
20063457
20096256
20081022
20069795
20103766
20100524
20070760
20079433
20104024
20044703
20099412
20113417
20109376
20063648
20105419
20106782
20045664
20113320
20093781
20165482
20074903
20097259
20076669
20113968
20076984
20150969
20072367
20106801
20137047
20085921
20112084
20135101
20028257
20081885
20056916
20062206
20058033
20100305
20115595
20103479
20107884
20067002
20121541
20062865
20108202
20121485
20112398
20056112
20078717
20113044
20057260
20082581
20106735
20058785
20054431
20057749
20090265
20054794
20118155
20066481
20074451
20052640
20056012
20073949
20080642
20095083
20058697
20050381
20092172
20042091
20044453
20120939
20108296
20137213
20092843
20121030
20085985
20041878
20076147
20062788
20129868
20074794
20087178
20019837
20048195
20087270
20044602
20093619
20071058
20110713
20119380
20104967
20074796
20077884
20067630
20145779
20087807
20136480
20090906
20087819
20055822
20080081
20074423
20110105
20071475
20104977
20081152
20089878
20084197
20057985
20058756
20093656
20097857
20069165
20066149
20058608
20127951
20108239
20179251
20104122
20147030
20091967
20140830
20118089
20113528
20124477
20073992
20117339
20087722
20069943
20094064
20066910
20071628
20044072
20104894
20043856
20086327
20096906
20114613
20082921
20102875
20102795
20114132
20163819
20141940
20037722
20058522
20085099
20097148
20081164
20089908
20084460
20151530
20042416
20135462
20049365
20058685
20086416
20073678
20026860
20074704
20108133
20116597
20103053
20125008
20165664
20087500
20082922
20063102
20081708
20084310
20131462
20118386
20106417
20117592
20054841
20083095
20066114
20061903
20098841
20079270
20083165
20091968
20090883
20067132
20063934
