1
17381392
17325315
17403211
17466959
17332654
17323392
17452007
17349306
17301690
17383197
17430662
17470206
17366516
17398540
17331534
17405232
17349466
17423514
17232329
17432595
17419040
17385640
17336130
17235056
17347518
17390756
17416684
17350730
17376678
17410583
17285157
17370629
17484518
17291228
17366833
17311492
17372613
17511000
17513026
17417948
17327029
17289831
17346949
17428681
17381801
17451172
17328145
17366004
17375841
17311320
17322234
17304012
17286198
17413317
17316378
17404408
17419116
17413193
17438688
17441473
17375100
17468011
17292185
17324493
17364420
17295900
17272884
17435478
17191881
17418844
17361110
17416271
17381616
17438987
17328346
17459838
17476296
17444760
17375994
17386432
17407847
17268780
17408866
17372235
17298037
17335164
17300964
17382960
17310525
17428923
17467741
17365073
17379640
17341197
17411652
17446726
17392987
17327657
17334660
17344693
