1
512139818
513062827
512530024
512803430
512216823
512954763
512323105
512154237
513851798
513198253
512317992
513060431
512172727
511775441
513946616
512889436
512932275
513162163
512745496
513028495
512764547
512508041
512712001
512804878
512623152
512577205
514055826
512629445
512715129
512817094
512315458
512374339
514018973
512889457
512751713
513057856
512684524
513472630
512782155
512418716
512848771
513257594
512193007
512960153
513571684
513275995
512716712
512852531
512313963
512145554
