1
329265412
328837763
328562692
328714487
329248384
328652493
329545115
329176255
328600526
329456822
329140272
329568437
328817722
329518511
328999338
329072222
328938931
329385252
329418599
328788219
328934575
329113039
329266352
329173315
329859052
329317911
328894064
329582136
329354800
329578521
329071364
329309850
329139760
329176548
328781030
329392102
329372071
328804936
328981001
329101876
329364111
329233393
329813243
329109789
329047555
329440893
329408705
329669082
329028210
329252129
