0
235
391
648
841
1021
1238
1386
1597
1773
1955
2105
2286
2507
2752
2964
3120
3356
3605
3856
4055
4247
4454
4762
4980
5199
5421
5644
5865
6111
6346
6482
6677
6820
7108
7311
7494
7735
7891
8190
8375
8584
8806
9030
9182
9323
9582
9737
9993
10150
10316
10496
10733
10914
11221
11393
11608
11822
12066
12238
12459
12645
12857
13087
13291
13490
13635
13805
14074
14248
14451
14629
14950
15210
15383
15548
15759
15928
16128
16308
16495
16693
16922
17200
17379
17554
17751
17925
18090
18235
18408
18642
18854
19092
19247
19476
19600
19759
19975
20155
20316
