1
347311490
346653256
347685074
347888786
348179369
347540377
347883882
347446194
347542585
347428920
347962195
347949720
347233185
347368624
347780274
347536771
347592722
348210347
347847628
347424938
347940979
347963283
348188170
347723458
347700892
347560415
347571922
347511476
347919552
347862034
347324307
347550579
347630064
347762490
347593662
348352388
347773558
347490947
347965110
347828600
348269500
347891086
347588410
347484081
347665271
347397557
348098875
347748774
347520907
347474444
