1
18440139
18475322
18454524
18462640
18438490
18469993
18452043
18499435
18472599
18399240
18438925
18455632
18465542
18441426
18457111
18422796
18439179
18421725
18488387
18449303
18449873
18457724
18474645
18450982
18444441
18445869
18467896
18486419
18445505
18459405
18453974
18460958
18421141
18411277
18449907
18456692
18430701
18497763
18462115
18404415
18470684
18442221
18481049
18452516
18437726
18501362
18444213
18486916
18445899
18489016
18484033
18422493
18435643
18423670
18472689
18427182
18429545
18461445
18460559
18464342
18457117
18419622
18406010
18466134
18429468
18449756
18483538
18422354
18402846
18487833
18452888
18491773
18480430
18492845
18448457
18396381
18448848
18447082
18460203
18496003
18485331
18455070
18445165
18426040
18433578
18443888
18460228
18441117
18502317
18441430
18458998
18480892
18428073
18394226
18457891
18477721
18405918
18486127
18449860
18448235
18480425
18461902
18478281
18433524
18423304
18479572
18427241
18424491
18446547
18444719
18469056
18459148
18425604
18428077
18450019
18412316
18446859
18440092
18456506
18432484
18435694
18419094
18421644
18401051
18402350
18448004
18450637
18443418
18446746
18399230
18404546
18433306
18463399
18450626
18475928
18442282
18506674
18415087
18462854
18417830
18429408
18397489
18440920
18408983
18430733
18493966
18452827
18440107
18479225
18462068
18481746
18473013
18454807
18468998
18448719
18443539
18429304
18452169
18437308
18452654
18438522
18483573
18444162
18455501
18450534
18430638
18457256
18410438
18469133
18462482
18415179
18460664
18472396
18433121
18456115
18432707
18420486
18441824
18448690
18426548
18455921
18461223
18448001
18437174
18445445
18448036
18473984
18425799
18397212
18426045
18439274
18428334
18409323
18442514
18395569
18408726
18420697
18469722
18438765
18424290
18437594
18433677
18418414
18433166
18436128
18441569
18468454
18431586
18452495
18430883
18455315
18434411
18373718
18450988
18429341
18441087
18481271
18449710
18434798
18480411
18449624
18483212
18463428
18446035
18468333
18465567
18469750
18437299
18492631
18472226
18416851
18434998
18448049
18463443
18430294
18438764
18449673
18460821
18462944
18439930
18401832
18411162
18474442
18434068
18489992
18463442
18416357
18432101
18451340
18483614
18467424
18499185
18493091
18449392
18426424
18493623
18434209
18438973
18482395
18480591
18461057
18451787
18428861
18462722
18460772
18462702
18400846
18459345
18414304
18463330
18467015
18425424
18399787
18442945
18477146
18418300
18491421
18432643
18454936
18486758
18479984
18472783
18417525
18400816
18441246
18405842
18442949
18427038
18426395
18449877
18454099
18432316
18439704
18403359
18444168
18435486
18450437
18472219
18422969
18451416
18410858
18423484
18388151
18398879
18452426
18446424
18436733
18450213
18419157
18385711
18464308
18463078
18424688
18449935
18437051
18476342
18426163
18448678
18434198
18432005
18401397
18422430
18418475
18434605
18478971
18393379
18422779
18483254
18438828
18450382
18453067
18472667
18475338
18435675
18456450
18437800
18433413
18436593
18470266
18455862
18479253
18458564
18460341
18434202
18424625
18440130
18431085
18429038
18433998
18386497
18452850
18441573
18432172
18437138
18449766
18413613
18447868
18431158
18430123
18455769
18450353
18452342
18416219
18481260
18445779
18457969
18438460
18372811
18418054
18438297
18417585
18415400
18444405
18406413
18420394
18424079
18460680
18436396
18453688
18421696
18426330
18445170
18429042
18417603
18451287
18447987
18455068
18429978
18437159
18394072
18403103
18373383
18431239
18423315
18423559
18470474
18425611
18431207
18493711
18451687
18475458
18431243
18452740
18479957
18469363
18482308
18465416
18495111
18497769
18414859
18460254
18428651
18474873
18418537
18441984
18454953
18460911
18434625
18450259
18407821
18448489
18446304
18401520
18490643
18458751
18414590
18433024
18468143
18462523
18461905
18460669
18498928
18441252
18384540
18469547
18438810
18447706
18494561
18428392
18428592
18424815
18401864
18439883
18408008
18455535
18412906
18479080
18414709
18447463
18445314
18406564
18383020
18431920
18470982
18382439
18481070
18415413
18419003
18454988
18482461
18459125
18396584
18422583
18438253
18430581
18451881
18459409
18448904
18461581
18436382
18434347
18423534
18394317
18444270
18415439
18435427
18475874
18434777
18427606
18378225
18441300
18396153
18396040
18458766
18456103
18427475
18439571
18412510
18407318
18428261
18457607
18440243
18457234
18437544
18468402
18419425
18456797
18429061
18426235
18401482
