1
347377351
347005402
346939212
347279122
347147122
346992666
347037941
346970544
347009788
346760460
347737860
347798201
347546845
347555871
347684407
347676029
347756400
347279587
348009252
347609963
347578005
347865404
347472896
347151736
347349016
347121109
346746223
347330254
347918150
347843325
347516980
347650599
347618682
347625163
347585928
347466716
348127053
347274186
347660402
347935559
347864302
347356809
347644304
347673650
347397854
347545868
348000749
347984417
347199916
347672402
