1
512805191
512437975
511817109
512424998
512909781
512229981
512884804
512479226
511362569
513748777
512309901
512441880
513057434
512523229
512986118
513018526
512305182
511384140
513086944
512420275
511665004
512303529
513166266
512197266
512770719
512316547
511796640
513431090
512184870
512446403
513192993
512430431
512724607
513646328
511941976
511608153
513309749
512566734
511507422
512376626
512940913
512227212
513087036
511815415
512374080
513556917
511671536
513050160
512982930
512719036
