0
132
244
370
494
662
756
963
1093
1233
1409
1523
1664
1838
2017
2074
2266
2431
2590
2761
2879
3084
3319
3532
3650
3803
3978
4072
4180
4392
4561
4706
4877
5046
5185
5292
5459
5633
5751
5907
6073
6250
6374
6536
6687
6853
7042
7170
7282
7477
7611
7770
7909
8109
8273
8443
8577
8825
8972
9162
9312
9486
9720
9901
10072
10238
10404
10471
10608
10704
10850
10943
11060
11260
11419
11619
11836
12009
12154
12299
12435
12527
12706
12822
13042
13253
13407
13539
13711
13812
14024
14243
14424
14725
14882
15169
15381
15585
15834
15973
16124
16358
16536
16714
16889
17086
17161
17312
17475
17586
17761
17966
18132
18271
18445
18637
18795
18888
19107
19253
19512
19632
19810
19938
20104
20335
20468
20600
20701
20900
21088
21238
21308
21502
21594
21806
21914
22098
22218
22415
22636
22872
23083
23321
23432
23552
23722
23899
24071
24187
24296
24460
24546
24723
24903
25113
25324
25532
25694
25797
25895
26051
26194
26376
26571
26690
26776
26921
26966
27153
27325
27475
27691
27798
27995
28195
28367
28506
28702
28902
29032
29144
29284
29399
29574
29688
29873
30006
30140
30321
30425
30577
30741
30914
30987
31167
31333
31493
31658
31787
31997
32217
32425
32543
32692
32873
32970
33073
33280
33459
33615
33767
33937
34087
34181
34356
34521
34643
34808
34987
35141
35284
35442
35573
35758
35928
36060
36172
36366
36507
36665
36816
37024
37176
37363
37483
37723
37868
38063
38209
38406
38624
38813
38981
39138
39308
39386
39514
39627
39752
39853
39980
40178
40317
40534
40732
40919
41045
41197
41330
41436
41600
41717
41936
42146
42298
42439
42624
42738
42956
43143
43321
43624
43807
44094
44294
44484
44738
44872
45021
45255
45440
45626
45804
45978
46061
46207
46372
46486
46670
46898
47041
47164
47339
47541
47701
47780
47998
48145
48414
48544
48726
48850
49017
49240
49367
49495
49599
49797
49995
50132
50204
50397
50488
50701
50824
51001
51139
51326
51537
51777
51986
52227
52336
52454
52631
52800
52975
53087
53196
53369
53458
53641
53804
54022
54241
54440
54585
54708
54801
54952
55085
55275
55463
55579
55664
55812
55857
56043
56225
56368
56587
56697
56900
57099
57266
57406
57602
57829
57943
58057
58190
58304
58490
58615
58779
58910
59056
59228
59347
59501
59673
59827
59907
60082
60245
60426
60572
60702
60922
61146
61347
61459
61635
61791
61887
62000
62201
62408
62538
62685
62853
63005
63101
63285
63438
63564
63727
63902
64054
64193
64355
64500
64682
64837
64968
65081
65280
65422
65579
65725
65962
66079
66270
66386
66637
66778
66968
67124
67315
67537
67711
67916
68050
68219
68308
68411
68543
68652
68756
68909
69084
69228
69440
69642
69835
69976
70104
70249
70379
70516
70631
70847
71075
71212
71364
71529
71642
71892
72054
72248
72530
72706
73011
73215
73398
73641
73779
73937
74158
74355
74530
74727
74893
74985
75115
75289
75398
75603
75803
75972
76077
76255
76457
76637
76694
76930
77071
77321
77457
77634
77761
77925
78152
78276
78401
78522
78703
78903
79042
79137
79306
79400
79610
79733
79912
80051
80245
80455
80696
80902
