1
347552711
347930957
348050708
347314885
347621063
347996537
347892796
347155972
347521130
348202499
347347850
347501417
348053896
347872479
347344936
347796021
347535729
347401978
347638941
347854342
347941119
347256859
347697033
347835178
347827881
347218700
347534122
348304089
347308237
347582102
347899580
347654877
347495099
347604467
347541876
347333769
347830539
347836742
348065686
347044704
347603664
347827358
348016720
347231112
347444068
348361372
347193570
347765559
347781669
347641832
