0
130297
260165
390035
519966
650052
779737
910110
1040273
1170511
1300522
1430725
1561210
1691643
1822298
1952354
2082439
2213285
2343064
2473378
2604085
2734274
2865145
2995427
3125439
3255691
3385728
3515728
3645457
3775863
3906474
4036830
4167103
4297009
4426999
4556977
4687606
4817594
4947965
5078377
5208776
5338845
5469201
5599123
5729594
5859922
5990460
6121041
6251199
6381659
6512537
6642313
6772468
6902647
7032577
7162396
7292498
7422511
7552298
7683018
7813143
7943501
8073495
8203800
8333839
8464248
8594819
8724926
8855214
8985888
9116280
9246636
9377031
9507751
9638251
9767976
9897712
10028653
10158355
10288313
10418267
10548764
10679047
10809581
10939360
11070183
11200534
11330642
11460353
11590025
11719967
11850053
11980227
12110258
12240892
12371184
12501211
12631432
12761699
12892361
13022616
13152981
13282396
13412525
13542972
13672998
13803322
13933094
14063690
14193541
14323402
14453896
14584078
14714656
14844951
14974627
15104951
15235752
15366117
15496587
15627237
15757637
15888370
16019119
16149649
16280022
16410333
16540347
16670222
16801205
16931411
17061729
17191896
17322209
17452286
17582491
17712614
17842998
17972573
18102824
18233292
18363137
18493139
18623282
18753390
18883674
19013539
19144181
19274144
19404514
19534397
19664811
19795264
19925769
20056505
20186260
20316444
20446706
20576856
20707206
20837894
20967645
21097673
21228114
21358513
21489088
21619450
21749549
21879677
22009718
22140166
22269708
22400135
22529857
22659824
22789872
22920057
23050789
23180501
23311254
23441494
23571558
23701336
23831328
23961267
24090782
24221172
24351537
24481563
24611542
24741500
24871883
25002270
25132710
25262754
25393047
25523507
25653729
25784154
25914848
26044998
26175871
26305963
26435979
26565996
26695851
26826026
26955875
27086306
27216916
27347008
27477289
27607633
27737565
27867357
27997801
28127825
28258309
28388695
28519085
28649288
28779604
28909557
29039762
29170319
29300704
29431341
29561280
29691639
29822457
29952336
30082410
30212594
30342469
30472279
30602357
30732398
30862338
30992778
31122847
31253110
31383236
31513553
31643844
31774189
31904654
32034871
32165173
32295627
32426051
32556406
32686647
32817490
32947907
33077466
33207306
33338207
33467935
33597969
33727863
33858620
33988832
34119202
34249019
34380025
34510373
34640568
34770540
34900414
35030231
35160644
35290935
35421284
35551956
35682517
35812345
35942802
36072735
36203399
36333401
36463932
36594030
36723811
36854297
36984729
37114784
37244792
37375303
37505331
37635327
37765748
37895894
38026584
38156773
38286728
38417224
38547993
38678390
38808842
38939444
39069849
39200341
39330986
39461514
39591919
39722227
39852133
39982389
40112823
40243027
40373496
40503545
40633871
40764099
40894337
41024753
41154980
41284719
41414902
41545406
41675423
41805348
41935226
42065342
42195389
42325455
42456012
42586108
42716228
42846401
42976704
43107271
43237694
43368507
43498234
43628338
43758785
43888775
44019301
44149683
44279702
44409924
44540115
44670672
44801108
44931381
45061308
45191457
45321474
45451847
45581290
45711961
45841761
45971771
46101966
46232166
46362657
46492560
46623567
46753805
46883503
47013482
47143437
47273372
47403134
47533584
47663597
47794055
47924017
48054159
48184661
48315151
48445729
48575694
48705915
48836539
48966731
49096862
49227454
49357734
49488792
49618931
49749049
49879206
50009136
50139160
50268921
50399290
50529948
50660173
50790440
50920509
51050401
51180335
51310984
51440885
51571521
51701743
51832247
51962159
52092448
52222713
52352838
52483383
52613895
52744454
52874577
53005110
53135944
53265672
53395811
53526114
53655894
53785616
53915954
54045902
54175731
54306462
54436494
54566916
54696821
54827170
54957286
55087641
55218149
55348413
55478713
55609383
55739681
55870093
56000490
56131203
56261684
56391360
56521189
56652117
56781775
56911686
57041677
57172069
57302593
57433016
57562800
57693617
57823883
57953958
58083769
58213352
58343378
58473448
58603668
58733882
58864400
58994583
59124517
59254932
59385093
59515722
59645971
59776326
59905897
60035968
60166306
60296478
60426796
60556565
60686942
60816807
60946864
61077366
61207588
61338066
61468173
61598087
61728321
61859227
61989482
62120113
62250741
62381284
62511882
62642636
62773136
62903665
63033741
63163735
63293830
63424646
63554977
63685107
63815388
63945629
64075855
64205887
64336210
64466387
64595986
64726366
64856670
64986546
65116679
