0
214
481
633
835
1018
1245
1393
1589
1800
2013
2189
2366
2619
2910
3104
3314
3504
3731
3946
4120
4370
4593
4777
5021
5153
5426
5616
5851
6041
6232
6480
6695
6921
7130
7306
7516
7715
7954
8111
8347
8554
8806
9071
9216
9456
9640
9852
10088
10324
10517
10678
10850
11037
11310
11543
11753
11932
12197
12345
12528
12704
12863
13063
13270
13491
13659
13907
14145
14292
14605
14733
14899
15091
15308
15456
15610
15897
16022
16176
16383
16613
16760
16909
17106
17367
17610
17874
18104
18311
18480
18671
18876
19103
19253
19434
19693
19915
20058
20365
20501
