0
155
374
527
682
867
1036
1179
1326
1437
1612
1806
1961
2087
2247
2373
2538
2666
2808
2992
3196
3372
3557
3679
3759
3860
4038
4229
4325
4471
4608
4703
4832
4973
5155
5394
5551
5635
5826
6016
6167
6325
6472
6618
6696
6782
6939
7116
7278
7404
7655
7786
7904
8100
8295
8414
8622
8766
8921
9108
9339
9511
9661
9829
10024
10162
10354
10507
10710
10879
10989
11108
11227
11312
11469
11657
11829
12089
12256
12392
12572
12766
12912
13190
13396
13597
13727
13916
14119
14309
14457
14631
14811
15015
15129
15314
15477
15678
15816
15993
16215
16376
16545
16733
16916
17127
17240
17403
17567
17722
17920
18090
18199
18396
18531
18684
18790
18968
19102
19331
19567
19730
19863
19989
20228
20428
20582
20758
20910
21122
21276
21410
21677
21891
22040
22176
22366
22497
22695
22808
22949
23099
23184
23419
23534
23689
23848
24013
24205
24409
24531
24685
24890
25031
25189
25355
25465
25580
25685
25881
25951
26141
26327
26545
26763
26834
27001
27109
27262
27499
27621
27769
27933
28062
28260
28430
28564
28752
28886
29048
29230
29422
29581
29730
29932
30086
30235
30384
30495
30660
30897
31008
31134
31298
31426
31591
31725
31861
32043
32244
32425
32609
32736
32816
32937
33100
33290
33392
33543
33671
33770
33895
34040
34221
34476
34620
34715
34902
35082
35231
35394
35555
35682
35761
35848
36018
36209
36348
36493
36727
36850
36964
37167
37352
37502
37680
37823
37980
38188
38407
38595
38720
38901
39087
39250
39412
39577
39762
39932
40048
40164
40287
40377
40537
40723
40905
41151
41319
41453
41639
41832
42005
42259
42480
42671
42799
42985
43185
43376
43524
43705
43883
44085
44208
44375
44540
44749
44888
45068
45289
45476
45628
45805
45985
46201
46310
46471
46639
46819
46993
47169
47271
47465
47590
47743
47882
48029
48181
48401
48659
48791
48930
49043
49284
49489
49656
49828
49976
50184
50340
50471
50754
50956
51116
51236
51451
51585
51762
51875
52046
52167
52256
52492
52604
52766
52941
53087
53279
53479
53605
53757
53974
54103
54261
54429
54553
54657
54759
54963
55035
55216
55400
55619
55835
55917
56072
56183
56349
56569
56697
56849
57003
57148
57341
57499
57636
57835
57948
58121
58295
58485
58646
58796
58994
59160
59295
59448
59568
59736
59963
60074
60201
60381
60488
60669
60782
60917
61103
61302
61482
61667
61801
61868
61987
62167
62341
62439
62591
62750
62820
62936
63081
63288
63521
63660
63763
63947
64132
64276
64443
64601
64730
64831
64899
65071
65266
65411
65562
65802
65914
66022
66250
66413
66582
66742
66885
67041
67268
67491
67664
67779
67980
68150
68320
68472
68652
68833
68995
69116
69249
69354
69450
69603
69788
69972
70225
70389
70519
70700
70896
71093
71334
71546
71743
71866
72050
72246
72431
72593
72775
72942
73143
73274
73439
73609
73811
73951
74127
74352
74532
74694
74862
75041
75247
75361
75521
75683
75875
76041
76217
76325
76512
76640
76787
76954
77077
77264
77480
77708
77839
77979
78103
78347
78540
78730
78882
79030
79238
79389
79538
79806
80014
80166
80281
80497
80632
80832
80921
81099
81211
81317
