1
18650128
18718731
18740437
18667817
18640354
18691671
18698048
18665082
18677350
18683783
18695829
18673261
18691071
18714613
18700652
18699121
18676485
18675057
18638715
18679421
18710407
18692910
18691427
18683677
18682284
18674845
18705566
18682986
18675590
18705685
18665360
18665428
18682838
18670054
18680929
18674630
18667540
18706849
18664220
18688722
18703424
18659891
18694961
18666440
18627585
18708961
18671120
18642386
18708159
18673171
18682993
18669012
18692758
18675577
18712500
18676453
18687375
18729444
18647411
18681019
18693727
18653075
18679559
18680591
18699244
18659187
18626461
18653479
18678721
18725360
18659849
18668365
18657289
18734810
18664431
18669734
18661984
18744538
18689806
18655457
18707659
18684155
18649492
18686053
18684550
18684197
18697331
18691632
18680294
18689957
18666634
18708283
18670928
18673105
18676531
18687317
18651181
18684704
18735042
18738880
18710908
18703887
18716008
18670578
18724534
18694834
18707054
18664469
18692808
18727843
18708763
18687089
18694070
18661765
18664660
18673921
18689805
18655243
18675888
18684513
18691579
18663841
18682393
18672149
18727409
18692584
18654827
18677705
18670871
18686445
18681526
18654786
18682115
18724543
18671560
18703684
18674933
18643576
18673633
18671854
18653728
18688515
18679484
18700552
18674040
18680827
18723781
18673409
18677968
18694255
18655465
18700448
18714666
18702188
18703239
18659222
18691604
18642649
18711940
18670575
18646152
18666814
18671277
18661421
18680272
18667629
18680195
18678950
18717932
18657026
18670991
18740870
18689316
18698662
18691684
18683012
18687395
18646270
18715523
18707139
18713840
18725503
18669999
18633668
18705206
18699230
18670562
18673850
18677587
18704457
18666758
18693088
18719199
18718779
18691888
18675205
18675613
18646151
18689239
18707920
18677592
18692101
18696052
18674786
18695161
18700952
18677554
18667346
18689037
18665118
18668100
18674188
18676931
18697485
18674254
18675039
18706052
18644433
18711209
18692104
18659937
18690835
18678158
18625325
18720957
18691782
18640003
18705767
18659090
18682456
18660811
18709309
18660418
18713304
18666867
18687288
18710506
18666993
18671941
18685561
18674833
18681381
18680605
18683410
18667499
18595060
18645178
18690829
18731586
18648483
18688529
18666547
18717986
18689595
18670845
18663973
18738344
18695750
18660063
18711062
18685432
18681293
18678312
18673007
18685328
18693475
18692709
18696062
18691008
18663690
18718212
18660007
18675950
18691271
18687351
18651106
18678053
18740183
18728455
18706423
18704751
18696793
18679727
18693057
18709630
18701450
18658149
18695394
18714633
18726994
18681085
18687929
18657987
18658946
18697818
18691918
18649606
18676497
18672050
18705372
18658787
18672842
18656638
18734502
18694143
18664526
18669630
18683439
18701854
18668810
18647724
18669005
18706636
18677361
18726127
18675692
18659824
18664866
18691061
18671940
18677182
18684658
18700741
18670343
18680659
18716559
18665654
18677638
18676061
18651763
18681107
18720882
18709473
18687853
18669581
18685694
18652054
18683958
18687138
18646984
18673069
18685538
18667503
18693760
18670010
18671344
18684657
18733238
18654120
18700687
18743167
18694152
18672570
18724542
18691414
18680659
18635944
18729749
18698418
18702653
18726429
18701849
18637356
18711320
18690444
18661001
18677999
18667949
18690180
18668475
18686139
18697551
18722374
18700260
18685525
18666487
18642840
18685619
18722202
18675971
18716174
18689374
18689611
18705307
18683818
18677555
18677693
18698444
18659683
18654623
18675734
18689950
18694756
18668391
18664796
18680987
18663617
18704096
18705320
18665604
18691520
18672711
18643541
18694565
18713752
18630022
18702856
18667684
18688814
18665514
18711120
18681293
18720007
18656212
18705981
18683990
18670317
18668104
18679802
18683836
18669087
18694711
18684348
18650927
18622171
18649697
18678765
18714933
18646784
18672777
18683600
18705261
18666940
18675280
18674954
18725913
18696050
18659213
18705141
18659647
18666578
18692692
18665995
18671246
18691167
18696341
18697370
18681774
18655283
18717744
18641468
18690340
18703783
18691347
18669362
18682538
18726105
18702964
18712897
18718825
18713085
18680604
18711365
18679826
18704671
18662642
18704555
18735557
18712596
18678781
18666269
18680183
18660906
18695710
18682457
18642109
18684099
18679649
18695401
18654276
18663521
18678096
18717304
18700217
18653343
18664273
18666528
18705025
18681660
18658444
18669328
18682725
18684184
18699319
18690025
18647029
18641933
18693573
18654525
18690560
