1
16471221
16534963
16459047
16428452
16575954
16492336
16462121
16418299
16461724
16444170
16439864
16454939
16390172
16336628
16494839
16471939
16343547
16462181
16480178
16453344
16515588
16390417
16435683
16489559
16406589
16593846
16462444
16445712
16438846
16391874
16446704
16405815
16515945
16449907
16334657
16435020
16458999
16458911
16566657
16448346
16442519
16467420
16494609
16485410
16369402
16491273
16447034
16512747
16491738
16529393
16429941
16477984
16430997
16526326
16550960
16399053
16478783
16446686
16518135
16454630
16472060
16531358
16440910
16517595
16534023
16416466
16480724
16348530
16431786
16382437
16458535
16394440
16487355
16443605
16429707
16492815
16517364
16543340
16498030
16406574
16368246
16453510
16400166
16420340
16467855
16436999
16413649
16417659
16423655
16441187
16575709
16377838
16331394
16429930
16365432
16518804
16511164
16535826
16508335
16418619
