0
522
1046
1706
2329
2814
3341
3888
4449
5084
5710
6383
7056
7537
8116
8726
9331
9799
10345
10975
11630
12143
12738
13270
13787
14367
14884
15348
16066
16657
17324
18007
18535
19073
19649
20156
20739
21356
21915
22400
22882
23459
24020
24640
25168
25631
26202
26737
27306
28009
28482
29024
29664
30389
31040
31566
32148
32773
33294
33891
34441
34893
35510
36095
36664
37294
37829
38534
39059
39667
40289
40803
41304
41974
42643
43239
43764
44375
44964
45653
46297
46842
47384
47905
48527
49153
49736
50353
50954
51576
52036
52599
53110
53804
54319
54875
55391
55909
56365
56994
57650
58238
58750
59433
59985
60563
61064
61627
62108
62686
63355
63859
64398
65133
65737
66190
66838
67431
68053
68564
69219
69626
70254
70799
71368
72046
72555
73197
73753
74246
74793
75327
75943
76408
76916
77530
78106
78606
79283
79778
80377
80872
81433
81906
82601
83084
83675
84267
84782
85376
85900
86509
87040
87580
88134
88756
89303
89877
90503
91090
91629
92242
92853
93516
94143
94731
95271
95954
96466
97046
97633
98194
98878
99660
100279
100926
101450
102070
102666
103226
103755
104284
104920
105578
106052
106567
107100
107687
108316
108927
109593
110301
110762
111372
111962
112575
113046
113597
114202
114854
115407
115965
116509
117041
117588
118101
118549
119281
119904
120543
121224
121759
122300
122894
123401
123993
124610
125163
125632
126140
126727
127282
127884
128445
128869
129458
129993
130573
131275
131726
132282
132905
133634
134286
134839
135417
135994
136547
137116
137664
138117
138740
139336
139880
140542
141060
141767
142300
142920
143527
144049
144559
145213
145873
146503
146992
147618
148192
148873
149523
150100
150590
151124
151760
152365
152961
153574
154170
154780
155259
155796
156308
157024
157545
158095
158590
159116
159593
160211
160857
161435
161956
162618
163185
163769
164247
164823
165298
165904
166524
167026
167579
168334
168905
169351
170013
170617
171224
171739
172393
172827
173425
173981
174561
175235
175740
176379
176925
177434
177995
178505
179116
179586
180079
180717
181280
181792
182457
182984
183557
184062
184590
185091
185752
186264
186825
187428
187939
188556
189072
189667
190195
190717
191283
191930
192477
193016
193650
194212
194789
195392
195982
196657
197293
197857
198423
199056
199585
200163
200734
201322
202040
202791
203412
204055
204567
205194
205807
206344
206895
207401
208055
208709
209174
209697
210221
210817
211434
212030
212723
213405
213883
214490
215087
215701
216163
216715
217314
217974
218531
219083
219621
220159
220714
221234
221699
222407
223045
223697
224355
224872
225437
226013
226524
227091
227731
228260
228749
229232
229835
230381
231028
231573
231989
232564
233124
233700
234390
234836
235372
236008
236751
237378
237944
238540
239099
239654
240210
240771
241213
241859
242437
242992
243634
244165
244867
245426
246052
246671
247205
247687
248324
248968
249619
250122
250737
251336
251981
252638
253220
253715
254249
254909
255480
256080
256681
257288
257902
258389
258926
259443
260151
260712
261241
261735
262258
262746
263324
263965
264553
265097
265707
266302
266884
267359
267941
268399
269003
269640
270147
270678
271441
272057
272472
273137
273731
274318
274848
275479
275943
276545
277104
277672
278316
278849
279484
280014
280557
281097
281613
282221
282725
283183
283848
284385
284923
285579
286092
286687
287194
287731
