1
328790505
329069097
328801187
329278289
329344406
329214109
328906820
329202259
328897494
329059956
329143435
329506995
329220639
329489721
329319471
329093181
329313296
328811731
328708700
329530861
329007577
329268826
329227585
329318685
328790984
329035250
329110351
328932102
329187835
329416973
329295153
329508318
329083096
329158524
329299265
328920629
328938450
329257228
328899210
329413256
329281735
329387148
328709356
329151685
329224400
329128152
329115206
329305475
329357459
329494299
