0
537
1187
1727
2265
2864
3423
3966
4561
5014
5592
6193
6783
7325
7945
8525
9113
9633
10154
10787
11424
12027
12623
13147
13652
14108
14694
15274
15754
16320
16839
17299
17773
18341
18912
19602
20179
20660
21304
21880
22474
23043
23566
24122
24583
25060
25653
26274
26841
27340
28016
28567
29114
29702
30292
30765
31413
31977
32591
33185
33828
34449
35003
35658
36311
36839
37452
38005
38651
39258
39760
40291
40823
41354
41892
42499
43067
43776
44394
44862
45453
46068
46641
47404
48029
48665
49208
49899
50535
51183
51729
52400
52968
53609
54151
54731
55329
55966
56552
57169
57847
58370
58977
59607
60180
60844
61380
61943
62555
63130
63750
64341
64795
65414
65912
66529
67041
67602
68142
68782
69471
70032
70567
71156
71825
72417
72998
73570
74106
74757
75342
75890
76606
77232
77741
78269
78860
79380
79947
80503
81072
81603
82005
82652
83156
83773
84348
84944
85535
86229
86734
87277
87893
88440
89018
89613
90119
90624
91121
91775
92205
92797
93370
93982
94616
95110
95683
96230
96766
97416
97933
98522
99109
99639
100217
100809
101385
101968
102491
103047
103609
104212
104766
105289
105909
106436
106988
107579
108055
108599
109267
109791
110334
110971
111538
112123
112653
113149
113779
114409
115018
115614
116138
116655
117144
117707
118280
118780
119355
119834
120298
120773
121330
121915
122624
123179
123670
124294
124884
125473
126042
126596
127124
127591
128067
128672
129309
129850
130383
131039
131557
132089
132693
133262
133785
134382
134957
135568
136184
136831
137481
138001
138661
139314
139878
140444
141024
141631
142240
142748
143271
143810
144338
144868
145491
146079
146764
147378
147826
148420
149025
149636
150373
151014
151631
152157
152849
153492
154149
154684
155353
155920
156571
157135
157694
158302
158944
159519
160140
160798
161355
161947
162578
163143
163804
164324
164901
165510
166104
166673
167302
167750
168364
168848
169487
170029
170557
171113
171749
172455
172992
173545
174078
174759
175369
175964
176538
177067
177723
178323
178861
179579
180188
180732
181239
181880
182383
182924
183474
184066
184566
184976
185608
186112
186721
187305
187875
188453
189125
189653
190188
190809
191337
191929
192519
193045
193559
194041
194706
195136
195706
196270
196912
197539
198022
198574
199133
199673
200334
200869
201447
202022
202574
203152
203732
204322
204918
205395
205975
206544
207135
207699
208237
208847
209404
209919
210539
211024
211569
212224
212758
213320
213967
214517
215121
215622
216141
216786
217412
218001
218611
219148
219640
220132
220726
221273
221759
222336
222875
223304
223740
224309
224926
225597
226141
226646
227260
227860
228436
229015
229570
230094
230606
231040
231627
232293
232831
233364
234032
234552
235055
235698
236246
236773
237361
237942
238549
239184
239834
240456
240975
241668
242301
242883
243428
244032
244661
245234
245762
246293
246816
247329
247869
248479
249078
249770
250371
250815
251406
252002
252643
253353
253976
254626
255158
255844
256487
257140
257717
258389
258944
259579
260147
260712
261320
261964
262545
263159
263818
264371
264980
265599
266150
266802
267330
267910
268510
269124
269691
270302
270750
271354
271863
272478
273050
273550
274142
274776
275440
275963
276535
277085
277762
278336
278963
279524
280040
280707
281275
281854
282542
283178
283710
284215
284854
285353
285942
286429
287045
287540
287968
