1
329111147
329686644
329484770
328953328
329033157
329437288
329132715
329178453
329156602
329176489
329115555
329348182
329008934
329340664
329395876
329072802
329794633
329062692
328934641
329433991
329411897
328781502
329122343
329431901
329101799
329282484
329131863
329262482
329116436
329277017
328978371
329271963
329362554
328874097
329843868
329110990
328951566
329491339
329395654
328590240
329138564
329363845
329197834
329128679
328918356
329019430
329119836
329129612
329135152
329247642
