1
18491650
18442594
18430813
18461996
18460255
18469452
18486375
18450499
18406739
18421774
18396799
18399234
18400785
18470199
18397094
18412418
18484613
18448344
18446052
18481116
18411738
18405390
18482902
18441701
18424656
18419693
18443212
18459859
18429605
18463915
18451077
18428301
18426643
18460813
18401385
18449892
18398558
18405918
18413682
18439562
18463941
18374421
18455728
18407024
18454758
18406434
18441164
18423428
18429740
18475178
18388504
18435669
18435516
18405869
18415042
18440866
18423276
18461466
18440045
18460968
18457631
18410639
18430918
18452700
18453433
18423290
18425564
18448657
18436145
18403330
18405307
18459296
18420658
18446372
18421246
18476870
18394491
18439720
18437213
18407141
18485637
18427067
18425457
18397642
18408882
18442342
18448570
18411545
18496015
18453562
18485769
18425033
18425297
18413586
18519481
18464390
18434968
18438537
18448251
18382373
18395998
18410962
18466276
18486509
18444638
18439595
18467607
18474105
18471232
18445193
18476784
18446357
18455075
18417248
18454170
18444972
18461022
18431190
18443375
18434497
18482633
18426405
18504270
18493280
18448053
18421376
18463026
18485378
18446746
18456141
18436463
18476609
18426381
18448771
18442175
18507757
18500706
18468298
18445026
18433881
18444488
18514667
18421718
18466337
18433289
18481460
18433039
18456221
18436044
18464842
18492470
18470050
18463352
18439369
18456074
18467741
18474035
18458621
18448338
18450169
18446926
18482219
18466156
18474948
18450669
18475499
18488301
18458604
18406178
18439129
18432814
18434455
18399772
18512033
18417895
18434988
18435593
18452335
18458346
18480025
18448749
18419216
18476001
18437668
18493982
18480273
18460884
18451726
18461491
18429687
18435501
18404425
18468288
18388023
18416228
18474220
18450595
18460281
18501523
18442328
18463347
18470421
18466225
18433157
18446472
18465149
18465779
18456943
18473904
18480103
18434554
18459128
18469865
18406422
18466058
18419089
18437662
18438035
18460268
18472321
18394632
18472447
18446834
18455656
18446707
18484767
18415676
18463657
18503475
18405643
18466848
18448612
18427749
18429428
18451098
18433953
18467933
18444450
18473010
18476715
18427472
18459974
18465400
18444987
18457643
18437059
18467096
18464122
18418916
18431499
18475443
18442608
18440562
18423097
18477094
18408923
18429312
18435675
18414076
18479241
18417491
18414907
18399065
18425600
18470708
18484805
18448851
18486983
18446497
18483402
18405473
18444764
18412941
18514797
18464499
18448098
18429943
18431599
18412685
18414250
18416336
18477527
18494563
18433587
18428974
18464533
18474570
18468628
18424663
18483679
18443095
18469564
18417020
18449142
18428936
18468106
18406145
18441362
18459383
18488101
18434857
18481614
18493065
18454775
18428507
18476252
18491818
18439462
18460841
18438094
18466737
18443349
18452526
18455892
18505838
18485669
18462735
18437146
18449147
18443405
18510786
18430467
18482262
18452688
18492925
18430483
18460203
18432943
18457409
18479094
18474137
18471796
18451157
18473446
18491137
18469012
18449278
18461344
18440450
18451494
18459941
18452772
18470486
18451400
18486011
18482109
18443260
18412435
18430227
18434168
18429830
18403807
18515625
18425433
18444776
18435938
18461499
18441560
18483920
18430567
18431849
18465931
18467705
18495908
18471484
18454071
18457180
18435109
18424324
18439783
18407591
18472340
18401294
18417742
18499327
18468830
18436434
18512272
18436191
18439876
18462775
18473725
18434400
18434526
18456719
18466831
18470237
18467742
18461884
18439363
18463190
18470203
18420939
18441408
18422346
18436862
18431437
18462632
18468993
18387948
18466022
18431797
18446214
18449667
18479633
18418301
18498561
18491925
18404148
18454388
18435941
18441102
18447410
18459393
18428624
18460694
18421473
18467556
18488904
18424689
18480771
18474050
18447129
18478361
18450519
18446204
18456324
18432178
18449161
18473112
18456865
18478854
18460767
18487646
18423653
18438093
18465305
18445559
18493089
18457170
18445491
18410470
18419486
18462114
18463872
18423618
18497366
18459863
18483527
18417007
18460200
18398462
18517411
18453284
18455895
18416430
18451219
18415384
18423435
18437807
18490389
18491987
18452159
18468649
18464403
18480892
18455881
18420483
18466440
18429255
18452861
18387376
18459798
18412250
18475297
18434126
18447283
18451168
18492600
18426194
18476186
18478521
18444818
18436878
18462886
18468442
18450533
18470919
18434230
18460166
18444841
18439226
18451537
18495927
18472868
18443904
18449844
18427841
18433043
18509427
