0
759
1548
2490
3403
4215
4993
5794
6633
7472
8387
9340
10295
11055
11913
12880
13800
14560
15398
16318
17291
18073
18880
19674
20495
21386
22191
22903
23891
24739
25664
26578
27403
28199
29108
29913
30773
31743
32653
33447
34275
35125
35967
36892
37703
38404
39227
40041
40937
41858
42650
43481
44354
45345
46344
47234
48131
48993
49771
50645
51418
52213
53079
53954
54806
55635
56426
57333
58085
58961
59840
60623
61430
62377
63262
64184
65020
65883
66740
67700
68654
69460
70278
71071
71975
72889
73745
74637
75554
76456
77245
78065
78847
79762
80555
81437
82234
83079
83854
84701
85556
86399
87252
88240
89102
89950
90710
91552
92288
93127
94028
94739
95569
96540
97424
98145
99080
99953
100872
101697
102653
103400
104241
105021
105851
106813
107594
108514
109307
110142
110986
111827
112732
113470
114328
115230
116066
116887
117897
118710
119610
120499
121387
122173
123178
123936
124851
125709
126494
127341
128169
129041
129844
130657
131557
132509
133304
134141
135024
135947
136752
137633
138545
139425
140339
141173
141966
142892
143724
144605
145478
146353
147302
148314
149143
150027
150805
151682
152563
153418
154258
155020
155951
156885
157657
158442
159316
160134
160986
161851
162780
163769
164525
165418
166295
167188
167988
168801
169720
170663
171489
172334
173172
173996
174898
175777
176541
177512
178367
179260
180207
181052
181830
182726
183468
184379
185254
186116
186911
187731
188615
189483
190361
191224
191962
192777
193603
194464
195311
196058
196904
197784
198769
199762
200643
201495
202326
203128
204046
204848
205628
206479
207323
208138
209063
209869
210827
211646
212538
213364
214166
214976
215861
216788
217688
218470
219349
220213
221198
222066
222940
223713
224525
225446
226325
227210
228082
228904
229737
230578
231401
232201
233175
233944
234758
235552
236410
237202
238035
238947
239762
240631
241588
242435
243369
244150
245048
245807
246755
247629
248389
249184
250247
251094
251817
252791
253638
254523
255393
256248
257005
257885
258715
259576
260445
261262
262195
262970
263836
264642
265452
266322
267137
267974
268912
269748
270616
271534
272316
273172
273961
274852
275631
276613
277309
278191
279072
279838
280719
281500
282347
283182
283995
284854
285778
286598
287437
288306
289118
289932
290834
291698
292598
293560
294468
295333
296234
297024
297888
298740
299593
300570
301616
302470
303387
304196
305098
306002
306809
307600
308365
309339
310265
311034
311828
312631
313526
314399
315267
316235
317214
317951
318835
319760
320721
321504
322318
323246
324206
325035
325877
326721
327520
328398
329204
330033
331003
331903
332806
333688
334525
335322
336201
336963
337793
338718
339568
340357
341194
342020
342888
343781
344650
345292
346096
346937
347743
348646
349421
350236
351114
352100
353018
353917
354790
355608
356405
357260
358081
358837
359703
360549
361405
362283
363052
364031
364798
365681
366539
367343
368107
369007
369950
370902
371724
372582
373459
374356
375320
376186
376940
377789
378752
379605
380499
381376
382226
383071
383871
384689
385468
386394
387265
388081
388893
389683
390459
391295
392182
393021
393909
394862
395741
396652
397455
398345
399068
399992
400872
401600
402493
403517
404390
405107
406014
406859
407758
408624
409495
410242
411100
411897
412707
413653
414467
415429
416203
417063
417931
418773
419622
420407
421198
422119
422912
423746
424690
425478
426336
427215
428136
