1
25547029
25781841
25597143
25664253
25708754
25682128
25565244
25731795
25658648
25582861
25596521
25508711
25484478
25802026
25540993
25592101
25723664
25755935
25842405
25678434
25940141
25425786
25483318
25604142
25475313
25664822
25712570
25467597
25621014
25902021
25622976
25759470
25413887
25565276
25645295
25657635
25519900
25755967
25830635
25637578
25475001
25743729
25456764
25451873
25605008
25704231
25602820
25661352
25984315
25647705
25532605
25905794
25676064
25656254
25817043
25608660
25496582
25732800
25428425
25540103
25729191
25585632
25754541
25461850
25509037
25555093
25645527
25416024
25644396
25762807
25810932
25742836
25600759
25596141
25850769
25796627
25434117
25695038
25582315
25731216
25523771
25328448
25612211
25572907
25816954
25630057
25588400
25598279
25556533
25580135
25572821
25647606
25544053
25700196
25531586
25648591
25611113
25457172
25560938
25563227
