0
20
40
48
87
124
141
170
199
213
230
261
283
312
324
336
356
357
397
423
441
441
456
460
471
501
509
516
529
569
599
631
665
677
711
726
738
745
781
828
862
869
892
906
929
986
1011
1016
1030
1089
1116
1129
1179
1193
1198
1216
1245
1284
1284
1294
1297
1313
1337
1391
1428
1483
1525
1548
1562
1588
1619
1649
1706
1732
1747
1786
1822
1847
1886
1939
1984
2005
2053
2086
2098
2099
2147
2162
2176
2223
2268
2302
2332
2349
2361
2381
2414
2455
2488
2514
2537
2564
2600
2617
2617
2665
2682
2712
2732
2789
2843
2883
2931
2943
2964
3001
3024
3060
3106
3114
3143
3210
3257
3290
3321
3342
3365
3405
3414
3454
3480
3497
3503
3565
3611
3638
3682
3692
3707
3742
3773
3787
3824
3846
3859
3892
3899
3938
3981
3999
4031
4054
4072
4093
4131
4164
4187
4209
4221
4245
4266
4289
4326
4336
4366
4381
4411
4426
4439
4453
4479
4529
4551
4560
4573
4607
4644
4680
4706
4725
4764
4792
4797
4803
4834
4856
4866
4917
4950
4962
4986
5009
5059
5081
5081
5113
5132
5156
5162
5176
5217
5246
5260
5278
5290
5299
5342
5376
5406
5412
5443
5458
5489
5529
5566
5581
5617
5649
5680
5681
5698
5705
5744
5763
5780
5798
5833
5872
5900
5913
5938
5983
6003
6048
6075
6098
6112
6145
6167
6187
6207
6262
6268
6296
6355
6379
6385
6401
6421
6478
6547
6560
6583
6646
6684
6707
6709
6718
6745
6783
6808
6836
6856
6877
6893
6903
6953
6975
7052
7078
7119
7126
7156
7163
7209
7223
7231
7274
7302
7330
7342
7359
7388
7406
7437
7468
7490
7524
7590
7615
7631
7659
7677
7726
7775
7840
7871
7930
7957
8017
8029
8042
8059
8085
8115
8139
8151
8152
8195
8220
8243
8301
8350
8356
8371
8410
8417
8464
8490
8502
8515
8551
8600
8607
8623
8647
8661
8681
8689
8703
8718
8750
8791
8811
8838
8880
8899
8922
8972
9011
9038
9065
9087
9119
9137
9151
9167
9170
9183
9204
9222
9231
9252
9306
9343
9356
9375
9391
9399
9438
9454
9468
9502
9536
9561
9598
9611
9645
9669
9674
9686
9690
9696
9706
9728
9789
9801
9801
9823
9842
9879
9888
9905
9951
9969
10011
10015
10024
10059
10078
10082
10095
10112
10141
10202
10260
10278
10283
10318
10334
10341
10388
10411
10418
10454
10472
10505
10514
10531
10544
10555
10577
10608
10646
10690
10742
10772
10791
10835
10878
10901
10949
10975
10988
11019
11077
11083
11100
11156
11184
11206
11235
11285
11308
11318
11352
11353
11404
11452
11495
11561
11580
11623
11638
11663
11712
11735
11761
11788
11816
11849
11893
11900
11924
11965
11990
12022
12030
12097
12126
12160
12187
12228
12243
12285
12308
12343
12400
12403
12440
12477
12519
12554
12585
12602
12638
12658
12688
12729
12746
12760
12768
12828
12901
12934
12996
13048
13093
13126
13159
13185
13220
13254
13298
13317
13336
13360
13383
13406
13427
13477
