0
225
420
458
563
710
954
998
1068
1078
1136
1236
1236
1394
1488
1544
1544
1745
1892
1917
1995
2095
2095
2131
2131
2310
2458
2486
2570
2639
2639
2651
2822
2957
3063
3141
3184
3276
3276
3383
3427
3456
3572
3577
3617
3631
3798
3958
3999
4066
4078
4250
4336
4475
4672
4884
5002
5002
5002
5088
5278
5340
5481
5569
5582
5611
5611
5717
5872
5885
5907
5960
5960
6156
6192
6192
6216
6267
6387
6470
6552
6742
7025
7048
7048
7048
7197
7308
7321
7370
7464
7586
7776
7858
7900
8006
8087
8265
8367
8375
8424
8499
8499
8600
8601
8649
8665
8799
8803
8996
8999
8999
9029
9105
9235
9293
9403
9529
9692
9738
9759
9874
9933
9980
10120
10248
10436
10575
10845
11020
11216
11329
11573
11735
11861
11911
11991
12212
12326
12415
12454
12599
12721
12793
12986
13029
13135
13184
13375
13416
13450
13524
13570
13617
13688
13868
13960
14193
14241
14336
14420
14604
14674
14886
14918
15051
15057
15110
15163
15335
15349
15363
15391
15587
15639
15737
15761
15796
15888
16078
16295
16314
16462
16605
16686
16686
16756
16892
16991
17153
17186
17192
17286
17463
17587
17663
17798
17889
17889
17927
17932
17982
18038
18140
18140
18158
18323
18341
18416
18481
18645
18689
18822
19050
19114
19179
19253
19283
19325
19331
19524
19591
19733
19848
19895
19910
19913
19913
20039
20039
20113
20194
20263
20264
20469
20624
20719
20763
20808
20872
20994
21060
21272
21449
21622
21622
21622
21755
21836
21916
22058
22201
22201
22201
22201
22305
22350
22489
22491
22513
22517
22682
22696
22696
22828
22872
22998
23159
23203
23280
23431
23464
23464
23464
23563
23720
23740
23936
24152
24323
24555
24764
24772
24964
25084
25171
25294
25356
25481
25583
25651
25784
25790
25917
26104
26220
26321
26491
26518
26521
26521
26604
26864
27016
27135
27386
27565
27629
27629
27733
27867
27922
28064
28128
28288
28388
28579
28664
28817
28817
28921
28950
29005
29115
29296
29447
29464
29504
29669
29707
29909
30022
30022
30062
30153
30209
30399
30484
30534
30582
30610
30732
30819
30951
31102
31374
31381
31434
31548
31709
31901
32111
32152
32299
32355
32566
32594
32756
32782
32782
32827
32871
33103
33168
33168
33176
33425
33544
33642
33739
33899
33964
34166
34272
34376
34536
34605
34787
34787
34857
34866
35013
35071
35190
35236
35277
35277
35289
35377
35400
35440
35550
35550
35628
35636
35682
35699
35701
35779
35820
35974
36000
36079
36186
36343
36465
36468
36486
36576
36636
36790
37068
37159
37225
37231
37251
37361
37420
37498
37578
37626
37626
37825
37825
37942
37958
37980
38040
38057
38124
38356
38569
38666
38678
38678
38761
38874
38901
39051
39160
39241
39333
39476
39545
39594
39754
39766
39813
39813
39923
39945
39945
40098
40118
40310
40361
40377
40377
40612
40612
40636
40741
40871
40921
41005
41078
41207
41323
41424
41571
41666
41803
41923
42002
42091
42219
42348
42427
42493
42540
42644
42855
43163
43270
43405
43603
43706
43716
43830
43867
44074
44241
44241
44480
44505
44528
44627
44776
44881
44958
44998
