0
22
44
59
93
127
142
170
194
219
242
269
292
313
329
345
362
372
405
432
454
458
482
495
512
538
549
566
581
614
639
667
696
713
747
762
782
792
827
869
903
912
934
961
984
1029
1054
1072
1087
1131
1159
1172
1219
1238
1244
1267
1295
1322
1328
1347
1353
1371
1403
1446
1479
1525
1557
1582
1599
1625
1655
1679
1719
1746
1768
1797
1831
1862
1894
1934
1971
1994
2040
2062
2080
2090
2131
2147
2167
2209
2244
2274
2303
2321
2334
2353
2385
2426
2457
2483
2512
2536
2572
2590
2596
2639
2657
2691
2711
2755
2797
2832
2875
2887
2911
2942
2973
3004
3043
3059
3088
3140
3177
3207
3232
3255
3276
3315
3329
3369
3398
3415
3422
3476
3515
3537
3576
3597
3613
3641
3674
3695
3726
3747
3764
3793
3808
3844
3880
3901
3934
3956
3980
4006
4042
4071
4097
4119
4140
4170
4191
4216
4250
4270
4297
4316
4348
4360
4376
4395
4418
4460
4487
4500
4524
4555
4586
4617
4639
4659
4694
4720
4728
4738
4769
4796
4809
4852
4883
4904
4931
4959
4998
5019
5024
5052
5074
5095
5115
5137
5171
5197
5213
5233
5255
5268
5307
5335
5369
5381
5412
5431
5462
5504
5535
5556
5586
5620
5652
5663
5688
5704
5742
5762
5787
5807
5836
5874
5903
5921
5951
5991
6011
6056
6080
6099
6118
6155
6177
6203
6228
6280
6295
6317
6368
6386
6401
6426
6447
6491
6543
6557
6581
6631
6667
6688
6697
6715
6741
6775
6795
6819
6842
6869
6895
6911
6951
6975
7031
7058
7094
7109
7139
7155
7189
7208
7227
7262
7287
7315
7331
7352
7379
7404
7431
7466
7491
7527
7574
7598
7622
7652
7673
7716
7755
7803
7836
7888
7924
7970
7987
8007
8032
8051
8080
8103
8114
8127
8163
8195
8221
8262
8299
8314
8332
8368
8386
8423
8451
8469
8490
8524
8561
8575
8593
8616
8635
8657
8669
8693
8711
8739
8777
8796
8822
8856
8877
8899
8938
8978
9003
9029
9058
9089
9111
9125
9144
9159
9178
9195
9214
9231
9256
9303
9340
9353
9376
9393
9416
9448
9467
9491
9519
9550
9580
9616
9633
9663
9684
9692
9705
9718
9734
9749
9778
9828
9849
9858
9883
9901
9931
9946
9968
10005
10026
10057
10071
10084
10121
10142
10149
10164
10192
10229
10274
10315
10341
10356
10396
10411
10429
10468
10496
10507
10541
10562
10593
10605
10627
10645
10666
10689
10724
10760
10805
10846
10871
10895
10933
10970
10990
11032
11061
11078
11103
11149
11159
11177
11225
11249
11271
11302
11344
11365
11377
11408
11413
11457
11493
11525
11577
11601
11633
11653
11677
11718
11742
11773
11805
11831
11865
11906
11919
11944
11983
12014
12040
12052
12104
12132
12163
12190
12219
12238
12274
12299
12330
12379
12392
12424
12460
12497
12532
12564
12584
12623
12647
12675
12711
12736
12755
12768
12823
12877
12906
12954
12995
13036
13059
13087
13111
13143
13174
13212
13226
13245
13269
13292
13317
13341
13378
