0
34
75
133
139
201
233
280
299
342
362
395
418
458
470
500
558
591
630
686
693
693
713
755
801
843
882
978
1010
1027
1045
1088
1132
1133
1182
1211
1263
1292
1351
1377
1418
1423
1456
1469
1505
1541
1589
1617
1641
1649
1707
1720
1775
1798
1799
1824
1862
1892
1930
1968
1985
2000
2024
2064
2097
2152
2190
2250
2264
2293
2355
2373
2456
2500
2502
2542
2569
2627
2651
2691
2699
2702
2725
2757
2825
2835
2844
2879
2928
2956
2998
3015
3056
3084
3144
3187
3214
3262
3299
3338
3338
3362
3385
3423
3435
3483
3493
3514
3533
3554
3573
3595
3604
3637
3637
3661
3676
3699
3707
3726
3753
3765
3804
3824
3855
3909
3952
3977
3983
4003
4032
4044
4093
4175
4212
4229
4246
4250
4288
4334
4361
4391
4394
4406
4456
4466
4510
4523
4523
4552
4556
4589
4648
4717
4745
4757
4762
4790
4828
4840
4898
4926
4955
5004
5034
5048
5083
5116
5133
5149
5186
5191
5201
5212
5252
5284
5312
5335
5349
5349
5411
5412
5438
5477
5519
5523
5558
5582
5646
5673
5694
5735
5777
5824
5850
5887
5909
5971
5994
6019
6042
6068
6116
6180
6253
6298
6341
6387
6414
6422
6459
6520
6547
6576
6576
6639
6657
6679
6720
6759
6808
6815
6835
6851
6865
6911
6984
7004
7065
7090
7099
7135
7157
7196
7252
7268
7290
7293
7317
7337
7405
7426
7438
7465
7484
7506
7517
7561
7590
7632
7667
7724
7733
7753
7811
7836
7842
7867
7889
7910
7995
8035
8044
8113
8135
8187
8217
8233
8248
8265
8298
8322
8371
8377
8399
8439
8471
8512
8528
8562
8579
8595
8605
8637
8660
8705
8726
8748
8775
8776
8787
8868
8874
8920
8931
8955
8981
9000
9029
9045
9063
9102
9119
9122
9166
9200
9240
9252
9284
9293
9359
9394
9429
9492
9549
9564
9572
9580
9613
9669
9687
9744
9770
9772
9785
9788
9835
9874
9881
9910
9918
9934
9976
9991
9994
10012
10023
10068
10114
10137
10191
10261
10264
10269
10284
10316
10345
10362
10393
10436
10467
10502
10537
10540
10575
10611
10672
10688
10706
10718
10742
10746
10783
10797
10813
10835
10863
10877
10927
10939
10953
10982
11014
11039
11066
11117
11185
11199
11212
11243
11272
11298
11301
11364
11403
11458
11488
11571
11613
11681
11711
11784
11819
11863
11889
11944
11964
12006
12033
12077
12097
12127
12155
12215
12224
12270
12315
12339
12361
12381
12404
12435
12462
12491
12538
12563
12634
12664
12696
12756
12775
12825
12854
12862
12904
12912
12943
12971
13004
13011
13027
13038
13100
13125
13154
13154
13182
13233
13274
13322
13351
13394
13447
13460
13475
13518
13557
13578
13634
13634
13666
13700
13746
13760
13816
13833
13857
13876
13885
13902
13929
13944
13976
13979
14005
14041
14070
14075
14100
14153
14186
14225
14270
14294
14326
14351
14375
14395
14429
14473
14481
14519
14565
14583
14588
14593
14593
14629
14662
14671
14724
14739
14765
14813
14856
14884
14912
14922
14965
14985
15032
