0
83
185
346
348
514
588
709
756
852
903
980
1039
1144
1167
1240
1404
1472
1561
1704
1707
1707
1739
1853
1980
2088
2181
2460
2540
2562
2578
2669
2784
2784
2897
2967
3108
3158
3322
3373
3480
3481
3557
3581
3670
3760
3886
3959
4006
4014
4165
4190
4337
4406
4406
4457
4545
4584
4699
4785
4808
4844
4884
4993
5048
5199
5286
5454
5461
5518
5681
5721
5938
6063
6063
6175
6222
6385
6434
6542
6556
6556
6593
6662
6850
6850
6855
6936
7090
7154
7268
7297
7423
7474
7645
7743
7795
7931
7996
8104
8104
8157
8212
8312
8324
8442
8458
8498
8507
8547
8580
8614
8627
8712
8712
8772
8782
8828
8837
8867
8933
8959
9057
9079
9147
9279
9405
9443
9443
9478
9545
9567
9684
9917
9994
10021
10032
10043
10128
10234
10297
10335
10335
10353
10489
10489
10595
10615
10615
10676
10676
10739
10911
11101
11157
11162
11162
11230
11321
11338
11505
11560
11614
11753
11825
11849
11930
12010
12024
12065
12149
12151
12173
12200
12297
12378
12457
12498
12512
12512
12690
12690
12736
12831
12931
12937
13005
13062
13228
13279
13327
13443
13545
13664
13720
13795
13848
13997
14056
14117
14173
14212
14325
14511
14699
14805
14914
15038
15113
15124
15216
15377
15440
15529
15529
15710
15740
15771
15882
15983
16093
16097
16129
16142
16171
16277
16472
16522
16686
16725
16730
16800
16853
16948
17104
17142
17167
17167
17212
17261
17450
17494
17520
17571
17595
17637
17649
17775
17837
17947
18029
18197
18201
18239
18390
18429
18430
18472
18512
18559
18802
18910
18915
19103
19141
19296
19360
19386
19405
19442
19518
19566
19695
19715
19763
19853
19934
20048
20070
20157
20192
20213
20224
20303
20364
20487
20521
20575
20629
20629
20640
20877
20877
21002
21022
21070
21131
21174
21236
21272
21289
21378
21413
21413
21522
21597
21697
21709
21771
21789
21962
22047
22131
22303
22459
22484
22484
22496
22571
22708
22749
22898
22936
22936
22961
22961
23059
23170
23170
23228
23233
23259
23385
23417
23417
23461
23480
23585
23695
23751
23873
24078
24078
24078
24109
24192
24278
24295
24377
24479
24563
24653
24744
24744
24830
24901
25077
25107
25143
25160
25220
25220
25297
25326
25336
25383
25451
25479
25605
25609
25632
25693
25749
25797
25844
25961
26152
26179
26205
26260
26321
26383
26383
26546
26626
26782
26857
27075
27199
27395
27459
27665
27738
27839
27900
28052
28105
28205
28279
28399
28422
28501
28561
28732
28736
28827
28947
29008
29057
29079
29131
29183
29257
29301
29443
29496
29657
29738
29821
29980
30022
30150
30219
30222
30324
30333
30413
30463
30559
30561
30593
30609
30783
30846
30886
30886
30942
31080
31178
31300
31356
31456
31596
31608
31622
31710
31795
31843
31991
31991
32071
32164
32275
32310
32455
32490
32547
32571
32580
32604
32662
32686
32755
32755
32804
32899
32974
32976
33027
33166
33240
33334
33469
33518
33574
33631
33657
33695
33777
33896
33907
34008
34116
34145
34152
34152
34152
34251
34310
34323
34426
34434
34486
34606
34721
34793
34850
34862
34978
35027
35130
