0
32
67
105
116
164
192
235
251
283
303
335
355
394
409
431
478
507
534
583
596
597
620
651
689
727
765
828
861
879
903
937
977
984
1024
1051
1090
1118
1165
1189
1224
1236
1264
1286
1318
1354
1389
1421
1450
1462
1502
1516
1553
1572
1584
1610
1641
1667
1699
1734
1748
1765
1791
1821
1853
1891
1922
1973
1984
2009
2057
2074
2131
2164
2180
2212
2239
2282
2306
2339
2351
2359
2390
2417
2471
2484
2499
2531
2566
2591
2624
2646
2677
2708
2755
2788
2814
2851
2882
2918
2930
2955
2977
3010
3026
3054
3072
3093
3118
3134
3157
3177
3192
3227
3234
3251
3268
3293
3306
3326
3351
3368
3399
3419
3444
3482
3516
3537
3552
3570
3595
3613
3647
3706
3738
3756
3774
3784
3817
3861
3886
3914
3922
3939
3977
3994
4026
4043
4049
4075
4086
4111
4156
4201
4226
4237
4249
4273
4305
4318
4363
4389
4411
4449
4474
4491
4522
4552
4568
4581
4616
4634
4648
4669
4696
4725
4751
4771
4785
4790
4838
4848
4875
4908
4943
4955
4985
5008
5054
5078
5103
5141
5170
5206
5230
5266
5291
5334
5359
5391
5414
5449
5489
5539
5589
5621
5657
5693
5716
5728
5755
5799
5831
5860
5872
5918
5937
5967
6003
6035
6080
6094
6110
6136
6159
6196
6243
6269
6317
6337
6349
6382
6400
6432
6479
6500
6525
6531
6551
6571
6620
6637
6653
6681
6702
6727
6745
6782
6811
6841
6872
6920
6932
6950
6992
7020
7033
7060
7080
7101
7159
7193
7207
7260
7287
7320
7347
7369
7385
7405
7432
7455
7494
7507
7527
7557
7587
7616
7634
7664
7682
7702
7714
7748
7766
7801
7826
7846
7873
7883
7891
7950
7964
8000
8017
8043
8062
8079
8104
8122
8148
8176
8193
8197
8239
8266
8298
8315
8343
8354
8404
8432
8461
8507
8548
8577
8586
8598
8636
8681
8705
8749
8767
8776
8788
8795
8833
8862
8875
8901
8918
8935
8963
8978
8986
9006
9022
9052
9089
9110
9155
9201
9210
9218
9238
9267
9289
9308
9338
9369
9398
9424
9457
9470
9505
9531
9580
9600
9624
9643
9663
9673
9703
9718
9733
9750
9774
9792
9833
9848
9864
9890
9917
9946
9965
10007
10056
10074
10097
10125
10157
10183
10191
10242
10283
10324
10350
10406
10435
10482
10505
10554
10582
10619
10644
10687
10697
10736
10755
10790
10816
10840
10870
10914
10929
10962
10995
11017
11042
11066
11091
11124
11150
11178
11212
11237
11291
11316
11349
11395
11419
11464
11483
11497
11531
11543
11571
11599
11627
11638
11657
11674
11713
11739
11768
11770
11805
11843
11874
11915
11949
11979
12016
12029
12053
12082
12107
12127
12169
12178
12207
12236
12279
12299
12345
12361
12388
12409
12427
12447
12469
12492
12520
12537
12558
12585
12605
12616
12642
12680
12711
12744
12773
12795
12824
12847
12874
12894
12921
12951
12966
12993
13032
13050
13066
13078
13079
13111
13139
13151
13190
13208
13238
13275
13310
13334
13358
13374
13411
13428
13464
