0
0
0
21
79
196
223
413
633
748
851
1010
1011
1179
1255
1358
1424
1519
1569
1647
1706
1811
1832
1906
2065
2141
2228
2368
2376
2376
2406
2522
2644
2757
2851
3129
3209
3230
3248
3341
3455
3455
3569
3638
3778
3828
3993
4043
4150
4152
4229
4253
4344
4435
4545
4634
4681
4681
4841
4866
5013
5082
5082
5133
5221
5262
5377
5464
5485
5520
5555
5667
5722
5874
5959
6129
6137
6194
6351
6396
6615
6741
6741
6852
6899
7062
7109
7217
7231
7231
7268
7338
7527
7527
7532
7604
7766
7830
7943
7972
8098
8150
8320
8415
8469
8606
8671
8779
8779
8832
8888
8987
8999
9117
9133
9174
9182
9222
9253
9287
9298
9384
9384
9443
9452
9498
9509
9537
9604
9631
9728
9751
9819
9952
10079
10116
10116
10147
10216
10237
10354
10588
10663
10691
10697
10713
10799
10905
10969
11009
11009
11019
11163
11164
11271
11291
11291
11352
11352
11415
11587
11779
11830
11840
11840
11909
12000
12018
12185
12243
12296
12434
12506
12529
12578
12687
12703
12742
12827
12830
12853
12878
12976
13055
13136
13177
13192
13192
13369
13369
13416
13510
13601
13618
13686
13742
13907
13957
14006
14123
14227
14345
14399
14471
14526
14676
14735
14797
14852
14891
15005
15191
15380
15487
15596
15722
15797
15808
15899
16060
16124
16214
16214
16395
16422
16451
16562
16663
16771
16778
16811
16823
16854
16959
17154
17204
17368
17406
17411
17480
17534
17627
17773
17822
17848
17848
17893
17941
18126
18173
18198
18249
18274
18315
18329
18455
18514
18622
18706
18873
18879
18917
19067
19107
19107
19138
19189
19235
19478
19586
19591
19778
19802
19971
20034
20058
20076
20115
20190
20237
20366
20385
20434
20523
20603
20718
20739
20827
20860
20881
20894
20975
21034
21158
21191
21245
21299
21299
21310
21546
21546
21671
21691
21738
21800
21842
21904
21938
21953
22043
22064
22078
22187
22263
22364
22376
22438
22455
22629
22714
22798
22971
23128
23154
23154
23166
23240
23379
23421
23571
23611
23611
23635
23635
23732
23844
23844
23902
23907
23928
24059
24091
24091
24136
24154
24261
24371
24425
24547
24752
24752
24752
24784
24867
24955
24971
25052
25148
25223
25326
25418
25418
25506
25577
25752
25781
25815
25832
25892
25892
25970
25999
26008
26056
26123
26151
26277
26283
26307
26359
26428
26475
26523
26640
26822
26860
26885
26939
27002
27063
27063
27226
27303
27458
27533
27745
27872
28070
28135
28341
28413
28514
28574
28709
28779
28880
28954
29074
29097
29177
29233
29407
29412
29502
29620
29679
29730
29752
29806
29861
29933
29976
30118
30170
30332
30415
30497
30641
30699
30826
30897
30900
31003
31011
31090
31140
31239
31240
31272
31288
31462
31527
31568
31568
31623
31759
31860
31981
32024
32139
32278
32290
32306
32394
32481
32530
32676
32676
32757
32851
32963
32997
33142
33177
33233
33257
33265
33289
33347
33373
33443
33443
33491
33587
33662
33663
33714
33853
33927
34020
34156
34206
34261
34316
34341
34378
34460
34578
34589
34689
34797
34825
34832
34832
34832
34929
34989
34995
35101
35107
35161
