0
42
98
175
181
263
305
364
388
440
472
512
541
596
611
649
730
769
818
896
902
902
922
983
1045
1099
1149
1281
1324
1341
1354
1405
1466
1466
1528
1564
1636
1664
1743
1775
1827
1832
1878
1892
1938
1992
2054
2089
2120
2127
2200
2215
2287
2320
2321
2355
2405
2432
2485
2540
2557
2575
2603
2659
2694
2768
2819
2899
2910
2942
3023
3045
3156
3215
3215
3272
3299
3377
3406
3460
3469
3469
3493
3534
3626
3633
3640
3682
3755
3789
3845
3862
3923
3955
4039
4090
4122
4188
4234
4285
4285
4316
4348
4399
4413
4474
4484
4510
4526
4548
4569
4590
4599
4646
4646
4679
4694
4722
4733
4755
4789
4804
4853
4870
4915
4980
5042
5070
5073
5094
5129
5143
5203
5316
5359
5376
5391
5395
5442
5498
5530
5561
5562
5575
5642
5648
5705
5721
5721
5762
5765
5801
5884
5978
6011
6018
6023
6060
6108
6123
6205
6238
6269
6342
6380
6390
6436
6473
6488
6509
6557
6561
6574
6589
6638
6679
6717
6740
6753
6753
6839
6840
6869
6916
6966
6968
7007
7037
7127
7153
7182
7241
7293
7349
7382
7427
7451
7530
7560
7593
7623
7659
7718
7807
7902
7961
8019
8079
8119
8128
8174
8258
8294
8335
8335
8423
8445
8463
8519
8569
8630
8634
8653
8666
8683
8737
8832
8859
8937
8961
8967
9010
9037
9090
9165
9189
9210
9212
9242
9270
9365
9386
9401
9430
9450
9476
9489
9550
9585
9640
9682
9759
9769
9792
9865
9891
9898
9926
9946
9972
10088
10145
10150
10245
10273
10346
10386
10401
10416
10443
10484
10512
10579
10586
10611
10658
10703
10758
10777
10824
10842
10862
10869
10911
10940
11003
11029
11057
11084
11084
11094
11211
11217
11280
11295
11321
11352
11375
11414
11434
11452
11497
11522
11522
11583
11623
11676
11691
11725
11739
11826
11871
11914
11997
12074
12094
12104
12113
12155
12226
12249
12323
12347
12351
12368
12371
12430
12486
12492
12526
12532
12551
12610
12631
12633
12658
12671
12723
12781
12813
12877
12976
12976
12976
12993
13037
13077
13096
13140
13197
13238
13288
13337
13339
13387
13430
13512
13530
13551
13562
13594
13594
13643
13663
13675
13700
13738
13756
13822
13827
13842
13881
13917
13943
13972
14032
14126
14148
14162
14198
14232
14263
14264
14350
14398
14471
14511
14622
14681
14770
14809
14910
14950
15005
15036
15111
15136
15191
15232
15292
15315
15357
15394
15478
15485
15535
15594
15627
15660
15686
15713
15750
15784
15813
15879
15909
15993
16035
16076
16159
16183
16248
16284
16289
16342
16351
16392
16427
16473
16481
16502
16515
16598
16631
16660
16660
16697
16763
16813
16876
16911
16965
17033
17045
17061
17106
17153
17182
17257
17257
17296
17347
17407
17428
17504
17521
17551
17570
17580
17600
17630
17646
17682
17682
17714
17759
17796
17799
17830
17904
17948
18001
18064
18090
18127
18158
18179
18201
18249
18300
18310
18361
18414
18436
18442
18443
18443
18492
18527
18535
18596
18606
18638
18703
18761
18798
18829
18839
18894
18921
18975
