0
5
5
21
54
113
137
225
328
387
440
517
523
605
644
696
728
780
812
852
882
938
953
992
1070
1113
1162
1240
1248
1248
1267
1328
1384
1446
1496
1628
1671
1689
1704
1755
1815
1815
1876
1912
1983
2010
2088
2123
2175
2180
2226
2240
2286
2339
2395
2439
2469
2474
2549
2564
2636
2669
2670
2703
2752
2778
2832
2886
2902
2920
2946
3003
3037
3112
3165
3245
3256
3287
3363
3389
3500
3559
3559
3617
3642
3721
3748
3803
3813
3813
3836
3878
3970
3976
3984
4021
4098
4132
4189
4207
4267
4298
4382
4432
4464
4529
4575
4625
4625
4656
4687
4739
4754
4816
4826
4852
4867
4889
4910
4929
4938
4986
4986
5019
5029
5062
5073
5094
5129
5144
5193
5213
5256
5322
5384
5412
5416
5437
5472
5487
5547
5660
5702
5721
5731
5740
5789
5845
5877
5907
5909
5918
5989
5996
6052
6066
6066
6105
6107
6143
6226
6319
6352
6360
6364
6398
6448
6462
6545
6579
6610
6683
6720
6730
6760
6814
6828
6850
6899
6902
6914
6928
6978
7019
7058
7081
7093
7093
7180
7181
7212
7258
7305
7313
7351
7381
7472
7501
7528
7585
7637
7693
7726
7770
7795
7872
7902
7936
7966
8001
8059
8148
8243
8300
8357
8419
8458
8466
8512
8594
8631
8671
8671
8760
8783
8800
8855
8904
8963
8970
8988
8998
9017
9072
9167
9195
9273
9298
9305
9347
9375
9431
9502
9528
9548
9550
9580
9607
9700
9722
9738
9767
9786
9811
9821
9883
9918
9972
10016
10095
10102
10124
10196
10222
10230
10251
10279
10304
10421
10477
10483
10580
10602
10682
10723
10738
10755
10781
10822
10850
10916
10923
10948
10995
11041
11095
11111
11159
11177
11197
11204
11246
11275
11338
11362
11390
11417
11417
11427
11544
11550
11614
11629
11655
11686
11709
11747
11766
11784
11830
11848
11856
11915
11956
12009
12023
12055
12069
12157
12204
12247
12330
12407
12425
12436
12445
12486
12560
12583
12658
12684
12688
12703
12706
12765
12822
12828
12862
12870
12886
12949
12970
12971
12995
13008
13059
13117
13148
13214
13313
13313
13313
13330
13373
13414
13435
13478
13534
13572
13627
13676
13677
13727
13768
13850
13869
13892
13903
13935
13935
13981
14003
14016
14040
14079
14097
14164
14170
14184
14217
14258
14285
14313
14375
14467
14490
14504
14540
14576
14607
14608
14694
14741
14814
14852
14961
15020
15113
15154
15254
15293
15347
15380
15447
15480
15535
15577
15638
15660
15703
15737
15825
15832
15881
15939
15972
16004
16028
16058
16097
16131
16163
16229
16259
16345
16385
16427
16508
16535
16600
16639
16644
16697
16707
16749
16783
16829
16838
16858
16871
16955
16989
17017
17017
17056
17122
17175
17239
17267
17325
17395
17408
17423
17472
17519
17548
17623
17623
17662
17711
17771
17792
17868
17886
17917
17936
17945
17965
17994
18009
18046
18046
18078
18124
18160
18164
18194
18267
18312
18365
18427
18454
18492
18522
18539
18563
18609
18660
18670
18721
18774
18795
18800
18802
18802
18851
18885
18891
18955
18963
18994
