0
17
36
96
146
157
170
196
222
243
267
306
362
402
437
517
562
598
657
694
735
769
791
851
856
897
918
959
981
1021
1036
1093
1096
1131
1171
1197
1214
1236
1261
1286
1309
1350
1382
1431
1473
1498
1527
1578
1598
1656
1668
1677
1715
1722
1753
1776
1809
1813
1826
1854
1891
1913
1936
1949
1977
2016
2064
2089
2124
2166
2201
2208
2229
2255
2304
2336
2356
2356
2383
2428
2460
2474
2527
2551
2557
2580
2586
2596
2618
2632
2660
2671
2692
2717
2747
2761
2790
2829
2852
2904
2930
2954
2989
3004
3024
3037
3074
3103
3111
3146
3184
3202
3209
3210
3210
3250
3278
3290
3330
3343
3382
3426
3466
3481
3499
3518
3553
3575
3607
3663
3702
3725
3726
3730
3778
3801
3843
3876
3900
3909
3919
3934
3954
3991
4013
4022
4032
4057
4082
4094
4113
4139
4179
4194
4233
4256
4287
4317
4321
4321
4346
4383
4399
4428
4496
4544
4605
4618
4673
4684
4732
4760
4808
4834
4865
4880
4919
4955
4961
4985
5007
5062
5108
5131
5169
5173
5173
5200
5257
5290
5326
5372
5452
5475
5485
5499
5537
5570
5591
5632
5668
5695
5733
5774
5799
5829
5851
5859
5880
5913
5968
6007
6019
6031
6051
6089
6117
6165
6172
6175
6198
6233
6280
6292
6335
6355
6362
6387
6426
6453
6513
6573
6591
6598
6637
6696
6727
6799
6812
6824
6862
6889
6930
6957
6984
6992
6998
7019
7059
7106
7113
7122
7174
7202
7232
7258
7302
7328
7381
7399
7442
7462
7519
7553
7575
7575
7602
7639
7661
7665
7704
7726
7740
7751
7771
7785
7808
7830
7839
7861
7861
7873
7891
7905
7916
7942
7954
8001
8009
8034
8088
8125
8147
8150
8175
8193
8204
8274
8328
8359
8362
8377
8394
8420
8455
8480
8499
8507
8556
8569
8602
8610
8622
8640
8647
8670
8697
8748
8808
8820
8829
8833
8878
8897
8915
8956
8981
9010
9051
9085
9086
9128
9151
9158
9174
9206
9209
9220
9246
9265
9318
9329
9343
9351
9351
9408
9422
9439
9485
9507
9525
9551
9586
9630
9654
9672
9699
9746
9787
9803
9835
9868
9909
9940
9973
9988
10012
10071
10125
10173
10226
10265
10302
10312
10335
10357
10412
10442
10462
10471
10533
10547
10556
10593
10633
10673
10673
10687
10704
10721
10758
10816
10874
10899
10911
10919
10957
10969
11003
11052
11076
11089
11096
11116
11158
11208
11211
11224
11246
11264
11284
11313
11353
11382
11406
11447
11480
11489
11531
11566
11577
11595
11622
11646
11691
11745
11761
11796
11840
11886
11913
11942
11946
11956
12002
12006
12045
12077
12093
12095
12147
12165
12203
12227
12258
12260
12282
12285
12330
12338
12386
12409
12429
12439
12448
12476
12526
12532
12574
12606
12614
12633
12663
12680
12701
12732
12749
12762
12768
12814
12848
12880
12891
12916
12946
12990
13025
13052
13101
13158
13171
13176
13198
13229
13270
13300
13327
13347
13348
13364
13391
13439
13446
13450
13479
13489
13539
13549
13553
13554
13582
