0
33
66
103
117
170
199
246
266
300
321
357
380
415
432
453
500
526
559
605
617
618
639
680
719
761
792
854
886
906
930
961
1003
1009
1049
1077
1118
1147
1190
1216
1250
1261
1289
1309
1337
1376
1411
1431
1459
1473
1512
1526
1560
1586
1594
1625
1657
1679
1705
1740
1761
1779
1806
1839
1869
1909
1942
1983
1997
2022
2071
2090
2149
2179
2191
2224
2252
2297
2319
2350
2361
2372
2402
2430
2484
2500
2516
2549
2585
2613
2644
2667
2702
2735
2776
2808
2836
2871
2901
2937
2945
2971
2996
3027
3043
3074
3091
3115
3141
3159
3181
3203
3226
3263
3272
3290
3309
3334
3346
3369
3392
3408
3438
3460
3486
3522
3560
3580
3595
3613
3637
3653
3688
3745
3777
3792
3819
3830
3865
3906
3929
3960
3968
3988
4021
4036
4069
4085
4092
4119
4129
4156
4200
4245
4271
4285
4304
4329
4359
4373
4413
4438
4463
4505
4534
4547
4579
4606
4629
4650
4688
4702
4719
4739
4765
4793
4828
4851
4864
4869
4912
4925
4953
4985
5016
5029
5066
5090
5139
5167
5193
5228
5259
5300
5325
5359
5382
5425
5448
5478
5498
5529
5562
5611
5663
5699
5733
5772
5791
5802
5829
5877
5910
5938
5950
5996
6022
6046
6083
6116
6156
6167
6188
6209
6231
6266
6316
6344
6394
6415
6423
6458
6480
6515
6554
6576
6606
6610
6632
6654
6701
6719
6738
6765
6791
6816
6836
6867
6901
6933
6964
7010
7020
7046
7087
7113
7129
7158
7180
7201
7256
7294
7311
7362
7389
7428
7454
7479
7500
7521
7550
7570
7609
7620
7641
7673
7702
7732
7748
7780
7802
7820
7835
7864
7883
7923
7948
7971
8005
8016
8029
8084
8098
8127
8144
8174
8202
8222
8250
8270
8299
8329
8351
8358
8398
8426
8458
8480
8507
8522
8568
8601
8626
8665
8701
8726
8739
8752
8784
8824
8846
8889
8911
8922
8936
8947
8990
9022
9037
9066
9081
9100
9127
9142
9155
9175
9192
9225
9260
9282
9326
9376
9386
9392
9411
9440
9460
9484
9514
9548
9582
9608
9638
9649
9682
9705
9749
9765
9786
9802
9825
9840
9872
9888
9901
9921
9946
9965
10008
10023
10041
10071
10097
10124
10143
10186
10230
10246
10272
10298
10330
10357
10370
10420
10458
10496
10525
10582
10616
10663
10690
10739
10763
10801
10826
10873
10888
10927
10950
10982
11011
11039
11066
11109
11126
11161
11193
11220
11250
11275
11296
11329
11352
11383
11422
11450
11499
11526
11558
11604
11629
11672
11698
11711
11745
11756
11779
11812
11840
11849
11866
11882
11920
11945
11979
11988
12017
12050
12085
12133
12163
12191
12234
12249
12267
12298
12327
12352
12398
12407
12437
12465
12506
12536
12577
12600
12623
12645
12662
12684
12708
12730
12756
12770
12794
12827
12848
12864
12892
12934
12964
13001
13033
13054
13089
13115
13150
13170
13200
13237
13253
13282
13329
13353
13365
13382
13389
13417
13449
13463
13506
13521
13543
13579
13617
13640
13669
13693
13728
13746
13782
