0
21
41
114
178
195
210
247
273
302
334
383
452
504
546
647
705
751
826
872
930
969
998
1072
1075
1125
1152
1202
1225
1278
1298
1370
1374
1416
1468
1506
1526
1549
1582
1610
1639
1691
1733
1797
1843
1873
1911
1976
1997
2072
2086
2093
2141
2149
2189
2216
2258
2262
2278
2316
2366
2394
2424
2440
2471
2522
2588
2622
2662
2715
2762
2771
2796
2825
2890
2932
2957
2957
2995
3055
3100
3110
3180
3210
3217
3244
3254
3264
3291
3313
3346
3358
3382
3416
3448
3465
3501
3556
3587
3657
3686
3715
3758
3777
3800
3820
3869
3905
3912
3957
4009
4033
4039
4040
4040
4084
4115
4126
4176
4187
4236
4290
4341
4358
4379
4402
4444
4470
4509
4582
4631
4663
4663
4668
4722
4752
4804
4846
4876
4882
4890
4908
4931
4979
5008
5019
5029
5059
5087
5102
5126
5161
5208
5221
5270
5303
5344
5383
5387
5387
5421
5475
5497
5535
5625
5686
5759
5771
5837
5850
5914
5954
6017
6048
6088
6104
6153
6201
6210
6243
6268
6342
6400
6430
6479
6485
6485
6517
6587
6631
6681
6737
6840
6871
6883
6902
6951
6994
7021
7071
7116
7149
7196
7250
7276
7314
7343
7355
7380
7419
7492
7541
7553
7573
7596
7647
7684
7748
7755
7758
7783
7829
7885
7902
7948
7974
7981
8013
8057
8089
8169
8246
8273
8279
8329
8398
8441
8533
8550
8564
8612
8646
8698
8731
8767
8774
8788
8814
8867
8926
8932
8944
9014
9054
9089
9124
9178
9202
9270
9293
9350
9374
9449
9486
9518
9521
9554
9600
9626
9632
9682
9709
9720
9734
9759
9777
9803
9831
9846
9875
9875
9890
9912
9926
9940
9971
9988
10047
10055
10088
10160
10207
10235
10240
10265
10291
10305
10396
10468
10509
10516
10531
10553
10584
10630
10663
10686
10690
10751
10766
10812
10821
10837
10859
10868
10896
10937
11003
11078
11098
11107
11115
11172
11194
11213
11267
11300
11333
11387
11430
11430
11486
11516
11527
11553
11592
11599
11612
11644
11669
11738
11749
11763
11774
11774
11851
11865
11887
11948
11975
12000
12032
12075
12131
12161
12184
12220
12284
12338
12355
12392
12430
12482
12517
12557
12572
12600
12672
12741
12802
12871
12920
12966
12976
13008
13035
13100
13135
13167
13177
13255
13273
13281
13332
13387
13439
13439
13455
13477
13495
13544
13622
13695
13728
13747
13753
13801
13814
13859
13923
13948
13962
13969
13993
14046
14116
14118
14136
14159
14178
14201
14240
14290
14328
14358
14411
14452
14459
14510
14552
14567
14586
14616
14651
14709
14781
14798
14840
14898
14956
14990
15029
15032
15047
15103
15106
15156
15194
15214
15218
15281
15303
15348
15378
15419
15421
15441
15445
15503
15507
15565
15595
15623
15635
15646
15680
15743
15745
15802
15834
15847
15870
15902
15929
15956
15993
16013
16033
16036
16096
16139
16175
16186
16213
16250
16303
16346
16381
16445
16519
16534
16539
16570
16604
16656
16695
16732
16758
16760
16778
16812
16869
16878
16882
16914
16921
16984
16994
17006
17006
17039
