0
63
115
128
162
208
274
296
320
333
354
384
389
443
463
485
487
545
592
601
632
662
666
687
692
744
787
806
832
861
861
872
922
959
996
1019
1042
1070
1070
1114
1129
1147
1186
1194
1210
1221
1271
1317
1338
1365
1375
1426
1454
1501
1559
1614
1650
1657
1665
1694
1758
1777
1818
1847
1861
1875
1878
1915
1958
1969
1980
2003
2008
2062
2077
2080
2094
2111
2151
2181
2206
2259
2340
2346
2350
2350
2392
2425
2436
2461
2492
2523
2579
2610
2623
2655
2686
2738
2771
2777
2799
2823
2824
2854
2861
2885
2903
2939
2950
3004
3014
3020
3033
3063
3114
3140
3184
3228
3271
3292
3305
3343
3369
3382
3427
3467
3524
3565
3640
3688
3743
3781
3847
3902
3941
3963
3991
4048
4085
4115
4132
4173
4216
4239
4297
4313
4348
4372
4425
4444
4460
4488
4510
4532
4560
4612
4637
4708
4734
4764
4794
4845
4869
4923
4942
4984
4992
5011
5033
5082
5089
5098
5105
5165
5188
5218
5231
5245
5275
5340
5393
5410
5452
5500
5534
5543
5572
5624
5651
5696
5707
5714
5739
5793
5831
5860
5894
5925
5932
5956
5970
5991
6012
6043
6049
6059
6106
6118
6139
6160
6214
6230
6274
6336
6360
6387
6417
6435
6462
6470
6522
6544
6585
6621
6640
6650
6657
6657
6693
6699
6725
6764
6798
6805
6864
6907
6934
6957
6971
6993
7029
7065
7126
7174
7226
7228
7228
7269
7300
7325
7367
7410
7418
7425
7435
7467
7492
7537
7550
7560
7568
7621
7632
7636
7675
7686
7729
7783
7803
7830
7874
7890
7893
7895
7932
7975
7989
8048
8108
8153
8225
8281
8287
8345
8382
8414
8451
8472
8514
8549
8573
8613
8613
8654
8707
8745
8778
8829
8841
8847
8851
8876
8948
8994
9031
9104
9154
9181
9186
9230
9268
9283
9330
9352
9399
9437
9489
9513
9564
9569
9601
9615
9637
9669
9721
9764
9774
9793
9848
9857
9919
9947
9950
9969
9997
10029
10082
10113
10136
10154
10174
10208
10243
10287
10335
10404
10419
10441
10482
10526
10578
10638
10654
10698
10720
10782
10799
10844
10856
10859
10879
10898
10965
10989
10998
11008
11075
11113
11141
11173
11219
11246
11301
11334
11372
11420
11447
11500
11500
11524
11534
11571
11596
11635
11653
11675
11683
11696
11734
11751
11765
11797
11798
11822
11832
11856
11868
11874
11905
11916
11964
11985
12021
12053
12100
12142
12148
12164
12198
12216
12260
12339
12367
12395
12412
12423
12463
12492
12512
12553
12571
12572
12633
12639
12677
12689
12699
12722
12731
12755
12822
12882
12911
12923
12931
12960
12998
13010
13053
13087
13118
13150
13191
13213
13233
13281
13297
13314
13320
13351
13366
13371
13418
13429
13479
13503
13516
13516
13580
13581
13594
13630
13665
13690
13723
13749
13793
13824
13860
13903
13936
13975
14016
14048
14073
14118
14157
14183
14206
14231
14275
14331
14418
14448
14494
14547
14579
14587
14623
14640
14698
14742
14742
14805
14819
14839
14873
14914
14953
14980
14998
