0
377
658
986
1263
1572
1964
2238
2508
2937
3197
3581
3900
4261
4703
5091
5420
5827
6121
6406
6872
7163
7457
7822
8242
8661
9003
9262
9622
9964
10216
10504
10794
11190
11506
11848
12164
12527
12825
13208
13700
13992
14298
14689
15089
15425
15682
16045
16401
16722
17195
17542
17838
18040
18341
18588
18874
19141
19492
19728
19979
20288
20676
20972
21367
21658
22016
22505
22876
23205
23570
23921
24245
24592
24836
25159
25531
25935
26231
26501
26905
27300
27672
27922
28141
28360
28796
29121
29404
29654
30003
30431
30814
31147
31591
31961
32285
32629
33004
33376
33672
33955
34314
34584
34977
35288
35630
35905
36282
36477
36806
37072
37433
37863
38205
38501
38883
39204
39499
39758
40167
40509
40831
41205
41584
41898
42175
42409
42776
43099
43453
43792
44088
44486
44891
45120
45371
45762
46064
46379
46696
47167
47560
47913
48142
48524
48818
49142
49458
49805
50102
50412
50730
51084
51385
51719
52044
52251
52641
53098
53493
53841
54241
54540
55022
55212
55609
55935
56339
56576
56754
57064
57411
57857
58183
58520
58884
59185
59706
60057
60344
60826
61129
61574
61866
62073
62403
62740
62996
63371
63573
63934
64206
64552
64899
65282
65657
66081
66492
66841
67236
67592
67976
68309
68578
68878
69236
69611
69934
70366
70622
71056
71327
71657
72024
72314
72699
73090
73358
73608
73928
74250
74727
75069
75480
75865
76109
76505
76970
77362
77559
78079
78537
78870
79180
79471
79763
80019
80380
80689
80961
81434
81726
82098
82403
82594
82844
83168
83484
83718
83940
84347
84645
84942
85200
85492
85740
86172
86545
86887
87282
87603
87946
88208
88505
88861
89241
89491
89842
90133
90314
90677
90961
91325
91669
91899
92285
92695
92964
93355
93677
93964
94258
94639
94945
95292
95619
95936
96191
96446
96753
97065
97394
97791
98180
98539
98908
99235
99539
99878
100061
100426
100696
101056
101303
101596
101969
102351
102693
103071
103386
103887
104268
104562
104849
105183
105481
105787
106066
106395
106719
106927
107350
107648
108020
108490
108821
109232
109538
109839
110101
110310
110653
111002
111454
111771
112129
112465
112799
113266
113543
113714
113990
114340
114793
115161
115430
115777
116109
116424
116705
116979
117267
117508
117839
118150
118482
118808
119160
119487
119840
120271
120559
120966
121303
121606
122095
122473
122852
123252
123604
123869
124169
124369
124740
125070
125492
125884
126180
126561
126837
127083
127396
127762
128129
128565
128907
129440
129791
130262
130679
131032
131418
131850
132168
132454
132792
133121
133443
133817
134214
134492
134869
135146
135542
135858
136135
136440
136843
137338
137639
137939
138347
138660
139020
139340
139654
139933
140296
140763
141048
141416
141669
141995
142428
142682
143148
143545
143859
144127
144414
144748
145066
145269
145560
145720
145924
146254
146617
146992
147400
147738
148152
148459
148671
148895
149278
149648
149940
150185
150493
150793
151103
151430
151706
151993
152372
152730
153021
153377
153673
153885
154316
154584
154894
155138
155515
155927
156298
156546
156847
157143
157499
157791
158111
158475
158834
159164
159469
159731
160161
160547
160859
161193
161571
161931
162364
162658
162995
163417
163678
163918
164229
164576
164907
165319
165657
166036
166385
166625
166970
