0
298
617
873
1141
1488
1895
2356
2757
3064
3456
3741
4072
4354
4798
5251
5619
5962
6230
6544
6780
7286
7648
7945
8309
8723
9026
9467
9730
10126
10459
10754
11091
11408
11707
12034
12299
12572
12886
13241
13736
14037
14546
14881
15272
15651
15979
16380
16774
17051
17411
17684
18067
18501
18830
19163
19569
19930
20324
20695
21080
21452
21664
21980
22363
22791
23141
23504
23828
24270
24553
24913
25230
25542
25942
26282
26680
27076
27277
27662
28015
28434
28745
29114
29518
29908
30271
30587
30926
31174
31507
31951
32289
32666
33166
33469
33952
34398
34878
35294
35644
35859
36131
36548
36922
37171
37504
37920
38374
38720
39244
39605
40042
40393
40741
41043
41443
41879
42329
42640
43039
43311
43627
43975
44247
44709
45042
45348
45724
45978
46396
46717
47008
47348
47642
47960
48333
48698
49094
49392
49804
50151
50436
50743
50983
51392
51675
52050
52392
52776
53160
53625
53941
54375
54647
54972
55458
55824
56108
56395
56631
56929
57302
57683
58020
58432
58752
59354
59911
60264
60556
60909
61319
61735
62153
62514
62915
63284
63654
63958
64211
64462
64904
65211
65455
65809
66265
66624
67054
67264
67489
67920
68267
68658
68877
69225
69565
69939
70306
70719
71154
71585
71957
72362
72785
73027
73418
73699
74123
74529
74782
75103
75370
75659
75989
76278
76589
77003
77336
77720
78060
78498
78957
79282
79634
80089
80435
80706
81016
81466
81790
82107
82457
82868
83257
83569
83799
84203
84584
84910
85290
85653
86054
86338
86653
87089
87461
87793
88135
88508
88780
89140
89659
90038
90433
90969
91462
92001
92426
92788
93138
93588
93844
94115
94453
94746
95120
95448
95851
96195
96574
97017
97396
97772
98110
98415
98845
99143
99508
99853
100265
100622
100950
101299
101746
102093
102505
102874
103153
103438
103754
104184
104629
104896
105271
105617
106006
106288
106598
106991
107409
107748
108200
108575
108860
109314
109660
110015
110382
110763
111175
111647
112071
112500
112852
113144
113409
113778
114066
114500
114791
115095
115492
115822
116305
116585
117026
117388
117810
118245
118748
119190
119501
119712
120139
120427
120771
121188
121546
121880
122133
122408
122798
123157
123465
123757
124164
124553
124888
125190
125528
125818
126145
126364
126745
127124
127543
127873
128294
128594
128975
129279
129604
129886
130264
130645
130895
131156
131423
131702
132088
132483
132868
133255
133524
133917
134181
134552
134969
135203
135484
135949
136390
136787
137100
137579
137967
138301
138670
139098
139595
139938
140320
140709
141012
141277
141562
142018
142357
142632
142920
143267
143569
143915
144314
144566
144976
145371
145851
146159
146475
146732
147001
147328
147617
147899
148404
148729
149083
149533
149919
150186
150491
150877
151197
151680
151903
152217
152566
152941
153185
153627
154061
154423
154886
155250
155633
155997
156270
156660
156944
157297
157551
157822
158060
158475
158927
159227
159707
160092
160370
160621
160935
161357
161637
162043
162407
162736
163132
163379
163731
164021
164263
164601
164995
165298
165616
165984
166265
166666
166985
167223
167604
168072
168477
168780
169083
169291
169552
169858
170284
170558
170919
171316
171813
172185
172609
172972
173306
173678
174025
174346
174708
175166
175523
175911
176303
176664
177001
177374
177632
