0
313
596
955
1181
1509
1832
2199
2414
2729
3109
3501
3792
4212
4486
4771
5183
5504
5776
6100
6440
6856
7165
7423
7694
8052
8320
8597
8750
9117
9421
9768
10063
10387
10625
10996
11436
11708
12045
12336
12750
13080
13376
13677
13931
14224
14669
14969
15271
15518
15732
16001
16193
16471
16784
17052
17235
17531
17760
18208
18487
18769
19149
19517
19883
20216
20551
20837
21139
21432
21776
21978
22277
22649
23054
23214
23567
23865
24222
24501
24771
24948
25212
25623
25909
26133
26411
26662
27112
27423
27827
28210
28488
28825
29103
29450
29720
30032
30303
30564
30859
31336
31529
31833
32164
32371
32676
32957
33219
33629
33971
34245
34558
34816
35125
35379
35643
35993
36353
36605
36955
37347
37602
37847
38068
38423
38771
39029
39377
39681
40089
40329
40589
40834
41206
41523
41776
42259
42587
42866
43173
43419
43714
44056
44321
44627
44906
45148
45486
45754
46036
46334
46635
46883
47147
47661
47990
48382
48703
48948
49294
49586
49865
50218
50586
50825
51064
51220
51569
51914
52232
52590
52944
53144
53677
54008
54254
54693
55047
55409
55746
55902
56144
56478
56735
57035
57272
57583
57834
58129
58421
58767
59072
59530
59913
60243
60570
61009
61243
61672
61947
62133
62450
62782
63140
63416
63737
64074
64403
64678
64985
65279
65633
65977
66292
66446
66768
66985
67319
67789
68153
68395
68806
69092
69457
69852
70139
70450
70944
71347
71533
71878
72076
72323
72593
72884
73170
73544
73902
74224
74511
74736
74945
75255
75528
75723
75965
76300
76522
76829
77056
77312
77557
77884
78278
78589
78886
79284
79565
79795
79994
80431
80758
81048
81289
81564
81789
82037
82317
82594
82990
83175
83421
83787
84093
84432
84788
85019
85269
85607
85860
86238
86483
86800
87079
87301
87580
87804
88120
88540
88835
89196
89533
89800
90072
90424
90609
90888
91161
91495
91750
91996
92322
92706
93042
93307
93665
94040
94479
94758
94994
95332
95579
95882
96150
96394
96701
96991
97280
97609
97842
98258
98634
98968
99310
99616
99799
99981
100229
100605
100956
101314
101608
101932
102198
102616
102939
103122
103267
103610
104010
104402
104650
104983
105243
105508
105771
106042
106325
106542
106872
107100
107382
107702
108015
108382
108687
109050
109373
109654
110023
110285
110709
111053
111426
111827
112169
112416
112680
112842
113154
113450
113844
114239
114482
114743
115094
115308
115529
115932
116284
116680
116924
117428
117733
118137
118564
118923
119250
119674
120027
120249
120579
120879
121184
121584
121801
122162
122447
122757
123129
123417
123685
123932
124239
124636
125028
125325
125649
125992
126322
126598
126931
127205
127447
127777
128196
128562
128848
129087
129373
129708
130180
130504
130777
131045
131297
131554
131839
132117
132325
132559
132731
132910
133254
133574
133929
134344
134734
134971
135224
135385
135743
136009
136370
136643
136870
137154
137381
137695
137990
138181
138519
138940
139243
139470
139791
139995
140236
140613
140866
141117
141463
141843
142140
142432
142692
142955
143220
143564
143786
144115
144520
144762
145035
145281
145639
146004
146317
146618
146918
147269
147633
147989
148277
148699
148940
149166
149342
149643
150002
150401
150760
151104
151347
151673
151921
152261
152577
152772
153066
