0
464
840
1060
1589
2013
2342
2645
2958
3208
3473
3836
4136
4405
4883
5240
5549
5797
5997
6295
6592
6868
7110
7451
7770
8085
8370
8613
8938
9242
9629
10004
10334
10737
11079
11380
11615
12008
12270
12638
12957
13216
13523
13750
14103
14349
14752
15041
15303
15660
16073
16352
16767
17082
17347
17671
18015
18354
18713
19029
19330
19631
19844
20189
20467
20900
21249
21602
21959
22363
22684
22971
23270
23520
23837
24126
24484
24766
25082
25426
25785
26151
26497
26868
27334
27726
27994
28308
28625
28918
29208
29519
29844
30156
30346
30803
31059
31502
31913
32286
32642
33027
33231
33483
33690
34096
34397
34851
35183
35572
35843
36230
36669
36923
37104
37368
37770
38225
38550
38870
39168
39514
39835
40161
40364
40690
40906
41250
41588
41978
42186
42567
42889
43235
43669
43979
44402
44743
45117
45522
45962
46270
46600
46982
47254
47516
47755
48143
48485
48935
49291
49584
49941
50241
50478
50873
51202
51601
51989
52426
52833
53186
53713
54101
54449
54845
55221
55548
55832
56192
56584
56871
57224
57635
57901
58282
58562
58977
59241
59527
59840
60290
60728
61022
61403
61761
62117
62456
62819
63084
63378
63709
64172
64493
64891
65124
65415
65835
66211
66615
66959
67258
67540
67794
68202
68459
68644
68948
69080
69321
69619
70044
70386
70852
71238
71565
71842
72062
72329
72706
73126
73352
73592
73892
74162
74504
74862
75131
75401
75837
76173
76444
76832
77095
77342
77739
78052
78334
78649
78985
79389
79700
79966
80280
80569
80946
81221
81569
81934
82268
82564
82860
83152
83639
83959
84269
84593
85015
85359
85770
86097
86496
86839
87125
87333
87615
88008
88382
88753
89113
89480
89783
90064
90425
90713
90988
91317
91685
92104
92441
92751
93055
93421
93691
93970
94223
94620
94969
95318
95657
96051
96287
96570
96830
97192
97639
97983
98186
98543
98844
99363
99672
99997
100304
100667
100907
101117
101531
101880
102179
102673
103062
103321
103643
103882
104252
104573
104881
105181
105562
105844
106228
106521
106907
107372
107679
108057
108465
108787
109088
109568
109827
110136
110523
110960
111316
111668
111903
112340
112578
112857
113128
113472
113827
114144
114492
114832
115079
115515
115956
116322
116680
116987
117408
117767
118054
118380
118660
119085
119486
119850
120146
120409
120643
120914
121200
121457
121806
122120
122325
122570
122901
123348
123689
123986
124273
124715
125115
125498
125762
126176
126517
126852
127201
127472
127726
128183
128572
128822
129115
129537
129912
130242
130531
130687
130996
131440
131766
132036
132287
132655
133098
133455
133841
134269
134567
134954
135266
135642
135960
136249
136588
136891
137197
137673
137924
138223
138550
138837
139124
139483
139668
140124
140483
140886
141181
141487
141813
142126
142410
142789
143144
143457
143836
144247
144549
144781
145100
145443
145798
146092
146486
146787
147176
147485
147761
148048
148408
148707
149054
149422
149847
150213
150550
150823
151135
151542
151781
152140
152452
152727
153069
153330
153687
154028
154334
154657
154913
155337
155779
156162
156564
156897
157236
157612
157869
158241
158660
158917
159198
159343
159697
160103
160484
160852
161201
161500
161899
162424
162661
163027
163491
163810
164248
164448
164743
164992
165381
165657
165983
166287
