0
328
601
949
1300
1739
2052
2337
2664
3003
3277
3568
3728
4109
4426
4783
5096
5448
5685
6054
6513
6820
7155
7462
7865
8203
8508
8828
9103
9403
9876
10187
10493
10754
11000
11270
11498
11758
12084
12355
12552
12856
13102
13560
13872
14183
14562
14947
15326
15657
16036
16323
16636
16959
17348
17593
17881
18273
18677
18854
19235
19546
19923
20211
20507
20691
20981
21393
21702
21939
22219
22511
22945
23284
23696
24085
24390
24738
25049
25392
25675
26003
26277
26559
26889
27365
27576
27893
28256
28458
28770
29068
29335
29773
30132
30411
30742
31018
31347
31619
31908
32267
32662
32906
33276
33672
33958
34208
34465
34822
35156
35459
35811
36120
36541
36806
37066
37323
37725
38041
38318
38799
39150
39455
39762
40027
40337
40702
40980
41305
41591
41872
42205
42482
42777
43120
43411
43653
43927
44465
44810
45210
45557
45831
46178
46475
46773
47143
47499
47751
48005
48175
48554
48901
49239
49615
49986
50208
50745
51092
51356
51819
52194
52555
52904
53085
53326
53673
53957
54266
54506
54837
55087
55396
55728
56087
56382
56853
57259
57609
57938
58391
58647
59100
59372
59565
59903
60254
60636
60938
61267
61634
61961
62255
62567
62880
63264
63597
63935
64114
64454
64686
65045
65523
65909
66169
66589
66893
67283
67706
67965
68324
68819
69223
69438
69799
70016
70286
70545
70885
71148
71543
71920
72277
72553
72791
73013
73336
73658
73841
74103
74475
74675
74989
75244
75528
75771
76114
76543
76872
77187
77585
77866
78114
78334
78777
79114
79427
79698
80014
80223
80482
80790
81090
81498
81717
81993
82389
82689
83049
83411
83668
83927
84309
84556
84934
85201
85517
85799
86030
86344
86565
86901
87326
87645
88036
88387
88665
88955
89327
89527
89821
90131
90441
90690
90949
91297
91694
92040
92317
92693
93092
93553
93837
94084
94436
94705
95014
95291
95540
95878
96160
96486
96809
97063
97483
97880
98267
98619
98926
99140
99315
99618
99956
100343
100705
101012
101347
101637
102061
102379
102604
102760
103111
103526
103949
104187
104528
104823
105086
105387
105649
105951
106176
106513
106754
107048
107387
107716
108112
108425
108804
109158
109452
109821
110107
110527
110882
111262
111688
112038
112310
112582
112756
113077
113391
113793
114202
114452
114730
115100
115335
115582
115992
116355
116785
117049
117575
117917
118307
118764
119139
119471
119927
120283
120521
120857
121188
121499
121901
122162
122503
122823
123148
123518
123826
124127
124370
124718
125108
125512
125829
126169
126537
126894
127181
127537
127831
128094
128444
128884
129265
129565
129822
130127
130487
130973
131314
131598
131881
132172
132464
132747
133044
133291
133521
133695
133873
134242
134556
134927
135361
135772
136032
136305
136482
136840
137138
137497
137783
138016
138334
138556
138908
139216
139409
139748
140178
140490
140751
141086
141285
141566
141937
142201
142481
142838
143226
143540
143861
144131
144413
144702
145081
145277
145642
146044
146303
146593
146864
147239
147628
147959
148274
148596
148954
149333
149712
150007
150439
150697
150940
151124
151480
151819
152213
152590
152939
153215
153540
153839
154174
154471
154687
154987
155324
155761
156120
156334
156644
157027
157281
157449
157767
158161
158556
158799
159154
159508
159770
160000
