0
388
683
1025
1326
1668
2098
2407
2704
3140
3416
3816
4142
4508
4980
5398
5753
6171
6490
6795
7291
7592
7917
8288
8732
9170
9518
9799
10184
10553
10825
11133
11448
11870
12197
12563
12888
13255
13575
13974
14483
14799
15128
15531
15966
16315
16596
16979
17351
17701
18193
18561
18880
19104
19434
19707
19992
20271
20636
20901
21163
21496
21896
22224
22631
22931
23309
23817
24218
24549
24928
25296
25663
26015
26274
26603
27001
27430
27744
28029
28435
28856
29253
29516
29744
29979
30445
30783
31067
31341
31714
32143
32569
32924
33372
33755
34108
34474
34869
35240
35546
35870
36238
36539
36960
37299
37660
37948
38337
38549
38897
39195
39583
40010
40398
40714
41096
41453
41785
42066
42480
42839
43184
43560
43961
44285
44588
44836
45230
45581
45943
46316
46658
47079
47505
47772
48037
48449
48772
49091
49434
49921
50332
50711
50962
51359
51678
52024
52357
52705
53027
53356
53686
54085
54406
54747
55090
55324
55723
56219
56627
56983
57420
57743
58242
58444
58843
59204
59615
59894
60100
60427
60776
61236
61583
61926
62307
62617
63167
63532
63832
64362
64676
65127
65449
65690
66032
66381
66642
67047
67248
67640
67935
68310
68683
69062
69443
69887
70315
70682
71111
71489
71887
72239
72532
72829
73214
73592
73928
74394
74656
75100
75383
75736
76114
76420
76830
77252
77537
77819
78158
78495
78987
79358
79784
80195
80466
80883
81348
81762
81972
82508
82976
83347
83673
83976
84290
84579
84965
85294
85593
86085
86392
86786
87125
87336
87595
87942
88295
88560
88804
89219
89532
89825
90094
90417
90676
91139
91533
91900
92312
92653
93005
93285
93611
93987
94394
94666
95036
95352
95539
95910
96223
96614
96973
97225
97630
98059
98359
98757
99102
99405
99721
100118
100448
100808
101151
101490
101750
102017
102342
102664
103015
103421
103828
104220
104605
104964
105275
105622
105841
106221
106506
106880
107159
107483
107875
108284
108635
109045
109378
109905
110332
110626
110934
111280
111604
111941
112246
112584
112922
113138
113581
113881
114255
114737
115101
115513
115825
116133
116419
116632
116998
117360
117824
118175
118547
118899
119255
119723
120044
120240
120522
120890
121356
121741
122029
122407
122771
123102
123405
123693
124017
124287
124637
124967
125311
125665
126056
126410
126782
127228
127550
127991
128356
128678
129174
129573
129984
130386
130763
131056
131384
131603
131995
132345
132776
133173
133481
133872
134172
134430
134746
135154
135547
136023
136391
136934
137299
137793
138236
138615
139026
139469
139801
140111
140484
140837
141180
141563
141982
142295
142703
142989
143397
143713
144012
144371
144806
145322
145658
146002
146436
146752
147131
147484
147840
148118
148516
148983
149290
149684
149962
150320
150785
151062
151568
151980
152308
152601
152911
153263
153592
153808
154128
154306
154522
154867
155255
155645
156080
156446
156882
157208
157441
157705
158098
158472
158768
159030
159348
159658
159987
160331
160625
160939
161343
161721
162036
162398
162703
162935
163377
163669
164005
164276
164679
165107
165504
165766
166087
166391
166776
167095
167432
167826
168176
168539
168851
169118
169574
169979
170325
170664
171065
171454
171904
172223
172595
173031
173314
173582
173924
174279
174622
175059
175409
175817
176195
176456
176819
