0
328
588
923
1253
1677
1979
2241
2542
2870
3132
3415
3567
3933
4241
4587
4884
5224
5449
5812
6252
6549
6876
7172
7575
7904
8193
8501
8758
9054
9509
9800
10089
10336
10563
10824
11046
11296
11608
11871
12057
12346
12575
13021
13300
13601
13980
14348
14707
15037
15390
15668
15967
16270
16620
16829
17112
17492
17881
18041
18399
18701
19054
19331
19600
19776
20060
20450
20739
20971
21239
21521
21946
22260
22648
23034
23314
23638
23936
24266
24533
24847
25114
25382
25686
26145
26353
26657
26991
27180
27489
27774
28030
28457
28804
29068
29374
29629
29939
30198
30459
30809
31186
31421
31785
32166
32437
32679
32926
33277
33603
33878
34212
34514
34931
35181
35420
35661
36051
36348
36616
37085
37412
37706
37991
38242
38524
38879
39139
39448
39715
39970
40302
40572
40855
41187
41465
41699
41969
42495
42817
43210
43530
43790
44115
44398
44679
45049
45397
45633
45875
46032
46398
46725
47044
47402
47765
47966
48491
48819
49066
49502
49863
50215
50552
50723
50946
51280
51546
51844
52073
52388
52635
52923
53239
53581
53864
54320
54700
55033
55353
55796
56046
56477
56726
56911
57231
57567
57927
58202
58523
58880
59193
59470
59775
60080
60443
60766
61080
61241
61557
61771
62103
62578
62939
63182
63590
63895
64273
64687
64932
65271
65751
66139
66325
66668
66866
67137
67389
67712
67963
68343
68696
69040
69300
69523
69733
70044
70344
70509
70755
71114
71309
71619
71856
72113
72346
72667
73071
73375
73682
74065
74347
74575
74781
75219
75547
75836
76087
76387
76582
76833
77132
77399
77788
77975
78235
78611
78887
79225
79580
79807
80053
80412
80648
81019
81282
81582
81868
82087
82383
82592
82911
83333
83626
83992
84331
84590
84867
85232
85409
85688
85993
86296
86548
86797
87132
87510
87847
88111
88466
88838
89292
89573
89798
90132
90382
90682
90954
91194
91525
91797
92105
92415
92656
93056
93431
93788
94129
94424
94617
94787
95069
95415
95782
96126
96426
96746
97022
97435
97749
97939
98074
98419
98825
99240
99465
99798
100073
100324
100606
100854
101149
101370
101694
101925
102207
102525
102834
103202
103501
103865
104200
104482
104840
105113
105532
105884
106255
106668
106998
107247
107512
107674
107987
108284
108680
109077
109311
109574
109934
110146
110374
110767
111119
111523
111760
112264
112588
112971
113418
113770
114082
114526
114864
115091
115417
115729
116028
116421
116671
117001
117306
117617
117973
118264
118551
118772
119098
119473
119859
120158
120476
120817
121156
121427
121765
122044
122282
122611
123032
123399
123679
123922
124206
124556
125019
125348
125621
125889
126152
126424
126696
126973
127216
127430
127593
127761
128126
128433
128780
129203
129596
129841
130100
130270
130619
130904
131243
131513
131745
132046
132253
132579
132881
133059
133380
133796
134097
134332
134647
134842
135112
135467
135712
135968
136316
136678
136974
137283
137522
137785
138051
138422
138617
138972
139361
139599
139874
140121
140480
140846
141162
141467
141763
142114
142475
142830
143113
143531
143768
143993
144169
144511
144847
145229
145587
145927
146195
146499
146781
147110
147403
147598
147891
148215
148633
148970
149175
149468
149839
150068
150225
150550
150931
151306
151531
151879
152218
152458
152684
