0
2
8
13
13
13
18
18
23
23
23
23
23
23
23
36
36
36
36
44
45
45
45
45
45
67
76
76
82
91
91
91
110
111
135
152
152
157
159
159
159
159
170
180
202
203
203
203
203
203
203
203
225
236
236
236
236
236
236
241
268
269
279
281
289
290
290
290
290
290
305
324
324
324
330
343
343
352
352
352
355
355
369
369
372
383
383
400
400
400
400
400
404
404
404
404
404
413
413
413
419
419
419
419
424
424
424
424
424
431
431
431
431
431
431
431
432
432
434
461
480
480
488
489
489
489
515
526
536
545
555
566
566
566
566
566
566
576
606
606
606
619
624
624
624
640
665
674
674
674
674
674
674
674
693
694
707
710
719
730
730
731
732
732
734
740
740
740
745
754
754
755
756
756
756
756
764
764
764
775
776
776
776
776
776
776
780
785
785
789
793
806
806
809
809
809
809
809
811
811
811
811
819
823
823
823
823
825
825
825
828
828
828
871
885
885
885
889
889
889
904
918
918
921
932
950
950
965
970
970
970
988
1023
1024
1024
1033
1048
1052
1059
1064
1079
1082
1082
1082
1082
1082
1082
1083
1100
1100
1100
1100
1103
1103
1103
1103
1103
1103
1103
1103
1103
1104
1104
1109
1109
1111
1118
1118
1118
1122
1129
1129
1129
1138
1146
1152
1152
1152
1152
1152
1152
1153
1153
1153
1168
1183
1185
1192
1196
1196
1196
1196
1196
1196
1196
1196
1203
1210
1210
1210
1210
1210
1218
1218
1218
1221
1221
1252
1258
1258
1258
1269
1269
1277
1280
1289
1289
1298
1301
1314
1314
1327
1327
1329
1329
1338
1358
1363
1363
1366
1371
1375
1379
1393
1393
1393
1393
1393
1393
1398
1401
1404
1421
1421
1421
1421
1421
1421
1421
1421
1421
1421
1421
1421
1421
1427
1427
1428
1428
1428
1428
1428
1430
1431
1431
1431
1431
1436
1445
1445
1445
1445
1445
1445
1448
1453
1453
1458
1472
1474
1484
1502
1503
1503
1509
1528
1541
1541
1544
1544
1544
1556
1556
1571
1571
1571
1577
1587
1587
1587
1587
1611
1622
1627
1627
1627
1627
1636
1638
1656
1660
1682
1690
1714
1731
1737
1737
1741
1742
1752
1777
1780
1780
1780
1789
1790
1809
1817
1825
1825
1825
1827
1827
1843
1851
1851
1863
1863
1863
1863
1863
1875
1875
1875
1875
1875
1880
1880
1880
1880
1880
1894
1895
1895
1895
1895
1895
1903
1913
1913
1913
1913
1913
1913
1913
1913
1913
1913
1917
1917
1917
1918
1930
1930
1930
1949
1952
1952
1953
1975
1980
1980
1980
1980
1980
1985
1989
2002
2002
2007
2009
2009
2009
2009
2009
2022
2044
2044
2044
2044
2044
