0
0
0
0
0
4
7
18
18
21
22
22
22
22
22
33
56
56
56
56
56
61
63
89
90
96
110
110
119
119
119
119
119
121
130
130
130
133
140
140
147
147
148
148
148
150
150
171
171
171
180
180
180
180
180
180
180
180
185
185
188
188
193
193
195
195
195
195
195
195
195
200
207
207
207
207
209
209
209
209
209
209
226
234
234
236
245
245
245
262
275
287
302
305
310
310
310
310
314
319
333
350
350
350
350
350
350
350
350
370
381
381
381
381
381
381
382
411
411
420
420
429
429
429
429
429
429
440
457
457
457
472
473
473
480
480
480
480
480
491
491
495
503
503
521
521
521
521
521
523
523
523
523
523
530
530
533
533
533
533
533
535
535
535
535
535
538
538
538
538
538
538
538
538
538
546
562
582
582
587
587
587
587
607
623
631
640
651
658
658
658
658
658
658
677
698
698
698
711
711
711
711
724
750
759
759
759
759
759
759
762
775
775
787
787
802
806
806
806
806
806
806
807
807
807
813
820
820
820
820
820
820
820
822
822
822
834
834
834
834
834
834
834
840
840
840
840
843
857
857
857
857
857
857
857
857
857
857
857
862
866
866
866
866
866
866
866
867
867
869
904
921
921
921
922
922
922
933
945
945
949
962
974
974
992
992
992
992
1012
1041
1042
1042
1066
1066
1075
1075
1080
1097
1099
1099
1099
1099
1099
1099
1110
1113
1113
1113
1113
1113
1113
1113
1113
1113
1113
1113
1113
1113
1113
1113
1116
1116
1116
1119
1119
1119
1119
1127
1127
1127
1133
1141
1143
1143
1143
1143
1143
1143
1143
1143
1143
1156
1169
1171
1184
1184
1184
1184
1184
1184
1184
1184
1184
1193
1196
1196
1196
1196
1196
1200
1200
1200
1200
1205
1227
1231
1231
1231
1241
1241
1246
1248
1258
1258
1267
1267
1278
1278
1291
1291
1294
1294
1304
1321
1324
1324
1329
1329
1337
1338
1352
1352
1352
1352
1352
1352
1358
1358
1373
1379
1379
1379
1379
1379
1379
1379
1379
1379
1379
1379
1379
1379
1379
1379
1379
1379
1379
1379
1379
1379
1379
1379
1379
1379
1380
1389
1389
1389
1389
1389
1389
1392
1392
1392
1395
1409
1410
1417
1436
1436
1436
1445
1471
1471
1471
1472
1472
1476
1480
1480
1491
1491
1491
1501
1504
1504
1504
1505
1523
1537
1537
1537
1537
1537
1544
1554
1565
1565
1582
1606
1616
1636
1637
1637
1638
1638
1644
1668
1670
1670
1670
1674
1678
1695
1705
1712
1712
1712
1713
1713
1729
1733
1744
1746
1746
1746
1746
1748
1755
1755
1755
