0
0
0
0
0
5
8
18
18
22
22
22
22
22
22
33
56
56
56
56
56
59
62
88
89
96
109
109
118
118
118
118
118
123
131
132
132
136
144
144
151
151
153
153
153
155
155
175
175
175
185
185
185
185
185
185
185
185
190
190
192
192
196
196
197
197
197
197
197
197
197
201
209
209
209
209
213
213
213
213
213
213
233
239
239
242
250
250
250
267
281
292
309
310
314
315
315
315
320
325
338
356
356
356
356
356
356
356
356
377
388
388
388
388
388
390
392
419
419
428
428
436
436
436
436
436
436
447
465
465
465
480
481
481
489
489
489
489
489
500
500
505
512
512
530
530
530
530
530
532
532
532
532
532
539
539
542
542
542
542
542
546
546
546
546
546
548
548
548
548
548
548
548
548
548
556
572
592
592
597
597
597
597
619
635
641
652
663
670
670
670
670
670
670
688
709
709
709
721
722
722
722
735
762
770
770
770
770
770
770
774
786
786
798
798
813
817
817
817
817
817
818
822
822
822
829
834
834
834
834
834
834
834
835
835
835
846
846
846
846
846
846
846
850
850
850
850
854
867
867
869
869
869
869
869
869
869
869
869
874
878
878
878
878
878
878
878
878
878
879
913
930
930
931
933
933
933
946
957
957
962
973
985
985
1003
1003
1003
1003
1023
1053
1053
1053
1076
1076
1085
1085
1089
1107
1109
1109
1109
1109
1109
1109
1119
1123
1123
1123
1123
1123
1123
1123
1123
1123
1123
1123
1123
1123
1123
1123
1125
1125
1125
1128
1128
1128
1129
1136
1136
1136
1142
1150
1153
1153
1153
1153
1153
1153
1153
1153
1153
1166
1178
1179
1192
1193
1193
1193
1193
1193
1193
1193
1193
1202
1205
1205
1205
1205
1205
1209
1209
1209
1209
1216
1237
1243
1243
1243
1252
1252
1259
1262
1271
1271
1280
1280
1291
1291
1305
1305
1307
1307
1317
1333
1336
1336
1341
1341
1349
1351
1364
1364
1364
1364
1364
1364
1369
1370
1384
1390
1390
1390
1390
1390
1390
1390
1390
1390
1390
1390
1390
1390
1390
1390
1390
1390
1390
1390
1390
1392
1392
1392
1392
1392
1394
1403
1403
1403
1403
1403
1403
1408
1408
1408
1412
1427
1427
1434
1452
1452
1452
1463
1488
1488
1488
1490
1490
1493
1498
1498
1512
1512
1512
1522
1525
1525
1525
1527
1545
1558
1558
1558
1558
1558
1565
1575
1586
1586
1604
1629
1638
1658
1661
1661
1664
1664
1670
1694
1695
1695
1695
1699
1702
1720
1730
1737
1737
1737
1737
1737
1754
1758
1768
1770
1770
1770
1770
1773
1779
1779
1779
