0
0
0
22
42
54
71
90
90
90
90
90
90
110
110
110
119
121
161
169
182
186
209
220
220
220
220
220
220
232
238
242
260
260
260
260
267
288
288
288
288
288
288
311
311
317
317
317
327
327
327
327
327
327
327
327
328
329
337
337
358
358
358
360
366
366
366
375
380
414
432
432
438
438
438
438
438
464
482
482
482
482
496
500
500
500
500
502
502
512
518
518
518
518
518
518
521
535
555
578
591
610
610
610
610
610
610
652
652
652
662
662
688
716
716
716
716
735
737
737
737
737
737
752
754
767
797
797
797
797
797
799
799
799
810
810
819
829
829
829
837
837
837
837
837
837
837
837
837
841
845
845
845
845
866
868
868
869
869
875
882
896
911
924
947
950
954
954
954
954
954
961
992
992
996
1003
1017
1030
1030
1037
1040
1044
1044
1044
1044
1044
1044
1044
1044
1044
1048
1049
1066
1074
1085
1095
1098
1098
1098
1098
1098
1135
1151
1151
1159
1159
1164
1177
1185
1195
1195
1195
1195
1195
1195
1195
1200
1208
1215
1215
1235
1240
1246
1246
1246
1246
1246
1246
1255
1257
1261
1287
1287
1294
1303
1303
1303
1303
1310
1327
1332
1332
1332
1332
1332
1332
1332
1332
1344
1346
1346
1346
1346
1346
1346
1372
1379
1407
1428
1431
1431
1431
1431
1431
1431
1443
1479
1479
1491
1498
1508
1508
1508
1522
1522
1522
1522
1536
1537
1537
1537
1537
1542
1542
1551
1551
1551
1551
1554
1556
1556
1556
1556
1556
1558
1602
1607
1607
1610
1610
1615
1615
1615
1615
1615
1633
1635
1635
1650
1650
1657
1672
1673
1673
1678
1678
1678
1678
1680
1685
1685
1685
1700
1709
1709
1714
1720
1732
1749
1749
1749
1749
1763
1788
1788
1788
1788
1809
1809
1809
1809
1809
1809
1809
1809
1809
1809
1814
1818
1858
1866
1894
1924
1940
1948
1976
1976
1976
1976
1976
1995
2009
2030
2030
2030
2035
2035
2056
2056
2056
2056
2070
2070
2070
2070
2070
2070
2070
2071
2071
2071
2080
2080
2094
2096
2096
2096
2096
2096
2105
2106
2106
2131
2131
2131
2131
2131
2131
2131
2132
2138
2142
2168
2168
2181
2185
2191
2191
2194
2203
2203
2203
2212
2224
2224
2230
2255
2255
2255
2276
2281
2288
2292
2292
2292
2292
2322
2342
2342
2342
2342
2358
2361
2361
2361
2361
2361
2361
2361
2361
2363
2371
2386
2412
2424
2428
2459
2460
2491
2509
2509
2509
2509
2509
2514
2526
2558
2558
2559
2573
2573
2611
2611
2611
2611
2629
2634
2643
2643
2648
2650
2650
2656
2661
2674
2688
2688
2688
2688
2688
2689
2689
2689
2691
2691
2706
2720
2720
2720
2721
2738
2741
2741
2741
2743
2743
2753
2753
2777
2782
2786
