0
0
1
7
7
26
26
26
26
26
30
30
30
30
30
37
37
41
42
42
42
45
45
45
45
45
45
49
49
49
49
49
49
49
49
49
66
77
96
96
103
103
103
103
125
145
148
162
169
176
176
176
176
176
176
197
216
216
216
232
232
232
234
250
274
281
281
281
281
281
281
286
298
301
311
311
324
330
330
330
330
330
336
336
336
336
345
350
350
350
350
350
350
350
352
352
352
364
364
364
364
364
364
364
369
369
369
369
375
387
387
389
389
389
389
390
390
390
390
390
397
400
400
400
400
400
400
400
402
402
413
442
459
459
459
463
463
463
477
488
488
494
511
520
520
538
538
538
538
566
592
592
592
617
617
627
627
631
650
651
651
651
651
651
651
664
667
667
667
667
667
667
667
667
667
667
667
667
667
667
667
672
672
678
678
678
678
682
689
689
689
697
705
707
707
707
707
707
708
708
708
708
722
734
735
749
749
749
749
749
749
749
749
749
760
764
764
764
764
764
771
771
771
771
781
801
806
806
806
817
817
824
833
838
838
845
848
858
858
870
871
872
872
882
899
901
901
907
907
915
921
931
931
931
931
931
931
938
938
953
958
958
958
958
958
958
958
958
958
958
958
958
958
958
960
960
960
960
960
963
964
964
964
964
964
969
976
976
976
976
976
976
981
981
981
987
1000
1000
1009
1027
1027
1027
1045
1066
1066
1066
1068
1068
1077
1077
1079
1092
1092
1092
1108
1108
1108
1108
1114
1129
1144
1144
1144
1144
1144
1153
1167
1176
1176
1194
1220
1230
1250
1250
1250
1254
1254
1264
1288
1289
1289
1293
1297
1303
1321
1327
1334
1334
1334
1335
1335
1355
1355
1366
1368
1368
1368
1368
1372
1378
1378
1378
1378
1378
1383
1383
1383
1383
1387
1395
1395
1395
1395
1395
1395
1408
1408
1408
1408
1408
1408
1408
1408
1408
1408
1408
1411
1411
1411
1411
1421
1421
1421
1440
1440
1440
1450
1468
1468
1468
1468
1468
1470
1476
1479
1491
1491
1496
1497
1497
1497
1497
1497
1511
1532
1532
1532
1532
1533
1542
1549
1566
1568
1573
1588
1588
1599
1599
1599
1599
1599
1605
1614
1614
1614
1621
1628
1628
1637
1637
1638
1638
1638
1642
1642
1662
1662
1662
1674
1674
1674
1674
1674
1674
1674
1674
1680
1680
1684
1684
1690
1690
1693
1693
1693
1693
1693
1693
1693
1706
1707
1707
1707
1707
1712
1712
1712
1712
1712
1727
1732
1740
1740
1745
1754
1754
1754
1773
1798
1799
1814
1820
1821
1821
1821
1821
1832
1834
1852
1869
1869
