0
3
7
12
12
12
19
19
22
22
22
22
22
22
24
37
37
37
37
43
43
43
43
43
43
65
70
70
76
87
87
87
109
109
132
147
147
153
155
155
155
158
167
174
197
199
199
199
200
200
200
200
221
235
235
235
235
235
235
240
267
271
281
282
291
291
291
291
291
291
305
322
322
322
327
339
339
347
348
348
348
348
362
362
364
377
377
392
392
392
392
392
395
395
395
395
395
404
404
405
409
409
409
409
416
416
416
416
416
421
421
421
421
421
421
421
421
421
427
449
468
468
475
475
475
475
500
513
523
531
542
552
552
552
552
552
552
563
593
593
593
604
610
610
610
628
650
659
659
659
659
659
659
659
677
677
689
693
702
711
711
711
711
711
714
716
716
716
722
729
729
729
729
729
729
729
732
732
732
745
746
746
746
746
746
746
748
754
754
755
764
774
774
777
777
777
777
777
780
780
780
780
786
791
791
791
791
792
792
792
796
796
796
836
853
853
855
857
857
857
872
885
885
885
896
915
915
932
934
934
934
953
985
991
991
1003
1016
1022
1026
1030
1047
1052
1052
1052
1052
1052
1052
1054
1068
1068
1068
1068
1070
1070
1070
1070
1070
1070
1070
1070
1070
1074
1074
1079
1079
1082
1087
1087
1087
1091
1098
1098
1098
1107
1113
1116
1118
1118
1118
1118
1118
1122
1122
1122
1139
1152
1153
1163
1165
1165
1165
1165
1165
1165
1165
1165
1171
1180
1180
1180
1180
1180
1187
1187
1188
1188
1189
1220
1224
1224
1224
1237
1237
1245
1248
1257
1257
1267
1267
1277
1277
1290
1292
1294
1294
1301
1323
1327
1327
1330
1337
1338
1346
1357
1357
1357
1357
1357
1357
1361
1364
1370
1386
1386
1386
1386
1386
1386
1386
1386
1386
1386
1386
1386
1386
1388
1388
1389
1389
1389
1389
1389
1391
1393
1393
1393
1393
1397
1406
1406
1406
1406
1406
1406
1409
1413
1413
1420
1434
1435
1445
1464
1464
1464
1470
1489
1501
1501
1504
1504
1504
1514
1514
1529
1529
1529
1535
1545
1545
1545
1545
1568
1580
1586
1586
1586
1586
1595
1596
1615
1617
1635
1648
1670
1688
1691
1691
1695
1695
1703
1731
1731
1731
1731
1737
1741
1761
1768
1775
1775
1775
1778
1778
1793
1800
1800
1812
1812
1812
1812
1812
1823
1823
1823
1823
1823
1827
1827
1827
1827
1827
1844
1844
1844
1844
1844
1844
1852
1860
1860
1860
1860
1860
1860
1860
1860
1860
1860
1868
1868
1868
1868
1879
1879
1879
1899
1899
1899
1900
1920
1926
1926
1926
1926
1926
1931
1937
1948
1948
1953
1955
1955
1955
1955
1955
1968
1991
1991
1991
1991
1991
