0
0
0
0
0
4
8
20
20
24
25
27
27
27
27
39
61
61
61
61
61
67
69
95
96
103
116
116
126
126
126
126
126
130
139
139
139
144
151
151
159
159
160
160
160
162
162
183
183
183
193
193
193
193
193
193
193
193
199
199
202
202
206
206
207
208
208
208
208
208
208
214
220
220
220
220
223
223
223
223
223
223
240
249
249
253
262
262
262
281
295
306
321
323
328
329
329
329
335
341
355
373
373
373
373
373
373
373
373
393
404
404
404
404
404
406
408
436
436
445
445
453
453
453
453
453
453
465
482
482
482
497
497
497
506
506
506
506
506
519
519
524
531
531
548
548
548
548
548
552
552
552
552
552
559
559
561
562
562
562
562
565
565
565
565
565
569
569
569
569
569
569
569
569
569
579
595
615
615
624
624
624
624
646
661
668
679
689
696
696
696
696
696
696
714
735
735
735
749
751
751
751
765
791
799
799
799
799
799
799
802
817
817
830
830
844
850
850
850
850
850
851
855
855
855
860
868
868
868
868
868
868
868
870
870
870
881
881
881
881
881
881
881
886
886
886
886
890
904
904
906
906
906
906
906
906
906
906
906
911
919
919
919
919
919
919
919
921
921
923
959
975
975
976
978
978
978
991
1003
1003
1007
1021
1033
1033
1051
1051
1051
1051
1072
1102
1103
1103
1128
1128
1137
1137
1141
1158
1162
1162
1162
1162
1162
1162
1174
1178
1178
1178
1178
1178
1178
1178
1178
1178
1178
1178
1178
1178
1178
1178
1180
1180
1182
1185
1185
1185
1188
1195
1195
1195
1203
1211
1214
1214
1214
1214
1214
1214
1214
1214
1214
1226
1240
1241
1254
1254
1254
1254
1254
1254
1254
1254
1254
1264
1268
1268
1268
1268
1268
1274
1274
1274
1274
1281
1304
1310
1310
1310
1321
1321
1327
1329
1340
1340
1349
1349
1359
1359
1373
1373
1374
1374
1384
1402
1404
1404
1410
1410
1420
1420
1433
1433
1433
1433
1433
1433
1438
1438
1454
1460
1460
1460
1460
1460
1460
1460
1460
1460
1460
1460
1460
1460
1460
1460
1460
1460
1460
1460
1460
1462
1462
1462
1462
1462
1465
1473
1473
1473
1473
1473
1473
1478
1478
1478
1483
1496
1499
1507
1527
1527
1527
1537
1562
1562
1562
1563
1563
1567
1572
1572
1585
1585
1585
1595
1599
1599
1599
1602
1621
1634
1634
1634
1634
1634
1642
1652
1664
1664
1682
1708
1716
1736
1738
1738
1743
1743
1751
1775
1776
1776
1776
1782
1784
1802
1812
1821
1821
1821
1822
1822
1841
1843
1854
1857
1857
1857
1857
1861
1868
1868
1868
