0
0
0
27
44
56
74
91
92
92
92
92
92
114
114
114
125
131
168
176
188
193
217
227
227
227
230
230
230
246
252
256
273
273
273
273
283
303
303
303
303
303
303
330
330
339
339
340
351
351
351
351
351
351
351
351
355
356
362
363
392
392
392
392
397
397
397
410
412
446
464
464
471
471
471
471
471
498
518
518
518
518
534
538
538
538
538
542
542
553
558
558
558
558
558
558
565
580
599
621
635
654
654
654
654
654
654
699
699
699
709
709
738
765
765
765
769
785
789
789
789
789
789
808
808
822
852
852
852
852
854
857
857
857
872
872
881
895
895
895
904
904
904
904
904
904
904
904
904
909
913
913
913
913
934
936
936
938
938
944
951
966
979
997
1016
1021
1028
1028
1028
1028
1028
1039
1069
1069
1076
1082
1097
1110
1110
1118
1118
1122
1122
1122
1122
1122
1122
1122
1123
1123
1129
1131
1147
1154
1166
1175
1178
1178
1178
1178
1178
1219
1237
1237
1250
1250
1260
1272
1283
1290
1290
1290
1290
1290
1290
1290
1298
1303
1311
1311
1333
1335
1343
1343
1345
1347
1347
1347
1358
1359
1363
1391
1391
1398
1409
1409
1409
1409
1418
1435
1439
1439
1439
1439
1439
1439
1439
1439
1453
1455
1455
1455
1455
1455
1455
1482
1488
1518
1536
1541
1541
1543
1543
1543
1543
1555
1591
1591
1606
1613
1624
1624
1624
1641
1641
1641
1641
1657
1658
1658
1658
1658
1666
1666
1674
1674
1674
1676
1679
1681
1681
1681
1681
1681
1686
1728
1734
1734
1739
1739
1742
1742
1742
1742
1742
1762
1764
1764
1777
1777
1786
1802
1803
1803
1809
1809
1809
1809
1815
1819
1819
1819
1834
1843
1843
1850
1855
1866
1885
1885
1885
1885
1902
1927
1927
1927
1927
1952
1952
1952
1952
1952
1953
1955
1955
1955
1955
1961
1966
2008
2014
2044
2073
2090
2100
2129
2129
2129
2129
2130
2150
2164
2185
2185
2185
2191
2191
2217
2217
2217
2217
2232
2232
2232
2232
2232
2232
2232
2235
2235
2235
2246
2246
2259
2261
2261
2261
2261
2261
2274
2275
2275
2299
2299
2299
2299
2299
2299
2299
2301
2308
2312
2338
2338
2352
2357
2362
2362
2366
2375
2375
2375
2385
2397
2397
2404
2429
2430
2430
2455
2459
2466
2471
2471
2471
2471
2504
2524
2524
2524
2524
2544
2545
2545
2545
2545
2545
2545
2545
2545
2548
2556
2573
2598
2609
2613
2644
2647
2675
2695
2695
2695
2695
2695
2701
2714
2746
2746
2750
2764
2764
2805
2805
2805
2805
2826
2832
2839
2839
2849
2850
2850
2858
2863
2877
2890
2890
2893
2893
2893
2900
2900
2900
2905
2905
2920
2933
2933
2933
2936
2953
2955
2955
2955
2957
2959
2967
2967
2993
2998
3001
