0
0
3
26
46
57
76
91
91
91
91
91
91
115
115
115
128
132
173
181
191
196
221
231
231
231
234
234
234
251
255
259
278
278
278
278
289
311
311
311
312
312
312
336
337
345
345
345
356
356
356
356
356
356
356
356
361
362
367
371
395
395
395
398
402
402
402
413
420
453
472
472
475
476
476
476
476
505
523
523
523
523
540
544
544
544
544
548
548
556
565
565
565
565
565
565
572
587
606
627
641
660
660
660
662
662
663
707
707
707
717
717
748
774
774
774
778
798
799
799
799
799
800
819
819
833
861
861
861
861
861
867
867
867
881
881
892
906
906
906
916
916
916
916
916
916
916
916
916
923
928
928
928
928
951
954
954
956
956
962
970
984
1002
1013
1034
1039
1043
1043
1043
1043
1043
1055
1084
1084
1092
1098
1113
1128
1128
1132
1133
1139
1139
1139
1139
1139
1139
1139
1141
1141
1147
1149
1166
1173
1185
1195
1198
1198
1199
1199
1199
1240
1257
1257
1268
1268
1278
1291
1299
1309
1309
1309
1309
1309
1309
1309
1316
1324
1332
1332
1352
1356
1362
1362
1365
1368
1368
1368
1381
1385
1387
1416
1416
1424
1432
1432
1432
1432
1441
1459
1462
1462
1462
1464
1464
1464
1464
1464
1480
1483
1483
1483
1483
1483
1483
1512
1520
1549
1570
1574
1574
1576
1576
1576
1576
1591
1626
1626
1641
1650
1659
1659
1659
1673
1673
1673
1673
1689
1691
1691
1691
1691
1701
1701
1711
1711
1711
1713
1719
1719
1719
1719
1719
1719
1724
1769
1774
1774
1776
1776
1781
1781
1781
1781
1782
1802
1805
1805
1818
1818
1829
1845
1847
1847
1855
1855
1855
1855
1859
1865
1865
1865
1882
1891
1891
1900
1905
1916
1934
1934
1934
1934
1954
1980
1980
1980
1980
2005
2005
2005
2005
2005
2005
2006
2006
2006
2006
2012
2019
2058
2067
2093
2125
2141
2152
2179
2179
2179
2179
2184
2201
2215
2237
2237
2237
2245
2245
2270
2270
2270
2270
2287
2287
2287
2287
2287
2287
2287
2293
2296
2296
2310
2310
2322
2323
2323
2323
2323
2323
2335
2335
2337
2360
2361
2361
2362
2362
2364
2364
2371
2375
2377
2404
2404
2419
2424
2429
2429
2433
2441
2441
2441
2453
2465
2465
2475
2500
2501
2504
2527
2531
2540
2544
2544
2544
2544
2576
2596
2596
2596
2596
2614
2619
2619
2619
2619
2619
2619
2619
2619
2622
2632
2650
2673
2685
2690
2719
2722
2751
2769
2769
2769
2769
2769
2778
2790
2820
2820
2824
2838
2838
2880
2880
2880
2880
2903
2906
2914
2914
2922
2925
2925
2933
2940
2950
2965
2965
2969
2969
2969
2971
2971
2971
2978
2978
2991
3006
3006
3006
3011
3027
3027
3027
3030
3032
3033
3042
3042
3072
3077
3082
