0
0
0
0
0
5
10
21
21
26
27
27
27
27
27
41
62
62
62
62
62
67
72
97
98
103
117
118
126
126
126
126
126
132
141
141
141
147
155
155
164
164
164
164
164
169
169
192
192
192
205
205
205
205
205
205
205
205
212
212
217
217
223
223
228
228
228
228
228
228
228
236
240
240
240
240
246
246
246
246
246
246
266
273
273
277
289
289
289
309
324
334
348
349
356
356
356
356
361
368
381
400
400
400
400
401
401
401
403
422
434
434
434
434
434
437
438
467
467
477
477
487
487
487
487
487
487
500
518
518
518
535
535
535
543
544
544
545
545
559
559
564
571
571
592
592
592
592
592
596
596
596
596
596
604
604
607
608
608
608
608
611
611
611
611
611
617
617
617
617
617
617
617
617
617
626
643
663
663
672
672
672
672
695
710
717
729
740
747
747
747
747
747
747
766
788
788
788
803
804
804
804
822
848
856
856
856
856
856
856
861
875
875
890
890
903
911
911
911
911
911
914
916
916
916
924
931
931
931
931
931
931
931
934
934
934
945
946
946
946
946
946
946
953
953
953
953
960
972
972
977
977
977
977
977
979
979
979
979
990
992
992
992
992
993
993
993
998
998
1003
1038
1055
1055
1055
1058
1058
1058
1072
1084
1084
1090
1104
1114
1114
1133
1133
1133
1133
1156
1186
1188
1188
1213
1215
1223
1223
1227
1244
1247
1247
1247
1247
1247
1247
1259
1263
1263
1263
1263
1264
1264
1264
1264
1264
1264
1264
1264
1264
1264
1264
1268
1268
1272
1273
1273
1273
1277
1284
1284
1284
1293
1300
1303
1303
1303
1303
1303
1305
1305
1305
1305
1322
1335
1337
1349
1351
1351
1351
1351
1351
1351
1351
1351
1364
1366
1366
1366
1366
1366
1372
1372
1374
1376
1384
1408
1411
1411
1411
1424
1424
1431
1432
1443
1443
1452
1452
1463
1463
1478
1478
1479
1479
1491
1509
1510
1510
1518
1518
1525
1527
1543
1543
1543
1543
1543
1543
1552
1552
1566
1572
1572
1572
1572
1572
1572
1572
1572
1572
1572
1572
1572
1572
1573
1573
1575
1575
1575
1575
1578
1580
1580
1580
1580
1580
1583
1593
1593
1593
1593
1593
1593
1600
1600
1600
1607
1621
1621
1629
1650
1650
1650
1663
1687
1687
1687
1692
1692
1697
1705
1705
1721
1721
1721
1732
1736
1736
1736
1740
1759
1774
1774
1774
1774
1774
1785
1793
1805
1805
1825
1849
1858
1879
1880
1880
1885
1885
1893
1918
1918
1918
1918
1926
1928
1947
1954
1963
1963
1963
1968
1968
1987
1992
2000
2003
2003
2003
2003
2007
2015
2015
2015
