0
0
0
25
45
56
73
93
93
93
93
93
93
114
114
114
125
127
166
174
187
192
215
226
226
226
226
226
226
238
246
249
267
267
267
267
274
295
295
295
296
296
296
320
320
326
326
327
338
338
338
338
338
338
338
338
341
343
349
350
372
372
372
375
380
380
380
391
396
430
447
447
452
452
452
452
452
478
495
495
495
495
510
514
514
514
514
518
518
528
532
532
532
532
532
532
537
551
571
593
606
625
625
625
625
625
625
668
668
668
678
678
705
733
733
733
735
753
758
758
758
758
758
775
776
789
819
819
819
819
819
821
821
821
833
833
843
853
853
853
861
861
861
861
861
861
861
861
861
865
869
869
869
869
890
892
892
892
892
899
907
921
936
950
971
974
981
981
981
981
981
987
1018
1018
1026
1032
1047
1060
1060
1065
1068
1074
1074
1074
1074
1074
1074
1074
1074
1074
1079
1081
1097
1106
1117
1125
1131
1131
1131
1131
1131
1171
1187
1187
1197
1197
1203
1216
1224
1234
1234
1234
1234
1234
1234
1234
1240
1247
1256
1256
1275
1280
1286
1286
1286
1288
1288
1288
1298
1299
1304
1331
1331
1337
1348
1348
1348
1348
1355
1373
1376
1376
1376
1376
1376
1376
1376
1376
1391
1393
1393
1393
1393
1393
1393
1419
1427
1453
1476
1479
1479
1480
1480
1480
1480
1492
1527
1527
1541
1548
1558
1558
1558
1571
1571
1571
1571
1586
1589
1589
1589
1589
1594
1594
1603
1603
1603
1605
1608
1608
1608
1608
1608
1608
1611
1655
1661
1661
1663
1663
1666
1666
1666
1666
1666
1686
1689
1689
1701
1701
1710
1723
1725
1725
1732
1732
1732
1732
1735
1741
1741
1741
1756
1766
1766
1771
1778
1789
1805
1805
1805
1805
1820
1845
1845
1845
1845
1867
1867
1867
1867
1867
1867
1867
1867
1867
1867
1870
1878
1917
1925
1953
1985
1999
2006
2036
2036
2036
2036
2037
2055
2070
2093
2093
2093
2100
2100
2124
2124
2124
2124
2139
2139
2139
2139
2139
2139
2139
2140
2140
2140
2149
2149
2163
2166
2166
2166
2166
2166
2176
2179
2179
2202
2202
2202
2202
2202
2202
2202
2203
2210
2213
2240
2240
2254
2258
2265
2265
2268
2276
2276
2276
2285
2297
2297
2305
2328
2328
2328
2351
2355
2362
2366
2366
2366
2366
2397
2418
2418
2418
2418
2434
2437
2437
2437
2437
2437
2437
2437
2437
2442
2448
2463
2489
2501
2506
2536
2536
2568
2585
2585
2585
2585
2585
2591
2604
2635
2635
2636
2651
2651
2691
2691
2691
2691
2711
2715
2723
2723
2730
2730
2730
2736
2742
2756
2769
2769
2769
2769
2769
2772
2772
2772
2776
2776
2789
2804
2804
2804
2807
2823
2824
2824
2824
2825
2827
2836
2836
2861
2867
2872
