0
0
0
0
0
3
7
18
18
22
22
22
22
22
22
35
57
57
57
57
57
59
62
88
89
97
110
110
119
119
119
119
119
121
130
130
130
134
142
142
148
148
149
149
149
151
151
171
171
171
179
179
179
179
179
179
179
179
184
184
187
187
190
190
191
191
191
191
191
191
191
195
202
202
202
202
206
206
206
206
206
206
222
231
231
234
243
243
243
260
273
286
300
302
307
307
307
307
312
318
331
349
349
349
349
349
349
349
349
369
382
382
382
382
382
383
384
413
413
422
422
430
430
430
430
430
430
442
459
459
459
474
474
474
480
480
480
480
480
491
491
495
502
502
521
521
521
521
521
522
522
522
522
522
528
528
529
529
529
529
529
532
532
532
532
532
534
534
534
534
534
534
534
534
534
542
558
578
578
584
584
584
584
604
619
627
638
647
655
655
655
655
655
655
671
692
692
692
704
705
705
705
719
744
753
753
753
753
753
753
757
770
770
784
784
798
802
802
802
802
802
802
804
804
804
809
816
816
816
816
816
816
816
817
817
817
828
829
829
829
829
829
829
833
833
833
833
837
850
850
850
850
850
850
850
850
850
850
850
855
858
858
858
858
858
858
858
859
859
861
895
912
912
913
914
914
914
926
938
938
943
954
966
966
985
985
985
985
1006
1036
1036
1036
1060
1060
1069
1069
1074
1091
1094
1094
1094
1094
1094
1094
1103
1106
1106
1106
1106
1106
1106
1106
1106
1106
1106
1106
1106
1106
1106
1106
1108
1108
1108
1113
1113
1113
1115
1122
1122
1122
1129
1138
1140
1140
1140
1140
1140
1140
1140
1140
1140
1151
1164
1166
1178
1178
1178
1178
1178
1178
1178
1178
1178
1187
1190
1190
1190
1190
1190
1194
1194
1194
1194
1199
1222
1227
1227
1227
1237
1237
1244
1246
1255
1255
1265
1265
1276
1276
1289
1290
1293
1293
1302
1319
1322
1322
1326
1326
1334
1336
1349
1349
1349
1349
1349
1349
1353
1353
1368
1374
1374
1374
1374
1374
1374
1374
1374
1374
1374
1374
1374
1374
1374
1374
1374
1374
1374
1374
1374
1374
1374
1374
1374
1374
1375
1383
1383
1383
1383
1383
1383
1388
1388
1388
1391
1405
1405
1412
1432
1432
1432
1443
1468
1468
1468
1470
1470
1474
1479
1479
1491
1491
1491
1500
1503
1503
1503
1504
1522
1536
1536
1536
1536
1536
1544
1553
1565
1565
1582
1607
1615
1635
1638
1638
1639
1639
1645
1669
1671
1671
1671
1674
1677
1696
1704
1713
1713
1713
1713
1713
1730
1734
1744
1746
1746
1746
1746
1747
1755
1755
1755
