0
0
0
0
0
0
0
0
0
0
2
2
2
2
2
2
4
4
4
4
4
15
15
15
15
15
15
15
20
20
24
39
40
47
56
68
68
68
94
106
106
106
109
109
120
120
136
136
136
139
152
152
152
152
171
182
188
188
188
188
198
198
212
218
228
241
269
282
292
292
296
296
296
325
328
328
328
333
335
339
365
372
373
373
374
377
377
398
398
409
410
410
410
410
421
421
421
421
421
425
425
425
425
425
432
439
439
439
439
439
439
454
454
454
454
454
454
454
454
454
454
454
457
457
457
465
465
465
473
484
484
484
504
510
510
510
510
510
515
515
529
529
529
533
535
535
535
535
547
572
572
572
572
572
577
581
598
607
612
616
628
637
637
637
637
637
637
650
650
650
650
661
664
664
672
672
674
674
675
679
683
699
699
708
710
710
710
710
710
710
710
710
717
721
721
721
726
726
728
728
728
728
728
728
728
741
741
741
741
747
747
747
747
747
747
766
775
775
780
789
789
789
798
807
834
838
848
855
855
855
855
855
866
866
896
898
898
898
898
898
898
898
920
930
930
930
930
930
930
934
953
963
965
972
980
981
981
981
981
981
994
1011
1011
1011
1011
1028
1028
1028
1037
1037
1037
1037
1050
1050
1050
1062
1062
1079
1079
1079
1079
1079
1085
1085
1085
1085
1085
1092
1092
1092
1097
1097
1097
1097
1101
1101
1101
1101
1101
1106
1106
1106
1106
1106
1106
1106
1106
1106
1107
1132
1151
1151
1159
1159
1159
1159
1178
1182
1205
1207
1222
1232
1232
1232
1232
1232
1232
1241
1271
1271
1271
1275
1288
1288
1288
1302
1327
1335
1335
1335
1335
1335
1335
1335
1351
1353
1362
1367
1376
1386
1386
1386
1386
1386
1386
1389
1389
1389
1391
1403
1403
1403
1403
1403
1403
1403
1405
1405
1405
1411
1417
1417
1417
1417
1417
1417
1417
1423
1423
1423
1428
1441
1441
1441
1442
1442
1442
1442
1444
1444
1444
1444
1444
1455
1455
1455
1455
1455
1456
1456
1458
1459
1459
1490
1513
1513
1513
1516
1516
1516
1531
1531
1543
1543
1552
1572
1572
1582
1591
1591
1591
1600
1641
1644
1644
1652
1669
1671
1678
1683
1699
1702
1702
1702
1702
1702
1702
1702
1716
1716
1716
1716
1716
1716
1716
1716
1716
1716
1716
1716
1716
1716
1716
1719
1719
1719
1724
1724
1724
1724
1736
1736
1736
1738
1749
1752
1754
1754
1754
1754
1754
1754
1754
1754
1767
1782
1782
1787
1796
1796
1796
1796
1796
1796
1796
1796
1796
1810
1810
1810
1810
1810
1810
1816
1816
1816
1816
1839
1850
1850
1850
