0
0
0
7
7
24
24
24
24
24
31
31
31
31
31
38
38
42
42
42
42
46
46
46
46
46
46
51
51
51
51
51
51
51
51
51
68
77
96
96
103
103
103
103
127
144
149
163
169
175
175
175
175
175
175
194
214
214
214
231
231
231
233
247
271
279
279
279
279
279
279
282
297
301
311
311
327
330
330
330
330
330
334
334
334
334
344
348
348
348
348
348
348
348
350
350
350
361
362
362
362
362
362
362
367
367
367
367
374
385
385
387
387
387
387
388
388
388
388
388
396
399
399
399
399
400
400
400
402
402
412
438
456
456
456
459
459
459
474
486
486
492
508
515
515
534
534
534
534
559
586
586
586
611
611
620
620
624
643
644
644
644
644
644
644
657
659
659
659
659
659
659
659
659
659
659
659
659
659
659
659
662
662
667
667
667
667
672
679
679
679
687
695
696
696
696
696
696
696
696
696
696
710
723
724
738
738
738
738
738
738
738
738
738
749
752
752
752
752
752
758
758
758
758
769
787
793
793
793
804
804
811
818
822
822
832
835
843
843
856
857
859
859
869
887
891
891
897
897
906
909
921
921
921
921
921
921
931
931
944
948
948
948
948
948
948
948
948
948
948
948
948
948
948
950
950
950
950
950
950
951
951
951
951
951
954
962
962
962
962
962
962
967
967
967
972
985
986
995
1015
1015
1015
1032
1053
1053
1053
1057
1057
1066
1067
1067
1083
1083
1083
1099
1099
1099
1099
1106
1120
1134
1134
1134
1134
1134
1144
1155
1164
1164
1182
1208
1215
1238
1238
1238
1242
1242
1249
1274
1274
1274
1277
1281
1283
1305
1310
1319
1319
1319
1323
1323
1343
1343
1354
1356
1356
1356
1356
1359
1367
1367
1367
1367
1367
1371
1371
1371
1371
1375
1384
1384
1384
1384
1384
1384
1398
1398
1398
1398
1398
1398
1398
1398
1398
1398
1398
1401
1401
1401
1401
1409
1409
1409
1427
1429
1429
1439
1455
1455
1455
1455
1455
1455
1460
1465
1475
1475
1479
1481
1481
1481
1481
1481
1497
1518
1518
1518
1518
1520
1527
1536
1552
1554
1560
1574
1574
1584
1584
1584
1584
1584
1589
1597
1597
1597
1602
1610
1610
1619
1619
1621
1621
1621
1625
1625
1645
1645
1645
1657
1657
1657
1657
1657
1657
1657
1657
1663
1663
1667
1667
1672
1672
1674
1674
1674
1674
1674
1674
1674
1683
1687
1687
1687
1687
1692
1692
1692
1692
1692
1706
1711
1720
1720
1725
1734
1734
1734
1751
1774
1778
1793
1797
1800
1800
1800
1800
1810
1811
1827
1843
1843
