0
0
0
7
7
25
25
25
25
25
28
28
28
28
28
36
36
41
41
41
41
45
46
46
46
46
50
51
51
51
51
51
51
51
51
51
70
79
98
98
104
104
104
104
127
145
149
164
171
176
176
176
176
176
176
199
218
218
218
234
234
234
237
252
276
284
284
284
284
284
284
288
301
304
315
317
330
334
334
334
334
334
338
338
338
338
347
352
352
353
353
353
353
353
358
358
358
367
369
369
369
369
369
369
376
376
376
376
383
393
393
394
394
394
394
396
396
396
396
396
404
407
407
407
407
408
408
408
412
412
423
450
467
467
468
471
471
471
485
497
497
502
520
526
526
546
546
546
546
573
597
597
597
623
623
632
632
636
654
656
656
656
656
656
657
669
672
672
672
672
673
673
673
673
673
673
673
673
673
673
674
678
678
683
687
688
688
695
700
700
700
708
717
718
718
718
718
718
721
721
721
721
735
747
748
763
763
763
763
763
763
763
763
763
774
776
776
776
776
776
782
782
782
782
794
814
819
819
819
832
832
840
849
851
851
861
864
873
874
886
887
888
888
901
917
921
921
928
928
935
939
951
951
951
951
951
951
958
958
973
979
979
979
979
979
979
979
982
982
982
982
982
983
983
983
983
983
983
983
984
986
986
986
986
986
991
998
998
998
998
998
998
1005
1005
1005
1011
1025
1025
1033
1053
1053
1053
1069
1089
1089
1089
1091
1091
1102
1102
1103
1116
1116
1116
1130
1130
1130
1130
1138
1152
1167
1167
1167
1167
1167
1178
1189
1199
1199
1218
1245
1253
1275
1275
1275
1280
1280
1289
1314
1314
1314
1320
1323
1326
1348
1351
1359
1359
1359
1362
1362
1384
1386
1395
1397
1397
1397
1397
1401
1408
1408
1408
1408
1408
1411
1411
1411
1411
1416
1424
1424
1424
1424
1424
1424
1438
1438
1438
1438
1438
1438
1438
1438
1438
1438
1438
1442
1442
1442
1442
1455
1455
1455
1475
1476
1476
1487
1503
1503
1503
1503
1503
1503
1507
1513
1524
1524
1532
1534
1534
1534
1534
1534
1549
1569
1569
1569
1569
1570
1577
1585
1604
1604
1610
1624
1625
1633
1633
1633
1633
1633
1638
1648
1648
1648
1654
1662
1662
1671
1671
1672
1672
1672
1675
1675
1697
1697
1697
1710
1710
1710
1710
1710
1710
1710
1710
1717
1717
1722
1722
1727
1727
1730
1730
1730
1730
1730
1730
1730
1739
1743
1743
1743
1743
1748
1748
1748
1748
1748
1761
1767
1776
1776
1781
1790
1790
1790
1810
1835
1836
1850
1857
1858
1858
1858
1858
1869
1872
1887
1904
1904
