0
0
0
0
0
3
7
18
18
21
23
23
23
23
23
34
56
56
56
56
56
59
62
88
89
96
109
109
118
118
118
118
118
120
128
128
128
132
139
139
145
145
147
147
147
148
148
168
168
168
178
178
178
178
178
178
178
178
183
183
185
185
188
189
191
191
191
191
191
191
191
194
201
201
201
201
204
204
204
204
204
204
221
229
229
231
240
240
240
257
271
283
297
299
305
305
305
305
309
316
329
345
345
345
345
345
345
345
345
364
375
375
375
375
375
375
376
405
405
415
415
422
422
422
422
422
422
432
450
450
450
464
464
464
471
471
471
471
471
481
481
487
494
494
512
512
512
512
512
512
512
512
512
512
518
518
519
519
519
519
519
520
520
520
520
520
523
523
523
523
523
523
523
523
523
530
547
566
566
571
571
571
571
591
606
614
625
634
641
641
641
641
641
641
657
678
678
678
689
690
690
690
703
729
738
738
738
738
738
738
740
753
753
765
765
779
785
785
785
785
785
785
786
786
786
789
797
797
797
797
797
797
797
798
798
798
809
810
810
810
810
810
810
814
814
814
814
818
830
830
830
830
830
830
830
830
830
830
830
835
838
838
838
838
838
838
838
838
838
839
874
891
891
892
893
893
893
905
917
917
920
935
944
944
964
964
964
964
985
1014
1015
1015
1037
1037
1046
1046
1051
1068
1070
1070
1070
1070
1070
1070
1081
1084
1084
1084
1084
1084
1084
1084
1084
1084
1084
1084
1084
1084
1084
1084
1086
1086
1086
1088
1088
1088
1088
1096
1096
1096
1101
1109
1112
1112
1112
1112
1112
1112
1112
1112
1112
1124
1137
1139
1151
1151
1151
1151
1151
1151
1151
1151
1151
1159
1163
1163
1163
1163
1163
1166
1166
1166
1166
1172
1194
1198
1198
1198
1207
1207
1212
1216
1224
1224
1233
1233
1244
1244
1257
1259
1260
1260
1268
1286
1288
1288
1292
1292
1300
1301
1316
1316
1316
1316
1316
1316
1321
1321
1335
1341
1341
1341
1341
1341
1341
1341
1341
1341
1341
1341
1341
1341
1341
1341
1341
1341
1341
1341
1341
1342
1342
1342
1342
1342
1343
1351
1351
1351
1351
1351
1351
1354
1354
1354
1356
1371
1371
1377
1398
1398
1398
1408
1432
1432
1432
1433
1433
1435
1440
1440
1451
1451
1451
1461
1464
1464
1464
1466
1483
1498
1498
1498
1498
1498
1505
1514
1526
1526
1542
1567
1576
1596
1599
1599
1599
1600
1605
1630
1631
1631
1631
1635
1637
1656
1664
1672
1672
1672
1672
1672
1687
1691
1701
1704
1704
1704
1704
1706
1713
1713
1713
