0
0
0
6
7
27
27
27
27
27
30
30
30
30
30
39
39
42
44
44
44
48
48
48
48
48
49
53
53
53
53
53
53
53
53
53
70
79
100
100
108
108
108
108
131
149
154
169
176
183
183
183
183
183
183
205
225
225
225
241
241
241
246
260
285
292
292
292
292
292
292
298
311
315
326
326
339
348
348
348
348
348
351
352
352
352
362
367
367
367
367
367
367
367
370
370
370
381
381
381
381
381
381
381
390
390
390
390
395
409
409
413
413
413
413
415
415
415
415
415
428
428
428
428
428
429
429
429
432
432
444
472
489
489
489
494
494
494
508
519
519
524
543
549
549
568
568
568
568
597
621
624
624
652
652
659
659
663
682
684
684
684
684
684
686
698
702
702
702
702
702
702
702
702
702
702
702
702
702
702
702
706
706
710
713
713
713
718
723
723
723
734
741
743
743
743
743
743
744
744
744
744
760
773
775
788
788
788
788
788
788
788
788
788
801
803
803
803
803
803
810
810
812
815
826
846
851
851
851
864
864
872
880
883
883
892
894
903
903
918
918
919
919
930
948
951
951
958
958
966
970
983
983
983
983
983
983
991
991
1007
1012
1012
1012
1012
1012
1012
1012
1012
1012
1012
1012
1012
1012
1012
1013
1013
1013
1013
1013
1016
1017
1018
1018
1018
1018
1022
1031
1031
1031
1031
1031
1031
1038
1038
1038
1044
1058
1058
1066
1087
1087
1087
1106
1125
1125
1125
1130
1130
1142
1142
1144
1157
1157
1157
1172
1172
1172
1172
1182
1196
1212
1212
1212
1213
1213
1223
1236
1245
1245
1264
1291
1299
1319
1319
1319
1324
1324
1332
1357
1357
1357
1360
1364
1367
1387
1393
1402
1402
1402
1406
1406
1427
1429
1438
1440
1440
1440
1440
1444
1451
1451
1451
1451
1451
1457
1457
1457
1457
1463
1470
1470
1470
1470
1470
1471
1486
1486
1486
1486
1486
1486
1486
1486
1486
1486
1486
1490
1490
1490
1491
1503
1503
1503
1520
1522
1522
1533
1550
1550
1550
1550
1550
1552
1556
1561
1572
1572
1578
1581
1581
1581
1581
1581
1598
1616
1616
1616
1616
1616
1625
1632
1650
1652
1656
1671
1671
1680
1680
1680
1680
1680
1686
1696
1696
1696
1701
1710
1710
1719
1719
1720
1720
1720
1724
1724
1746
1746
1747
1759
1759
1759
1759
1759
1759
1759
1759
1767
1767
1773
1773
1778
1778
1782
1782
1782
1782
1782
1782
1782
1791
1794
1794
1794
1794
1800
1800
1800
1800
1800
1815
1818
1826
1826
1829
1841
1841
1841
1861
1883
1885
1900
1905
1908
1908
1908
1908
1918
1919
1933
1952
1952
