0
0
0
5
6
24
24
24
24
24
27
27
27
27
27
34
34
37
37
37
37
40
40
40
40
40
40
45
45
45
45
45
45
45
45
45
62
71
90
90
96
96
96
96
119
136
140
156
162
170
170
170
170
170
170
190
209
209
209
224
224
224
226
241
265
274
274
274
274
274
274
280
293
297
307
307
320
326
326
326
326
326
330
330
330
330
339
344
344
344
344
344
344
344
346
346
346
359
359
359
359
359
359
359
366
366
366
366
369
383
383
386
386
386
386
386
386
386
386
386
395
399
399
399
399
399
399
399
400
400
409
438
456
456
456
458
458
458
470
481
481
487
504
511
511
530
530
530
530
555
581
582
582
606
606
617
617
620
639
639
639
639
639
639
639
651
653
653
653
653
653
653
653
653
653
653
653
653
653
653
653
656
656
659
660
660
660
667
670
670
670
679
686
688
688
688
688
688
688
688
688
688
700
712
714
728
728
728
728
728
728
728
728
728
738
740
740
740
740
740
747
747
747
747
758
777
781
781
781
791
791
797
805
810
810
817
821
828
829
842
843
845
845
856
872
875
875
881
881
889
892
904
904
904
904
904
904
912
912
926
932
932
932
932
932
932
932
932
932
932
932
932
932
932
932
932
932
932
932
932
933
933
933
933
933
935
943
943
943
943
943
943
949
949
949
953
968
969
976
995
995
995
1012
1033
1033
1033
1034
1034
1042
1042
1042
1055
1055
1055
1069
1069
1069
1069
1078
1090
1104
1104
1104
1104
1104
1113
1125
1135
1135
1156
1180
1188
1209
1209
1209
1211
1211
1220
1242
1243
1243
1245
1249
1251
1274
1280
1286
1286
1286
1287
1287
1307
1307
1318
1320
1320
1320
1320
1322
1329
1329
1329
1329
1329
1332
1332
1332
1332
1335
1344
1344
1344
1344
1344
1344
1357
1357
1357
1357
1357
1357
1357
1357
1357
1357
1357
1359
1359
1359
1359
1367
1367
1367
1385
1385
1385
1394
1411
1411
1411
1411
1411
1411
1417
1423
1432
1432
1436
1436
1436
1436
1436
1436
1449
1470
1470
1470
1470
1472
1479
1487
1504
1507
1512
1526
1526
1535
1535
1535
1535
1535
1538
1548
1548
1548
1553
1560
1560
1567
1567
1568
1568
1568
1571
1571
1591
1591
1591
1601
1601
1601
1601
1601
1601
1601
1601
1608
1608
1613
1613
1616
1616
1618
1618
1618
1618
1618
1618
1618
1627
1630
1630
1630
1630
1634
1634
1634
1634
1634
1649
1653
1662
1662
1665
1675
1675
1675
1694
1715
1719
1734
1739
1742
1742
1742
1742
1752
1754
1766
1783
1783
