0
1
5
8
8
8
14
14
16
16
16
16
16
16
16
30
30
30
30
35
35
35
35
35
35
52
61
61
65
75
75
75
94
95
119
135
135
140
142
142
142
142
153
159
181
184
184
184
184
184
184
184
204
217
217
217
217
217
217
222
249
250
259
259
267
269
269
269
269
269
281
298
298
298
303
315
315
325
325
325
325
325
337
337
340
349
349
369
369
369
369
369
371
371
371
371
371
380
380
380
382
382
382
382
387
387
387
387
387
390
390
390
390
390
390
390
390
390
393
417
436
436
444
444
444
444
466
480
489
497
508
519
519
519
519
519
519
528
558
558
558
568
571
571
571
586
611
620
620
620
620
620
620
620
637
637
647
652
662
671
671
671
671
671
672
676
676
676
680
689
689
689
689
689
689
689
693
693
693
702
702
702
703
703
703
703
706
709
709
709
716
726
726
727
727
727
727
727
727
727
727
727
730
737
737
737
737
737
737
737
739
739
739
775
794
794
794
797
797
797
810
821
821
821
831
851
851
864
869
869
869
886
919
922
922
931
946
949
956
960
977
980
980
980
980
980
980
980
996
996
996
996
996
996
996
996
996
996
996
996
996
996
996
1000
1000
1003
1006
1006
1006
1008
1016
1016
1016
1023
1030
1032
1034
1034
1034
1034
1034
1034
1034
1034
1049
1060
1062
1073
1076
1076
1076
1076
1076
1076
1076
1076
1079
1093
1093
1093
1093
1093
1098
1098
1098
1098
1100
1129
1133
1133
1133
1145
1145
1153
1154
1166
1166
1172
1173
1185
1185
1197
1198
1200
1200
1206
1227
1229
1229
1229
1235
1238
1245
1258
1258
1258
1258
1258
1258
1259
1263
1270
1284
1284
1284
1284
1284
1284
1284
1284
1284
1284
1284
1284
1284
1284
1284
1284
1284
1284
1284
1284
1284
1287
1287
1287
1287
1290
1298
1299
1299
1299
1299
1299
1302
1304
1304
1309
1323
1323
1330
1348
1349
1349
1353
1373
1384
1384
1387
1387
1387
1397
1397
1410
1410
1410
1415
1424
1424
1424
1424
1446
1457
1460
1460
1460
1460
1470
1471
1489
1490
1508
1519
1542
1559
1564
1564
1567
1567
1575
1598
1599
1599
1599
1604
1607
1627
1634
1643
1643
1643
1645
1645
1659
1665
1665
1678
1678
1678
1678
1678
1687
1687
1687
1687
1687
1689
1689
1689
1689
1689
1702
1702
1702
1702
1702
1702
1708
1716
1716
1716
1716
1716
1716
1716
1716
1716
1716
1719
1719
1719
1719
1729
1729
1729
1746
1748
1748
1748
1769
1774
1774
1774
1774
1774
1779
1783
1795
1795
1800
1801
1801
1801
1801
1801
1815
1836
1836
1836
1836
1836
