0
0
0
8
8
25
25
25
25
25
29
29
29
29
29
37
37
39
39
39
39
42
42
42
42
42
44
47
47
47
47
47
47
47
47
47
63
73
92
92
101
101
101
101
123
140
144
159
166
173
173
173
173
173
173
192
211
211
211
226
226
226
229
241
266
274
274
274
274
274
274
278
292
295
305
305
318
324
324
324
324
324
325
328
328
328
337
342
342
342
342
342
342
342
344
344
344
355
355
355
355
355
355
355
360
360
360
360
363
378
378
380
380
380
380
380
380
380
380
380
387
394
394
394
394
395
395
395
396
396
406
433
450
450
451
454
454
454
466
479
479
484
501
509
509
527
527
527
527
552
577
579
579
604
604
612
612
617
635
637
637
637
637
637
637
649
652
652
652
652
652
652
652
652
652
652
652
652
652
652
652
654
654
658
658
658
658
663
668
668
668
677
686
687
687
687
687
687
687
687
687
687
700
714
716
727
727
727
727
727
727
727
727
727
738
741
741
741
741
741
746
746
746
746
757
778
783
783
783
794
794
800
809
813
813
822
825
832
832
847
848
848
848
857
874
876
876
882
882
892
895
905
905
905
905
905
905
910
910
926
932
932
932
932
932
932
932
932
932
932
932
932
932
932
932
932
932
932
932
932
934
934
934
934
934
937
946
946
946
946
946
946
950
950
950
955
968
970
978
997
997
997
1012
1033
1033
1033
1034
1034
1044
1044
1044
1057
1057
1057
1070
1070
1070
1070
1078
1092
1105
1105
1105
1105
1105
1113
1126
1134
1134
1151
1178
1185
1208
1208
1208
1213
1213
1221
1244
1245
1245
1248
1250
1252
1274
1280
1289
1289
1289
1290
1290
1310
1311
1322
1324
1324
1324
1324
1328
1336
1336
1336
1336
1336
1340
1340
1340
1340
1344
1353
1353
1353
1353
1353
1353
1367
1367
1367
1367
1367
1367
1367
1367
1367
1367
1367
1369
1369
1369
1369
1378
1378
1378
1395
1397
1397
1407
1424
1424
1424
1424
1424
1424
1428
1435
1444
1444
1448
1450
1450
1450
1450
1450
1464
1485
1485
1485
1485
1485
1493
1501
1518
1520
1528
1540
1540
1550
1550
1550
1550
1550
1555
1562
1562
1562
1567
1574
1574
1583
1583
1584
1584
1584
1588
1588
1608
1608
1608
1618
1618
1618
1618
1618
1618
1618
1618
1624
1624
1628
1628
1632
1632
1634
1634
1634
1634
1634
1634
1634
1643
1646
1646
1646
1646
1649
1649
1649
1649
1649
1662
1667
1675
1675
1679
1688
1688
1688
1708
1730
1733
1749
1754
1756
1756
1756
1756
1767
1767
1781
1800
1800
