0
0
0
0
0
0
0
0
0
0
0
0
0
0
0
0
2
2
2
2
2
12
12
12
12
12
12
12
16
16
19
35
35
41
51
61
61
61
87
100
100
100
101
101
109
109
122
122
122
123
135
135
135
135
154
166
171
171
171
171
180
184
196
202
213
226
256
267
277
277
279
279
279
309
311
311
311
317
317
324
348
354
354
354
354
355
355
377
377
388
389
389
389
389
399
399
399
399
399
402
402
402
402
402
407
414
414
414
414
414
414
427
427
427
427
427
427
427
427
427
427
427
429
429
429
438
438
438
448
457
457
457
478
482
482
482
482
482
487
487
502
502
502
506
506
506
506
506
515
540
540
540
540
540
546
549
567
575
579
583
596
605
605
605
605
605
605
619
619
619
619
629
631
631
638
638
639
639
641
642
648
663
663
671
673
673
673
673
673
673
673
673
681
686
686
686
689
689
691
691
691
691
691
691
691
703
703
703
703
707
707
707
707
707
707
725
735
735
738
748
748
748
758
768
793
799
807
816
816
816
816
816
828
828
857
857
857
857
857
857
857
857
877
888
888
888
888
888
888
891
912
921
924
931
939
939
939
939
939
939
951
968
968
968
968
984
984
986
994
994
994
994
1007
1007
1007
1019
1019
1037
1037
1037
1037
1037
1040
1040
1040
1040
1040
1047
1047
1047
1050
1050
1050
1050
1054
1054
1054
1054
1054
1059
1059
1059
1059
1059
1059
1059
1059
1059
1061
1085
1104
1104
1110
1110
1110
1110
1129
1132
1153
1156
1173
1183
1183
1183
1183
1183
1183
1190
1222
1222
1222
1223
1238
1238
1238
1254
1278
1288
1288
1288
1288
1288
1288
1288
1305
1307
1317
1321
1330
1340
1340
1340
1340
1340
1340
1344
1344
1344
1347
1358
1358
1358
1358
1358
1358
1358
1360
1360
1360
1366
1373
1373
1373
1373
1373
1373
1373
1379
1379
1379
1382
1397
1397
1397
1400
1400
1400
1400
1400
1400
1400
1400
1400
1412
1412
1412
1412
1412
1412
1412
1413
1413
1413
1444
1469
1469
1469
1472
1472
1472
1485
1486
1496
1496
1506
1525
1525
1533
1544
1544
1544
1552
1593
1596
1596
1600
1619
1622
1630
1634
1650
1653
1653
1653
1653
1653
1653
1653
1667
1668
1668
1668
1668
1668
1668
1668
1668
1668
1668
1668
1668
1668
1668
1672
1672
1672
1675
1675
1675
1676
1686
1686
1686
1688
1699
1702
1704
1704
1704
1704
1704
1704
1704
1704
1716
1729
1730
1734
1744
1744
1744
1744
1744
1744
1744
1744
1744
1756
1756
1756
1756
1756
1756
1762
1762
1762
1762
1787
1796
1796
1796
