0
0
0
0
0
0
0
0
0
0
0
0
0
0
0
0
2
2
2
2
2
12
13
13
13
13
13
13
19
19
22
38
38
41
52
64
64
64
87
100
100
100
102
102
110
110
124
124
124
124
137
137
137
137
154
166
170
170
170
170
177
178
193
198
208
220
250
263
272
272
275
275
275
303
307
307
307
310
310
316
341
348
349
349
349
349
349
372
372
382
383
383
383
383
392
392
392
392
392
395
395
395
395
395
400
406
406
406
406
406
406
419
419
419
419
419
419
419
419
419
419
419
420
420
420
427
427
427
435
444
445
445
466
473
473
473
473
473
478
478
491
491
491
495
495
495
495
495
504
529
529
529
529
529
533
536
554
563
567
570
583
592
592
592
592
592
592
604
604
604
604
613
615
615
621
621
623
623
623
625
630
645
645
654
655
655
655
655
655
655
655
655
661
664
664
664
668
668
669
669
669
669
669
669
669
681
681
681
681
684
684
684
684
684
684
701
709
709
712
721
721
721
728
738
763
769
780
785
785
785
785
785
796
796
824
826
826
826
826
826
826
826
846
857
857
857
857
857
857
859
878
888
889
896
904
904
904
904
904
904
915
933
933
933
933
949
949
949
956
956
956
956
967
967
967
979
979
997
997
997
997
997
999
999
999
999
999
1005
1005
1005
1008
1008
1008
1008
1011
1011
1011
1011
1011
1014
1014
1014
1014
1014
1014
1014
1014
1014
1014
1038
1058
1058
1063
1063
1063
1063
1082
1086
1106
1109
1125
1137
1137
1137
1137
1137
1137
1144
1175
1175
1175
1176
1188
1188
1188
1201
1227
1236
1236
1236
1236
1236
1236
1236
1250
1251
1260
1264
1273
1283
1283
1283
1283
1283
1283
1287
1287
1287
1289
1300
1300
1300
1300
1300
1300
1300
1301
1301
1301
1306
1312
1312
1312
1312
1312
1312
1312
1316
1316
1316
1321
1333
1333
1333
1335
1335
1335
1335
1335
1335
1335
1335
1335
1345
1345
1345
1345
1345
1345
1345
1347
1347
1347
1379
1401
1401
1401
1403
1403
1403
1417
1417
1427
1427
1433
1455
1455
1464
1474
1474
1474
1482
1524
1525
1525
1528
1548
1551
1557
1561
1577
1581
1581
1581
1581
1581
1581
1581
1596
1596
1596
1596
1596
1596
1596
1596
1596
1596
1596
1596
1596
1596
1596
1599
1599
1599
1602
1602
1602
1602
1610
1610
1610
1610
1622
1626
1627
1627
1627
1627
1627
1627
1627
1627
1639
1652
1652
1657
1667
1667
1667
1667
1667
1667
1667
1667
1667
1679
1679
1679
1679
1679
1679
1683
1683
1683
1683
1706
1715
1715
1715
