0
0
0
0
0
6
10
23
23
28
29
29
29
29
29
42
64
64
64
64
64
71
74
100
101
109
120
121
131
131
131
131
131
136
148
148
148
155
161
161
173
173
173
173
173
178
178
201
201
201
215
215
215
215
215
215
215
215
223
223
228
228
234
235
240
240
240
240
240
240
240
249
254
254
254
254
263
263
263
263
263
263
285
294
294
300
309
309
309
329
342
354
371
371
378
378
378
378
383
389
405
421
421
421
422
422
422
422
422
444
454
454
454
454
454
457
459
487
487
500
500
508
509
509
509
509
509
524
543
543
543
562
562
562
571
571
575
575
575
590
590
595
604
604
620
620
620
620
620
624
624
624
624
624
632
632
637
639
639
639
639
644
644
644
644
644
651
651
651
651
651
651
651
652
652
662
682
700
700
708
709
709
709
735
749
757
770
779
787
787
787
787
787
787
807
828
828
828
843
845
845
845
860
886
895
895
895
895
895
895
902
915
915
931
931
946
951
951
951
952
952
954
959
959
959
967
973
973
974
974
974
974
974
982
982
982
993
994
994
994
994
994
994
1001
1003
1003
1005
1010
1023
1023
1026
1026
1026
1026
1026
1029
1029
1029
1029
1037
1041
1041
1041
1041
1043
1043
1043
1046
1046
1050
1088
1102
1102
1103
1107
1107
1107
1121
1136
1136
1145
1157
1169
1169
1189
1189
1189
1189
1212
1242
1243
1243
1268
1268
1278
1278
1284
1300
1302
1302
1302
1302
1302
1303
1316
1320
1320
1320
1320
1323
1323
1323
1323
1323
1323
1323
1323
1323
1324
1326
1330
1330
1334
1340
1340
1340
1344
1351
1351
1351
1360
1368
1374
1374
1374
1374
1374
1375
1375
1375
1375
1392
1406
1408
1417
1419
1419
1419
1419
1419
1419
1419
1419
1431
1433
1433
1433
1433
1433
1441
1441
1442
1445
1453
1476
1481
1481
1481
1492
1492
1500
1503
1512
1512
1524
1524
1538
1538
1549
1549
1551
1551
1562
1580
1585
1585
1593
1593
1600
1603
1616
1616
1616
1616
1616
1616
1624
1624
1639
1644
1644
1644
1644
1644
1644
1644
1644
1644
1644
1644
1644
1650
1650
1650
1652
1652
1652
1652
1652
1654
1654
1654
1654
1654
1661
1669
1669
1669
1669
1669
1669
1676
1676
1676
1682
1697
1698
1707
1727
1727
1727
1739
1765
1765
1765
1768
1768
1777
1781
1781
1795
1795
1795
1808
1812
1812
1812
1816
1836
1853
1853
1853
1854
1854
1864
1874
1887
1887
1909
1931
1941
1960
1963
1963
1966
1968
1979
2003
2005
2005
2008
2013
2015
2034
2042
2050
2050
2050
2052
2052
2071
2076
2084
2088
2088
2088
2088
2093
2101
2101
2101
